3.28018 -0.0217363 0.00199057 -2.5925e-05
3.224 2.997 -1.738
3.214 2.97 -1.727
3.221 2.957 -1.726
3.226 2.943 -1.724
3.225 2.925 -1.718
3.225 2.906 -1.713
3.224 2.896 -1.71
3.225 2.878 -1.705
3.224 2.86 -1.699
3.233 2.85 -1.699
3.236 2.835 -1.696
3.236 2.816 -1.691
3.233 2.796 -1.685
3.2 3.636 -1.721
3.205 3.619 -1.717
3.196 3.587 -1.706
3.213 3.582 -1.708
3.202 3.549 -1.696
3.203 3.528 -1.691
3.213 3.516 -1.69
3.206 3.498 -1.683
3.209 3.479 -1.679
3.21 3.458 -1.673
3.216 3.443 -1.67
3.193 4.29 -1.701
3.194 4.263 -1.694
3.192 4.234 -1.685
3.199 4.215 -1.682
3.198 4.186 -1.674
3.206 4.169 -1.671
3.21 4.148 -1.666
3.199 4.121 -1.656
3.202 4.098 -1.651
3.21 4.082 -1.648
3.207 4.942 -1.702
3.204 4.903 -1.691
3.208 4.875 -1.685
3.225 4.868 -1.686
3.218 4.823 -1.673
3.219 4.792 -1.665
3.219 4.776 -1.661
3.215 4.737 -1.65
3.188 5.857 -1.689
3.201 5.839 -1.686
3.214 5.819 -1.683
3.189 5.751 -1.664
3.217 5.759 -1.669
3.21 5.704 -1.655
3.228 5.694 -1.655
3.226 5.648 -1.644
3.229 5.613 -1.636
3.19 7.065 -1.673
3.203 7.036 -1.668
3.223 7.022 -1.667
3.231 6.98 -1.659
3.211 6.908 -1.641
3.219 6.868 -1.634
3.243 6.863 -1.635
3.243 6.809 -1.624
3.242 6.751 -1.612
3.148 8.817 -1.688
3.14 8.705 -1.667
3.084 8.508 -1.628
3.115 8.509 -1.63
3.155 8.535 -1.637
3.197 8.567 -1.646
3.207 8.513 -1.637
3.193 8.392 -1.614
3.225 8.399 -1.617
3.223 8.353 -1.609
3.243 8.327 -1.606
3.256 8.284 -1.599
3.269 8.24 -1.592
3.127 10.786 -1.658
3.161 10.774 -1.658
3.182 10.723 -1.651
3.198 10.654 -1.641
3.208 10.564 -1.628
3.228 10.511 -1.621
3.233 10.47 -1.615
3.247 10.397 -1.604
3.249 14.096 -1.651
3.287 14.057 -1.647
3.298 13.91 -1.629
3.307 13.754 -1.61
3.293 13.603 -1.591
3.3 13.45 -1.572
3.307 13.297 -1.553
3.309 18.365 -1.633
3.362 18.325 -1.63
3.378 18.094 -1.608
3.387 17.831 -1.582
3.391 17.548 -1.555
3.402 17.311 -1.533
3.397 24.04 -1.588
3.463 23.964 -1.583
3.478 23.543 -1.552
3.538 23.443 -1.546
3.538 22.951 -1.51
6.62 34.386 -1.555
6.71 34.272 -1.55
6.799 34.159 -1.545
6.883 34.022 -1.539
6.834 33.504 -1.513
6.849 33.05 -1.491
14.843 54.647 -0.982
14.95 54.365 -0.977
15.061 54.102 -0.972
15.089 53.877 -0.968
15.188 53.581 -0.963
15.284 53.283 -0.957
15.409 53.087 -0.954
15.539 52.915 -0.951
15.646 52.667 -0.947
15.693 52.524 -0.944
15.786 52.235 -0.939
15.895 52.005 -0.935
16.019 51.829 -0.932
