4.12614 0.00756653 0.000709111 -2.10116e-05
4.095 2.778 -1.76
4.085 2.753 -1.752
4.087 2.736 -1.749
4.1 2.726 -1.751
4.111 2.714 -1.752
4.115 2.708 -1.752
4.119 2.692 -1.75
4.119 2.674 -1.746
4.115 2.653 -1.74
4.142 2.652 -1.749
4.144 2.635 -1.746
4.152 2.622 -1.746
4.149 2.611 -1.743
4.147 2.592 -1.738
4.154 2.578 -1.738
4.16 2.564 -1.737
4.156 2.543 -1.731
4.157 2.526 -1.728
4.158 2.517 -1.727
4.156 2.499 -1.723
4.154 2.48 -1.718
4.165 2.469 -1.72
4.163 2.45 -1.716
4.156 2.428 -1.709
4.171 3.535 -1.741
4.173 3.526 -1.74
4.171 3.502 -1.734
4.173 3.481 -1.731
4.18 3.465 -1.729
4.172 3.436 -1.72
4.168 3.411 -1.714
4.178 3.408 -1.716
4.163 3.375 -1.705
4.174 3.362 -1.705
4.181 3.346 -1.703
4.168 3.314 -1.693
4.178 3.301 -1.693
4.18 3.281 -1.689
4.172 3.264 -1.683
4.174 3.245 -1.68
4.184 4.285 -1.732
4.187 4.261 -1.727
4.183 4.243 -1.723
4.178 4.211 -1.714
4.185 4.192 -1.712
4.18 4.16 -1.704
4.189 4.143 -1.702
4.21 4.138 -1.705
4.196 4.098 -1.694
4.195 4.084 -1.691
4.2 4.063 -1.687
4.193 4.031 -1.679
4.197 5.496 -1.756
4.197 5.477 -1.752
4.194 5.438 -1.743
4.196 5.405 -1.736
4.201 5.377 -1.731
4.199 5.339 -1.722
4.212 5.321 -1.721
4.21 5.285 -1.713
4.201 5.256 -1.705
4.212 6.901 -1.75
4.23 6.881 -1.748
4.239 6.848 -1.743
4.239 6.8 -1.733
4.247 6.765 -1.727
4.247 6.717 -1.718
4.251 6.677 -1.711
4.242 6.639 -1.702
4.25 6.606 -1.697
4.266 8.393 -1.698
4.264 8.326 -1.687
4.269 8.27 -1.677
4.268 8.236 -1.671
4.264 8.166 -1.659
4.266 8.106 -1.649
4.276 8.065 -1.643
4.264 10.641 -1.695
4.274 10.569 -1.685
4.279 10.488 -1.673
4.284 10.405 -1.662
4.273 10.332 -1.65
4.277 10.249 -1.638
4.285 10.177 -1.628
4.318 13.862 -1.658
4.339 13.779 -1.648
4.349 13.659 -1.634
4.333 13.537 -1.619
4.332 13.392 -1.601
4.33 13.244 -1.583
4.354 13.178 -1.576
4.368 17.643 -1.585
4.387 17.48 -1.57
4.371 17.303 -1.553
4.378 17.102 -1.534
4.385 16.905 -1.515
4.408 16.776 -1.504
4.443 16.699 -1.497
4.387 23.121 -1.533
4.452 23.066 -1.53
4.43 22.761 -1.507
4.441 22.436 -1.484
4.449 22.113 -1.461
4.475 21.884 -1.445
4.541 21.858 -1.444
11.474 25.074 -1.181
11.487 24.896 -1.173
11.482 24.681 -1.163
11.447 24.503 -1.154
11.441 24.292 -1.145
11.429 24.07 -1.134
11.437 23.891 -1.126
