-7.95247 0.0107897 0.000184172 1.40563e-05
-7.905 4.766 -1.663
-7.91 4.803 -1.667
-7.895 4.827 -1.667
-7.907 4.869 -1.673
-7.896 4.896 -1.674
-7.9 4.916 -1.677
-7.898 4.949 -1.68
-7.899 4.984 -1.684
-7.907 5.024 -1.689
-7.904 5.057 -1.692
-7.882 5.078 -1.691
-7.879 5.111 -1.694
-7.874 5.143 -1.696
-7.878 5.163 -1.699
-7.876 5.197 -1.703
-7.868 5.228 -1.704
-7.881 5.272 -1.711
-7.876 5.304 -1.714
-7.871 5.337 -1.717
-7.89 7.857 -1.643
-7.891 7.907 -1.649
-7.89 7.956 -1.654
-7.874 7.99 -1.656
-7.902 8.044 -1.665
-7.892 8.084 -1.669
-7.886 8.128 -1.673
-7.889 8.183 -1.68
-7.88 8.225 -1.683
-7.863 8.259 -1.686
-7.867 8.316 -1.693
-7.864 8.338 -1.695
-7.767 11.833 -1.611
-7.751 11.889 -1.616
-7.755 11.978 -1.626
-7.74 12.037 -1.631
-7.756 12.105 -1.639
-7.748 12.176 -1.647
-7.731 12.234 -1.652
-7.721 12.303 -1.658
-7.7 12.356 -1.663
-7.645 16.415 -1.578
-7.666 16.528 -1.589
-7.655 16.64 -1.599
-7.637 16.739 -1.607
-7.627 16.857 -1.617
-7.622 16.988 -1.629
-7.578 17.033 -1.631
-7.487 22.367 -1.537
-7.473 22.559 -1.55
-7.447 22.721 -1.561
-7.432 22.919 -1.574
-7.4 23.065 -1.584
-7.384 23.265 -1.597
-7.373 23.357 -1.603
-6.778 35.835 -1.418
-6.689 35.987 -1.424
-6.697 36.346 -1.44
-6.638 36.675 -1.454
-6.59 37.078 -1.471
-6.534 37.443 -1.487
-6.442 37.617 -1.494
-6.319 37.605 -1.492
-9.028 58.709 -1.04
-8.937 59.356 -1.054
-8.842 60.007 -1.067
-8.74 60.636 -1.079
-8.644 61.34 -1.094
