4.91365 0.0076029 -0.0105522 0.000279168
4.63 4.804 -1.69
4.643 4.787 -1.689
4.646 4.775 -1.687
4.647 4.746 -1.682
4.637 4.706 -1.672
4.656 4.696 -1.674
4.665 4.675 -1.672
4.664 4.644 -1.665
4.666 4.617 -1.661
4.666 4.603 -1.658
4.668 4.576 -1.653
4.669 4.548 -1.648
4.667 4.517 -1.642
4.678 4.5 -1.641
4.682 4.476 -1.637
4.603 6.172 -1.66
4.606 6.135 -1.654
4.607 6.116 -1.65
4.608 6.078 -1.644
4.618 6.051 -1.64
4.62 6.015 -1.634
4.621 5.977 -1.627
4.62 5.936 -1.619
4.634 5.916 -1.618
4.62 5.879 -1.609
4.272 8.373 -1.695
4.289 8.342 -1.692
4.287 8.305 -1.685
4.301 8.269 -1.68
4.279 8.163 -1.66
4.289 8.12 -1.654
4.306 8.091 -1.65
4.316 8.048 -1.644
6.46 9.203 -1.66
6.472 9.158 -1.656
6.492 9.125 -1.653
6.516 9.098 -1.652
6.532 9.06 -1.648
6.538 9.009 -1.642
6.538 8.979 -1.639
6.544 8.929 -1.633
6.558 8.889 -1.629
6.562 8.835 -1.622
6.574 8.794 -1.618
6.608 8.781 -1.62
6.629 8.752 -1.618
6.627 8.692 -1.61
6.63 8.667 -1.608
6.315 13.191 -1.671
6.312 13.08 -1.658
6.325 13.054 -1.656
6.332 12.965 -1.646
6.377 12.954 -1.647
6.402 12.903 -1.643
6.44 12.878 -1.642
6.475 12.847 -1.641
6.483 12.763 -1.632
6.484 12.716 -1.626
6.53 12.707 -1.628
6.514 12.579 -1.613
5.827 18.18 -1.675
5.874 18.127 -1.671
5.917 18.067 -1.667
5.965 18.024 -1.665
5.994 17.92 -1.656
5.99 17.631 -1.629
6.049 17.622 -1.63
6.075 17.518 -1.621
10.41 28.601 -2.042
10.45 28.433 -2.031
10.413 28.196 -2.014
10.469 28.075 -2.007
10.503 27.899 -1.995
10.537 27.724 -1.984
15.648 51.398 -2.186
15.687 51.235 -2.18
15.804 51.045 -2.173
15.921 50.858 -2.167
16.035 50.663 -2.16
16.142 50.45 -2.152
16.259 50.27 -2.146
16.362 50.052 -2.138
16.394 49.885 -2.132
13.976 75.242 -1.4
14.08 74.498 -1.385
14.19 73.81 -1.371
14.294 73.111 -1.357
14.405 72.468 -1.344
