-8.27162 -0.0021218 -0.000416249 2.92588e-05
-8.319 4.098 -1.671
-8.325 4.117 -1.674
-8.323 4.148 -1.676
-8.311 4.175 -1.676
-8.319 4.212 -1.681
-8.324 4.247 -1.685
-8.326 4.281 -1.688
-8.325 4.313 -1.691
-8.311 4.323 -1.689
-8.323 4.363 -1.695
-8.324 4.396 -1.698
-8.329 4.432 -1.702
-8.31 4.456 -1.701
-8.311 4.49 -1.704
-8.323 4.53 -1.71
-8.314 4.542 -1.71
-8.312 4.575 -1.712
-8.308 4.607 -1.715
-8.317 4.646 -1.72
-8.301 4.671 -1.72
-8.298 4.704 -1.722
-8.343 7.255 -1.63
-8.347 7.305 -1.636
-8.361 7.34 -1.641
-8.354 7.381 -1.645
-8.341 7.416 -1.647
-8.353 7.474 -1.655
-8.349 7.517 -1.659
-8.332 7.55 -1.66
-8.341 7.605 -1.667
-8.329 7.618 -1.667
-8.328 7.666 -1.672
-8.343 7.728 -1.681
-8.336 7.77 -1.684
-8.321 11.653 -1.632
-8.319 11.727 -1.64
-8.311 11.794 -1.646
-8.3 11.858 -1.652
-8.293 11.928 -1.659
-8.287 11.999 -1.666
-8.314 12.08 -1.676
-8.304 12.147 -1.683
-8.34 16.088 -1.58
-8.33 16.192 -1.588
-8.327 16.312 -1.599
-8.313 16.411 -1.607
-8.302 16.517 -1.616
-8.288 16.62 -1.624
-8.294 16.697 -1.631
-8.27 16.782 -1.637
-8.242 22.381 -1.556
-8.216 22.527 -1.566
-8.212 22.736 -1.58
-8.186 22.889 -1.59
-8.165 23.058 -1.601
-8.123 23.172 -1.608
-8.087 23.303 -1.616
-7.458 36.895 -1.471
-7.401 37.212 -1.484
-7.357 37.609 -1.501
-7.31 38.007 -1.518
-7.249 38.338 -1.532
-7.258 38.717 -1.548
-7.179 38.975 -1.559
-9.894 61.143 -1.094
-9.873 61.63 -1.104
-9.723 61.942 -1.11
-9.636 62.671 -1.124
-9.509 63.17 -1.134
-9.389 63.73 -1.146
-9.236 64.086 -1.153
