-7.76436 -0.160553 0.0110737 -0.000204173
-5.375 4.101 -1.889
-5.372 4.125 -1.892
-5.387 4.164 -1.903
-5.364 4.173 -1.899
-5.383 4.201 -1.909
-5.386 4.231 -1.915
-5.466 4.322 -1.951
-5.491 4.371 -1.965
-5.451 3.822 -1.686
-5.472 3.862 -1.697
-5.476 3.89 -1.702
-5.476 3.903 -1.704
-5.463 3.921 -1.704
-5.456 3.941 -1.706
-5.465 3.974 -1.713
-5.456 3.993 -1.714
-5.473 4.032 -1.724
-5.474 4.06 -1.729
-5.466 4.067 -1.728
-5.48 4.104 -1.737
-8.212 16.62 -2.077
-8.196 16.719 -2.087
-8.219 16.831 -2.1
-8.217 16.962 -2.115
-8.178 17.019 -2.119
-8.138 17.071 -2.122
-8.109 17.15 -2.13
-8.067 17.201 -2.133
-8.18 21.179 -2.03
-8.162 21.329 -2.043
-8.191 21.505 -2.06
-8.168 21.65 -2.073
-8.164 21.845 -2.09
-8.151 22.02 -2.106
-8.095 22.083 -2.11
-8.429 30.999 -2.008
-8.363 31.141 -2.016
-8.318 31.37 -2.031
-8.214 31.375 -2.029
-8.148 31.526 -2.038
-8.17 31.819 -2.058
-8.157 32.189 -2.083
-8.104 32.406 -2.096
-19.499 37.837 -1.69
-19.483 38.099 -1.7
-19.494 38.419 -1.713
-19.513 38.758 -1.726
-19.607 39.252 -1.748
