-7.87635 0.00388317 0.000472244 -6.66099e-06
-7.849 3.492 -2.116
-7.842 3.519 -2.117
-7.838 3.547 -2.119
-7.836 3.575 -2.121
-7.837 3.605 -2.125
-7.836 3.635 -2.128
-7.839 3.651 -2.13
-7.836 3.68 -2.133
-7.831 3.708 -2.135
-7.83 3.738 -2.138
-7.831 3.768 -2.141
-7.819 3.793 -2.141
-7.819 3.823 -2.145
-7.823 3.841 -2.148
-7.827 3.873 -2.152
-7.83 3.905 -2.157
-7.82 3.931 -2.158
-7.818 3.961 -2.161
-7.817 3.991 -2.164
-7.808 4.018 -2.165
-7.808 4.034 -2.167
-7.845 6.057 -2.085
-7.853 6.082 -2.09
-7.849 6.119 -2.094
-7.85 6.159 -2.1
-7.841 6.193 -2.103
-7.837 6.229 -2.108
-7.837 6.27 -2.113
-7.829 6.304 -2.117
-7.841 6.334 -2.123
-7.836 6.371 -2.127
-7.828 6.405 -2.131
-7.826 6.445 -2.136
-7.807 6.471 -2.136
-7.756 8.132 -2.051
-7.741 8.167 -2.054
-7.774 8.228 -2.067
-7.786 8.292 -2.078
-7.763 8.319 -2.079
-7.743 8.351 -2.08
-7.729 8.388 -2.084
-7.722 8.434 -2.09
-7.741 8.508 -2.102
-7.773 10.928 -2.004
-7.773 11.001 -2.014
-7.751 11.043 -2.017
-7.763 11.134 -2.03
-7.75 11.191 -2.036
-7.731 11.238 -2.041
-7.747 11.299 -2.05
-7.737 11.36 -2.058
-7.706 11.393 -2.059
-7.673 15.655 -1.941
-7.653 15.74 -1.949
-7.675 15.848 -1.963
-7.655 15.933 -1.971
-7.641 16.032 -1.981
-7.615 16.108 -1.988
-7.578 16.161 -1.992
-7.54 16.212 -1.996
-7.664 19.662 -1.873
-7.609 19.705 -1.875
-7.593 19.848 -1.887
-7.579 19.998 -1.9
-7.598 20.144 -1.915
-7.588 20.309 -1.929
-7.569 20.454 -1.942
-7.497 20.456 -1.94
-7.638 26.178 -1.808
-7.561 26.223 -1.81
-7.531 26.428 -1.824
-7.509 26.667 -1.84
-7.537 26.93 -1.859
-7.521 27.2 -1.878
-7.451 27.279 -1.883
-7.479 40.255 -1.617
-7.414 40.612 -1.633
-7.34 40.938 -1.646
-7.261 41.242 -1.659
-7.224 41.803 -1.683
-7.248 42.34 -1.707
-7.142 42.524 -1.714
-18.779 30.395 -0.544
-18.843 30.715 -0.55
-18.761 30.797 -0.551
-18.767 31.026 -0.555
-18.797 31.187 -0.558
-18.978 31.713 -0.57
-18.842 31.71 -0.568
-18.813 31.89 -0.571
-18.845 32.175 -0.577
-18.778 32.293 -0.578
-18.831 32.502 -0.583
-18.89 32.842 -0.589
-18.761 32.856 -0.588
-18.75 33.077 -0.592
-18.746 33.314 -0.596
