3.80357 -0.0313508 0.00135859 -2.80675e-05
3.724 2.313 -1.731
3.728 2.299 -1.729
3.729 2.284 -1.726
3.723 2.264 -1.72
3.714 2.243 -1.712
3.696 2.217 -1.699
3.684 2.201 -1.692
3.686 2.187 -1.689
3.694 2.176 -1.69
3.726 2.18 -1.703
3.729 2.165 -1.7
3.729 2.15 -1.697
3.721 2.13 -1.69
3.725 2.124 -1.69
3.726 2.11 -1.688
3.731 2.097 -1.687
3.74 2.086 -1.688
3.753 2.078 -1.691
3.744 2.058 -1.684
3.748 2.045 -1.682
3.744 2.035 -1.679
3.734 2.015 -1.672
3.677 3.862 -1.696
3.671 3.832 -1.687
3.671 3.808 -1.681
3.671 3.784 -1.675
3.681 3.771 -1.674
3.679 3.757 -1.671
3.658 3.712 -1.654
3.68 3.712 -1.66
3.682 3.691 -1.655
3.695 3.68 -1.656
3.696 3.658 -1.651
3.687 3.627 -1.641
3.601 4.68 -1.706
3.612 4.664 -1.704
3.617 4.641 -1.7
3.616 4.61 -1.692
3.623 4.602 -1.691
3.638 4.592 -1.692
3.655 4.584 -1.693
3.674 4.579 -1.695
3.671 4.545 -1.687
3.685 4.533 -1.687
3.667 4.481 -1.671
3.649 4.446 -1.659
3.651 4.42 -1.653
3.666 4.41 -1.653
3.689 4.408 -1.658
3.69 4.382 -1.652
3.689 4.353 -1.645
3.694 4.344 -1.643
3.653 5.632 -1.701
3.653 5.595 -1.693
3.652 5.573 -1.687
3.672 5.566 -1.689
3.677 5.535 -1.683
3.686 5.511 -1.678
3.687 5.475 -1.671
3.693 5.446 -1.665
3.691 5.407 -1.656
3.687 5.382 -1.65
3.647 6.942 -1.693
3.652 6.899 -1.685
3.659 6.86 -1.678
3.672 6.832 -1.674
3.673 6.782 -1.664
3.672 6.756 -1.658
3.671 6.703 -1.647
3.682 6.673 -1.642
3.633 8.681 -1.698
3.645 8.632 -1.69
3.65 8.568 -1.679
3.651 8.497 -1.666
3.645 8.446 -1.657
3.648 8.38 -1.645
3.47 10.934 -1.696
3.478 10.842 -1.683
3.486 10.748 -1.669
3.495 10.662 -1.657
3.515 10.61 -1.65
3.524 10.58 -1.646
3.557 10.571 -1.646
3.585 10.543 -1.643
3.554 14.19 -1.672
3.553 14 -1.648
3.557 13.833 -1.628
3.574 13.724 -1.615
3.603 13.659 -1.607
3.599 13.556 -1.595
3.608 13.422 -1.578
3.456 18.678 -1.666
3.506 18.62 -1.661
3.52 18.373 -1.637
3.548 18.211 -1.622
3.565 17.995 -1.602
3.563 17.835 -1.586
3.61 17.779 -1.582
3.207 24.356 -1.609
3.282 24.338 -1.608
3.349 24.256 -1.603
3.412 24.149 -1.596
3.431 24.009 -1.586
3.465 23.716 -1.565
3.491 23.376 -1.54
8.663 35.094 -1.611
8.719 35.084 -1.612
8.702 34.553 -1.586
8.788 34.437 -1.581
8.796 34.018 -1.561
8.833 33.724 -1.547
20.022 71.458 -1.351
19.968 70.839 -1.338
19.989 70.069 -1.323
20.011 69.322 -1.308
20.12 68.888 -1.3
