4.19078 0.0069884 0.00103672 -3.23611e-05
4.226 3.469 -1.741
4.226 3.447 -1.737
4.221 3.421 -1.73
4.219 3.408 -1.727
4.225 3.392 -1.725
4.218 3.364 -1.717
4.234 3.356 -1.72
4.224 3.326 -1.711
4.236 3.314 -1.711
4.242 3.297 -1.709
4.233 3.28 -1.703
4.233 3.259 -1.699
4.227 3.233 -1.692
4.234 3.217 -1.691
4.265 4.153 -1.721
4.264 4.126 -1.715
4.261 4.11 -1.711
4.266 4.089 -1.707
4.266 4.063 -1.702
4.261 4.033 -1.694
4.278 4.023 -1.696
4.268 3.989 -1.687
4.264 3.973 -1.682
4.274 3.957 -1.681
4.259 3.917 -1.669
4.273 5.312 -1.729
4.257 5.275 -1.719
4.259 5.244 -1.712
4.273 5.227 -1.711
4.276 5.198 -1.706
4.276 5.165 -1.699
4.283 5.139 -1.695
4.286 5.111 -1.689
4.277 5.084 -1.682
4.287 5.063 -1.679
4.287 5.03 -1.673
4.281 6.702 -1.719
4.284 6.659 -1.711
4.289 6.644 -1.709
4.296 6.609 -1.703
4.303 6.574 -1.697
4.303 6.53 -1.688
4.305 6.489 -1.681
4.316 6.46 -1.677
4.316 6.416 -1.668
4.346 8.387 -1.704
4.349 8.33 -1.695
4.347 8.294 -1.688
4.348 8.231 -1.678
4.343 8.16 -1.665
4.352 8.116 -1.658
4.356 8.062 -1.65
4.335 10.39 -1.662
4.335 10.343 -1.656
4.345 10.276 -1.646
4.35 10.199 -1.635
4.351 10.111 -1.623
4.36 10.046 -1.614
4.365 9.971 -1.603
4.339 13.702 -1.639
4.378 13.679 -1.638
4.404 13.61 -1.63
4.405 13.472 -1.614
4.402 13.392 -1.604
4.409 13.272 -1.589
4.415 13.151 -1.575
9.817 10.742 -1.319
9.822 10.68 -1.314
9.818 10.609 -1.308
9.817 10.541 -1.303
9.799 10.488 -1.298
9.79 10.414 -1.292
9.793 10.351 -1.287
9.788 10.282 -1.281
9.774 10.202 -1.274
9.782 10.147 -1.271
9.788 10.089 -1.267
4.462 23.726 -1.578
4.476 23.392 -1.554
4.535 23.301 -1.548
4.557 23.029 -1.528
4.572 22.729 -1.507
8.538 28.854 -1.307
8.606 28.751 -1.303
8.614 28.452 -1.289
8.624 28.165 -1.275
8.612 27.812 -1.258
8.559 27.485 -1.242
