-7.9985 0.00148575 0.000445197 7.32904e-06
-8.031 3.972 -1.61
-8.025 4.001 -1.612
-8.027 4.033 -1.615
-8.031 4.051 -1.617
-8.018 4.076 -1.617
-8.028 4.113 -1.622
-8.003 4.132 -1.619
-8.011 4.168 -1.624
-8.019 4.204 -1.628
-8.005 4.229 -1.628
-8.018 4.252 -1.633
-7.994 4.271 -1.63
-8.012 4.313 -1.637
-8.019 4.349 -1.642
-8 4.372 -1.641
-8.017 4.414 -1.647
-8.017 4.447 -1.65
-7.998 4.453 -1.648
-8.001 4.487 -1.652
-7.989 4.513 -1.652
-8.005 4.556 -1.659
-7.998 4.585 -1.66
-7.99 4.614 -1.662
-7.991 4.648 -1.665
-7.985 4.661 -1.666
-7.991 4.698 -1.67
-7.996 4.735 -1.675
-7.993 4.767 -1.677
-8.009 4.81 -1.684
-8 4.84 -1.686
-7.993 4.87 -1.688
-8.021 7.407 -1.609
-8.018 7.451 -1.613
-8.008 7.489 -1.616
-8.007 7.535 -1.621
-8.002 7.578 -1.625
-7.991 7.615 -1.628
-7.989 7.661 -1.632
-7.984 7.68 -1.634
-7.979 7.725 -1.638
-7.978 7.772 -1.643
-7.935 7.779 -1.639
-7.939 7.831 -1.646
-7.949 7.891 -1.653
-7.938 7.93 -1.657
-7.933 7.949 -1.658
-7.92 7.987 -1.661
-7.921 11.353 -1.571
-7.914 11.418 -1.578
-7.902 11.479 -1.583
-7.92 11.544 -1.591
-7.898 11.59 -1.595
-7.896 11.666 -1.602
-7.867 11.702 -1.604
-7.862 11.775 -1.612
-7.856 11.846 -1.619
-7.832 11.89 -1.622
-7.85 15.683 -1.522
-7.871 15.787 -1.532
-7.854 15.877 -1.54
-7.85 15.995 -1.55
-7.844 16.11 -1.56
-7.827 16.203 -1.567
-7.807 16.292 -1.574
-7.748 21.353 -1.472
-7.738 21.535 -1.485
-7.717 21.689 -1.495
-7.701 21.861 -1.507
-7.682 22.027 -1.518
-7.692 22.167 -1.528
-7.366 30.083 -1.352
-7.334 30.365 -1.365
-7.305 30.665 -1.379
-7.332 30.994 -1.396
-7.303 31.31 -1.411
-7.276 31.644 -1.427
-7.214 31.829 -1.435
-10.236 55.971 -0.988
-10.16 56.56 -1
-10.076 57.125 -1.011
-9.966 57.557 -1.02
-9.911 58.331 -1.036
-9.818 58.904 -1.047
