-8.46127 0.0764425 -0.00366389 6.58406e-05
-8.065 4.724 -1.685
-8.078 4.766 -1.692
-8.082 4.803 -1.696
-8.069 4.829 -1.696
-8.047 4.85 -1.695
-8.07 4.899 -1.703
-8.063 4.929 -1.705
-8.072 4.952 -1.709
-8.068 4.985 -1.712
-8.072 5.022 -1.716
-8.057 5.048 -1.716
-8.054 5.081 -1.719
-8.053 5.116 -1.723
-8.07 5.162 -1.73
-8.047 5.184 -1.729
-8.046 5.2 -1.73
-8.061 5.246 -1.738
-8.039 5.268 -1.736
-8.039 5.304 -1.74
-8.032 5.336 -1.742
-8.062 7.829 -1.659
-8.069 7.885 -1.666
-8.062 7.928 -1.67
-8.063 7.978 -1.676
-8.06 8.026 -1.681
-8.045 8.061 -1.683
-8.044 8.111 -1.689
-8.066 8.159 -1.697
-8.055 8.198 -1.7
-8.057 8.252 -1.706
-8.053 8.3 -1.711
-8.013 12.716 -1.646
-8.013 12.805 -1.655
-8.005 12.883 -1.663
-7.995 12.957 -1.67
-7.983 13.027 -1.676
-8.011 13.12 -1.688
-7.981 13.163 -1.691
-7.966 13.232 -1.697
-7.945 13.291 -1.702
-7.934 16.624 -1.609
-7.926 16.74 -1.619
-7.912 16.848 -1.628
-7.941 16.979 -1.641
-7.919 17.071 -1.648
-7.91 17.193 -1.659
-7.887 17.285 -1.666
-7.87 22.453 -1.552
-7.861 22.653 -1.566
-7.848 22.847 -1.579
-7.868 23.022 -1.591
-7.853 23.216 -1.605
-7.83 23.388 -1.616
-7.768 23.447 -1.619
-7.461 36.317 -1.445
-7.405 36.63 -1.459
-7.365 37.029 -1.476
-7.328 37.46 -1.494
-7.292 37.911 -1.513
-7.216 38.161 -1.524
-10.382 58.866 -1.048
-10.418 59.619 -1.064
-10.334 60.255 -1.077
-10.278 61.084 -1.094
-10.195 61.775 -1.108
