-30.0258 0.17019 0.0378804 0.00031673
-12.441 11.704 -1.477
-12.441 11.741 -1.48
-12.427 11.802 -1.483
-12.42 11.87 -1.487
-12.402 11.927 -1.49
-12.38 11.981 -1.492
-12.374 12.05 -1.496
-12.356 12.108 -1.499
-12.364 12.154 -1.503
-12.354 12.221 -1.507
-12.342 12.286 -1.51
-12.318 12.339 -1.512
-12.318 12.417 -1.518
-12.292 12.469 -1.52
-12.275 12.53 -1.523
-12.253 12.587 -1.525
-12.257 12.63 -1.529
-3.973 22.43 -1.477
-3.922 22.552 -1.485
-3.859 22.614 -1.489
-3.786 22.612 -1.488
-3.719 22.651 -1.49
-3.65 22.675 -1.491
-3.617 22.694 -1.492
-3.549 22.731 -1.494
-3.478 22.744 -1.494
-3.407 22.755 -1.494
-3.336 22.771 -1.495
-3.262 22.766 -1.493
-3.193 22.794 -1.495
-3.15 22.746 -1.491
-3.081 22.771 -1.492
-3.016 22.834 -1.496
-2.949 22.875 -1.498
-2.883 22.936 -1.502
-2.817 22.988 -1.505
-2.747 23.015 -1.507
-2.713 23.037 -1.508
-2.642 23.057 -1.509
-2.596 23.301 -1.526
-2.497 23.073 -1.509
-2.357 23.142 -1.513
-2.284 23.142 -1.512
-2.251 23.183 -1.515
-2.18 23.214 -1.517
-2.109 23.242 -1.518
-2.04 23.284 -1.521
-1.97 23.329 -1.524
-1.898 23.356 -1.525
-1.827 23.392 -1.528
-1.792 23.419 -1.529
-10.48 28.988 -1.344
-10.393 29.032 -1.345
-10.336 29.158 -1.35
-10.36 29.372 -1.36
-10.343 29.622 -1.372
-10.306 29.816 -1.38
-10.263 29.996 -1.388
-10.209 30.145 -1.394
