3.64093 -0.00011559 -0.000548211 9.46623e-06
3.648 2.339 -1.71
3.64 2.317 -1.702
3.638 2.3 -1.697
3.651 2.293 -1.7
3.652 2.285 -1.699
3.64 2.262 -1.689
3.652 2.253 -1.692
3.654 2.239 -1.689
3.66 2.227 -1.689
3.64 2.199 -1.675
3.647 2.188 -1.675
3.658 2.186 -1.679
3.662 2.173 -1.678
3.665 2.16 -1.676
3.661 2.142 -1.671
3.681 2.138 -1.677
3.678 2.121 -1.672
3.667 2.099 -1.664
3.67 2.093 -1.664
3.668 2.077 -1.66
3.658 4.344 -1.636
3.665 4.324 -1.633
3.648 4.29 -1.622
3.65 4.266 -1.616
3.655 4.244 -1.612
3.644 4.203 -1.6
3.656 4.19 -1.6
3.662 4.172 -1.597
3.664 4.147 -1.591
3.668 4.139 -1.59
3.687 4.134 -1.593
3.69 4.111 -1.588
3.697 4.093 -1.585
3.602 5.671 -1.703
3.619 5.658 -1.702
3.631 5.637 -1.699
3.631 5.598 -1.69
3.626 5.571 -1.683
3.638 5.552 -1.68
3.642 5.519 -1.674
3.64 5.479 -1.664
3.649 5.455 -1.66
3.646 5.414 -1.651
3.625 6.953 -1.693
3.632 6.914 -1.686
3.647 6.889 -1.683
3.644 6.831 -1.67
3.64 6.798 -1.663
3.641 6.749 -1.653
3.639 6.694 -1.642
3.593 8.66 -1.691
3.601 8.603 -1.681
3.611 8.55 -1.673
3.605 8.5 -1.663
3.629 8.481 -1.661
3.65 8.457 -1.659
3.647 8.379 -1.645
3.653 8.32 -1.635
3.541 10.634 -1.655
3.564 10.589 -1.649
3.591 10.559 -1.646
3.606 10.498 -1.637
3.62 10.428 -1.628
3.609 10.346 -1.615
3.614 10.255 -1.601
3.522 13.879 -1.632
3.552 13.814 -1.625
3.572 13.803 -1.624
3.587 13.686 -1.61
3.606 13.585 -1.598
3.611 13.432 -1.58
3.614 13.279 -1.561
3.444 18.132 -1.613
3.5 18.113 -1.612
3.523 17.93 -1.595
3.538 17.71 -1.574
3.544 17.455 -1.549
3.568 17.292 -1.534
3.595 17.15 -1.521
3.433 23.493 -1.548
3.496 23.413 -1.543
3.493 22.891 -1.505
3.543 22.742 -1.495
8.774 32.863 -1.504
8.747 32.351 -1.479
8.837 32.281 -1.477
8.894 32.094 -1.469
8.892 31.7 -1.45
20.479 58.648 -1.097
20.443 57.959 -1.084
20.5 57.546 -1.076
20.469 56.892 -1.063
20.469 56.337 -1.052
20.367 55.783 -1.04
