3.65954 -0.019245 0.000985801 -1.10674e-05
3.552 2.537 -1.723
3.551 2.528 -1.72
3.549 2.51 -1.715
3.552 2.496 -1.713
3.558 2.483 -1.712
3.557 2.466 -1.707
3.565 2.455 -1.707
3.577 2.447 -1.71
3.564 2.43 -1.701
3.575 2.42 -1.703
3.572 2.402 -1.697
3.581 2.392 -1.698
3.579 2.375 -1.693
3.574 2.355 -1.687
3.58 2.343 -1.686
3.573 2.33 -1.681
3.578 2.318 -1.68
3.579 2.303 -1.677
3.585 2.291 -1.676
3.578 2.271 -1.669
3.486 3.29 -1.701
3.492 3.275 -1.699
3.512 3.273 -1.704
3.5 3.242 -1.693
3.494 3.216 -1.684
3.511 3.211 -1.688
3.512 3.193 -1.684
3.534 3.202 -1.692
3.518 3.167 -1.679
3.516 3.146 -1.673
3.504 3.116 -1.662
3.522 3.112 -1.666
3.491 3.065 -1.645
3.514 3.067 -1.652
3.516 3.059 -1.651
3.516 3.039 -1.646
3.577 4.558 -1.672
3.578 4.53 -1.665
3.577 4.5 -1.658
3.581 4.476 -1.653
3.587 4.455 -1.649
3.581 4.418 -1.639
3.59 4.401 -1.636
3.576 4.37 -1.626
3.583 4.35 -1.623
3.594 4.336 -1.622
3.551 5.569 -1.672
3.567 5.557 -1.671
3.566 5.516 -1.662
3.575 5.492 -1.657
3.582 5.466 -1.653
3.571 5.43 -1.643
3.584 5.412 -1.641
3.587 5.38 -1.634
3.587 5.343 -1.625
3.592 5.314 -1.62
3.525 6.786 -1.648
3.54 6.763 -1.645
3.548 6.726 -1.638
3.566 6.709 -1.637
3.579 6.683 -1.633
3.575 6.649 -1.626
3.578 6.606 -1.617
3.579 6.558 -1.608
3.573 6.497 -1.595
3.56 8.32 -1.628
3.567 8.3 -1.625
3.593 8.289 -1.625
3.602 8.238 -1.616
3.607 8.178 -1.606
3.607 8.109 -1.594
3.613 8.055 -1.585
3.616 7.993 -1.574
3.527 10.318 -1.606
3.537 10.242 -1.595
3.556 10.193 -1.589
3.569 10.178 -1.587
3.58 10.105 -1.577
3.577 9.997 -1.561
3.585 9.921 -1.55
4.404 9.856 -1.257
4.423 9.815 -1.253
4.41 9.703 -1.238
4.457 9.727 -1.244
4.47 9.715 -1.243
4.548 9.804 -1.258
4.567 9.764 -1.255
4.512 9.567 -1.227
4.507 9.479 -1.216
4.636 9.672 -1.247
4.694 9.715 -1.256
4.648 9.581 -1.237
4.692 9.444 -1.223
4.656 9.296 -1.203
3.996 13.97 -1.316
4.02 13.888 -1.309
4.057 13.853 -1.306
4.089 13.802 -1.302
4.084 13.706 -1.292
4.129 13.699 -1.293
4.178 13.707 -1.295
4.122 13.372 -1.26
3.618 22.296 -1.463
3.643 22.013 -1.443
3.628 21.496 -1.405
3.672 21.347 -1.395
3.707 21.154 -1.381
3.57 30.935 -1.36
3.604 30.81 -1.354
3.662 30.467 -1.337
3.682 29.843 -1.306
3.713 29.334 -1.281
3.784 29.152 -1.272
3.835 28.837 -1.257
12.224 45.587 -0.785
12.221 45.012 -0.773
12.25 44.563 -0.764
12.208 44.141 -0.755
12.874 43.351 -0.743
12.82 42.923 -0.734
