3.37882 -0.0232171 0.00297259 -7.70782e-05
3.319 2.869 -1.732
3.311 2.845 -1.723
3.297 2.815 -1.71
3.317 2.814 -1.717
3.32 2.799 -1.713
3.319 2.789 -1.71
3.335 2.785 -1.714
3.337 2.768 -1.71
3.331 2.746 -1.703
3.332 2.73 -1.699
3.328 2.709 -1.692
3.328 2.692 -1.687
3.325 2.681 -1.683
3.336 2.672 -1.685
3.337 2.656 -1.681
3.278 4.235 -1.703
3.284 4.216 -1.7
3.269 4.17 -1.684
3.277 4.152 -1.681
3.288 4.14 -1.68
3.292 4.132 -1.679
3.296 4.11 -1.674
3.3 4.089 -1.669
3.293 4.054 -1.658
3.308 4.047 -1.66
3.31 4.023 -1.654
3.31 3.998 -1.647
3.311 4.896 -1.708
3.314 4.869 -1.701
3.317 4.839 -1.694
3.322 4.814 -1.689
3.31 4.781 -1.678
3.32 4.763 -1.675
3.333 4.749 -1.674
3.315 4.692 -1.656
3.351 5.62 -1.655
3.336 5.573 -1.642
3.351 5.559 -1.641
3.352 5.52 -1.632
3.351 5.48 -1.622
3.355 5.448 -1.616
3.354 5.408 -1.606
3.362 5.383 -1.601
3.297 7.124 -1.695
3.302 7.076 -1.686
3.308 7.032 -1.677
3.293 6.942 -1.657
3.303 6.907 -1.65
3.319 6.885 -1.647
3.349 6.892 -1.652
3.35 6.865 -1.646
3.341 6.794 -1.631
3.323 8.78 -1.693
3.325 8.743 -1.687
3.343 8.707 -1.681
3.358 8.665 -1.675
3.36 8.591 -1.661
3.364 8.52 -1.649
3.378 8.478 -1.642
3.284 10.818 -1.67
3.316 10.802 -1.669
3.33 10.725 -1.658
3.333 10.615 -1.641
3.355 10.57 -1.636
3.348 10.434 -1.615
3.371 10.393 -1.61
3.409 13.797 -1.618
3.416 13.644 -1.6
3.432 13.525 -1.585
3.442 13.39 -1.569
3.43 13.26 -1.552
3.423 17.862 -1.586
3.448 17.843 -1.585
3.48 17.711 -1.573
3.47 17.366 -1.539
3.504 17.254 -1.529
6.385 23.005 -1.558
6.452 22.963 -1.556
6.458 22.713 -1.539
6.427 22.466 -1.521
6.421 22.182 -1.5
6.447 34.357 -1.552
6.54 34.262 -1.548
6.65 34.254 -1.548
6.754 34.213 -1.547
6.706 33.689 -1.521
6.785 33.535 -1.514
6.794 33.043 -1.49
16.947 21.656 -0.512
16.964 21.539 -0.51
16.871 21.281 -0.503
16.845 21.113 -0.5
16.803 20.924 -0.495
17.009 21.045 -0.501
16.812 20.734 -0.491
16.832 20.625 -0.489
16.813 20.47 -0.486
16.821 20.349 -0.484
16.843 20.246 -0.482
16.991 20.294 -0.485
16.834 19.979 -0.477
16.81 19.887 -0.474
16.807 19.756 -0.472
16.935 19.781 -0.474
16.816 19.517 -0.467
16.798 19.373 -0.464
16.757 19.203 -0.46
