3.87513 -0.0291332 0.00226617 -2.78462e-05
3.791 2.362 -1.766
3.79 2.345 -1.762
3.795 2.34 -1.762
3.792 2.322 -1.757
3.796 2.308 -1.755
3.795 2.291 -1.752
3.794 2.275 -1.748
3.809 2.268 -1.752
3.802 2.247 -1.745
3.806 2.241 -1.745
3.806 2.226 -1.741
3.805 2.209 -1.738
3.798 2.189 -1.731
3.819 2.185 -1.738
3.803 2.16 -1.727
3.804 2.145 -1.724
3.799 2.134 -1.72
3.803 2.121 -1.718
3.809 2.109 -1.718
3.804 2.091 -1.713
3.772 3.166 -1.751
3.767 3.142 -1.744
3.769 3.134 -1.743
3.773 3.117 -1.74
3.76 3.086 -1.728
3.758 3.065 -1.723
3.782 3.065 -1.73
3.774 3.039 -1.721
3.785 3.028 -1.722
3.793 3.025 -1.723
3.789 3.003 -1.717
3.788 2.983 -1.712
3.797 2.971 -1.712
3.789 2.945 -1.703
3.789 2.926 -1.699
3.803 2.918 -1.701
3.79 2.898 -1.693
3.784 2.875 -1.686
3.763 3.927 -1.732
3.763 3.903 -1.726
3.766 3.882 -1.721
3.769 3.86 -1.717
3.773 3.84 -1.713
3.737 3.78 -1.69
3.75 3.781 -1.693
3.774 3.781 -1.699
3.777 3.761 -1.695
3.782 3.743 -1.692
3.782 3.719 -1.686
3.779 3.693 -1.679
3.777 4.648 -1.732
3.774 4.613 -1.723
3.781 4.593 -1.72
3.771 4.566 -1.711
3.774 4.541 -1.706
3.768 4.504 -1.696
3.776 4.485 -1.693
3.775 4.455 -1.686
3.782 4.435 -1.682
3.788 4.414 -1.679
3.753 5.67 -1.725
3.761 5.663 -1.724
3.763 5.627 -1.716
3.771 5.6 -1.711
3.778 5.573 -1.706
3.776 5.532 -1.697
3.779 5.499 -1.69
3.783 5.468 -1.684
3.778 5.443 -1.677
3.785 5.415 -1.672
3.763 6.951 -1.708
3.782 6.934 -1.706
3.787 6.891 -1.698
3.786 6.863 -1.692
3.792 6.822 -1.685
3.795 6.777 -1.676
3.797 6.732 -1.667
3.804 6.694 -1.66
3.796 6.631 -1.647
3.755 8.591 -1.691
3.759 8.563 -1.686
3.779 8.535 -1.683
3.799 8.507 -1.679
3.81 8.461 -1.672
3.815 8.401 -1.662
3.815 8.33 -1.649
3.825 8.284 -1.642
3.809 8.214 -1.628
3.788 10.593 -1.661
3.795 10.507 -1.649
3.789 10.437 -1.638
3.796 10.357 -1.626
3.8 10.267 -1.613
3.806 10.185 -1.601
3.822 13.865 -1.64
3.841 13.767 -1.629
3.845 13.618 -1.611
3.85 13.474 -1.593
3.856 13.336 -1.576
3.862 13.204 -1.56
3.795 17.828 -1.59
3.812 17.635 -1.572
3.856 17.57 -1.567
3.905 17.531 -1.564
3.904 17.268 -1.539
3.91 17.17 -1.53
3.91 16.921 -1.506
3.909 23.176 -1.531
3.931 22.867 -1.508
3.904 22.495 -1.481
3.972 22.467 -1.48
4.037 22.423 -1.477
4.059 22.145 -1.458
4.104 22.001 -1.448
8.671 29.821 -1.356
8.687 29.529 -1.342
8.706 29.253 -1.329
8.736 29.02 -1.318
8.701 28.739 -1.304
