3.74847 -0.0212046 0.00268827 -4.13299e-05
3.682 2.392 -1.734
3.686 2.379 -1.732
3.69 2.365 -1.731
3.691 2.358 -1.729
3.689 2.34 -1.724
3.692 2.326 -1.722
3.693 2.31 -1.719
3.714 2.307 -1.726
3.682 2.272 -1.706
3.708 2.271 -1.716
3.707 2.263 -1.713
3.701 2.243 -1.707
3.699 2.226 -1.703
3.707 2.215 -1.703
3.708 2.2 -1.7
3.7 2.18 -1.693
3.725 2.179 -1.702
3.711 2.163 -1.693
3.71 2.146 -1.689
3.721 2.137 -1.692
3.704 2.112 -1.68
3.704 2.097 -1.677
3.685 3.163 -1.725
3.682 3.141 -1.719
3.688 3.126 -1.717
3.692 3.109 -1.714
3.692 3.089 -1.709
3.697 3.074 -1.707
3.702 3.059 -1.705
3.694 3.043 -1.699
3.688 3.018 -1.691
3.698 3.008 -1.691
3.698 2.988 -1.686
3.7 2.97 -1.683
3.708 2.958 -1.682
3.701 2.933 -1.674
3.701 4.598 -1.705
3.708 4.576 -1.701
3.703 4.541 -1.692
3.706 4.516 -1.687
3.705 4.485 -1.679
3.706 4.458 -1.673
3.699 4.435 -1.666
3.705 4.414 -1.662
3.705 4.385 -1.655
3.7 5.608 -1.703
3.71 5.585 -1.699
3.701 5.533 -1.686
3.698 5.51 -1.68
3.711 5.492 -1.678
3.711 5.455 -1.669
3.715 5.424 -1.663
3.719 5.393 -1.657
3.722 5.361 -1.65
3.706 6.871 -1.685
3.724 6.852 -1.683
3.729 6.81 -1.675
3.735 6.769 -1.668
3.723 6.722 -1.657
3.732 6.69 -1.651
3.735 6.646 -1.643
3.733 6.593 -1.632
3.733 8.502 -1.673
3.746 8.46 -1.667
3.744 8.42 -1.66
3.756 8.376 -1.653
3.754 8.301 -1.639
3.756 8.236 -1.628
3.762 8.181 -1.619
3.762 10.571 -1.657
3.763 10.47 -1.641
3.757 10.35 -1.623
3.751 10.283 -1.613
3.764 10.217 -1.604
3.771 10.139 -1.593
3.801 13.793 -1.631
3.82 13.775 -1.629
3.828 13.639 -1.613
3.831 13.488 -1.594
3.848 13.388 -1.582
3.851 13.241 -1.564
3.863 13.13 -1.551
3.89 17.86 -1.595
3.937 17.807 -1.591
3.946 17.583 -1.57
3.954 17.365 -1.549
3.95 17.096 -1.523
4.135 23.613 -1.565
4.142 23.221 -1.537
4.138 22.783 -1.505
