3.6447 -0.0288845 0.00212816 -5.34007e-05
3.534 2.492 -1.706
3.495 2.448 -1.682
3.518 2.447 -1.689
3.511 2.426 -1.682
3.517 2.414 -1.681
3.516 2.405 -1.679
3.528 2.397 -1.681
3.517 2.374 -1.672
3.525 2.363 -1.672
3.518 2.343 -1.665
3.536 2.339 -1.67
3.528 2.318 -1.662
3.541 2.318 -1.667
3.541 2.302 -1.663
3.538 2.285 -1.658
3.539 2.27 -1.655
3.543 2.257 -1.654
3.506 3.217 -1.688
3.509 3.199 -1.684
3.5 3.181 -1.677
3.501 3.163 -1.673
3.497 3.139 -1.666
3.489 3.112 -1.657
3.494 3.098 -1.654
3.497 3.081 -1.651
3.483 3.049 -1.639
3.496 3.051 -1.643
3.501 3.036 -1.641
3.509 3.024 -1.64
3.516 3.01 -1.639
3.498 2.976 -1.625
3.507 4.588 -1.666
3.513 4.564 -1.661
3.519 4.543 -1.657
3.527 4.524 -1.654
3.521 4.487 -1.644
3.518 4.468 -1.639
3.518 4.439 -1.632
3.532 4.428 -1.632
3.531 4.399 -1.624
3.536 4.376 -1.62
3.551 4.366 -1.62
3.562 4.352 -1.619
3.564 4.341 -1.617
3.582 4.335 -1.619
3.593 4.321 -1.618
3.597 4.298 -1.613
3.479 5.612 -1.671
3.482 5.576 -1.663
3.464 5.528 -1.65
3.5 5.547 -1.659
3.495 5.501 -1.648
3.498 5.468 -1.641
3.507 5.444 -1.636
3.525 5.434 -1.637
3.527 5.399 -1.629
3.507 5.35 -1.615
3.517 6.876 -1.666
3.518 6.853 -1.661
3.526 6.814 -1.654
3.523 6.756 -1.642
3.529 6.716 -1.634
3.535 6.675 -1.627
3.531 6.618 -1.614
3.463 8.497 -1.652
3.488 8.482 -1.651
3.513 8.466 -1.65
3.526 8.422 -1.643
3.526 8.348 -1.63
3.536 8.3 -1.622
3.521 8.228 -1.608
3.528 8.172 -1.599
3.471 10.531 -1.635
3.498 10.503 -1.633
3.494 10.38 -1.614
3.445 10.129 -1.574
3.459 10.064 -1.565
3.473 10.003 -1.556
3.521 13.697 -1.61
3.53 13.553 -1.592
3.511 13.398 -1.572
3.527 13.288 -1.559
3.541 13.175 -1.546
3.584 13.169 -1.546
3.617 13.129 -1.543
10.522 9.931 -1.31
10.507 9.886 -1.306
10.506 9.823 -1.301
10.5 9.756 -1.296
10.512 9.706 -1.293
10.52 9.653 -1.29
10.514 9.586 -1.285
10.519 9.53 -1.281
10.507 9.49 -1.278
10.51 9.433 -1.274
10.507 9.371 -1.269
10.514 9.318 -1.266
10.509 9.255 -1.261
10.508 9.196 -1.257
7.477 19.652 -1.348
7.494 19.511 -1.339
7.498 19.34 -1.327
7.501 19.168 -1.315
7.506 19.003 -1.304
7.499 18.811 -1.291
10.437 26.218 -1.213
10.513 26.169 -1.212
10.418 25.813 -1.194
10.423 25.595 -1.184
10.494 25.538 -1.183
10.512 25.354 -1.175
10.477 25.048 -1.16
20.633 34.798 -0.643
20.571 34.569 -0.638
20.58 34.338 -0.634
20.574 34.085 -0.63
20.564 33.829 -0.625
20.606 33.659 -0.622
20.613 33.434 -0.618
20.605 33.187 -0.614
20.548 32.98 -0.61
20.542 32.741 -0.605
20.546 32.521 -0.601
20.544 32.293 -0.597
20.577 32.122 -0.595
20.64 31.998 -0.593
