4.1005 -0.0271724 0.00124552 -2.77867e-05
4.029 2.837 -1.752
4.011 2.805 -1.74
4.013 2.788 -1.737
4.022 2.776 -1.737
4.015 2.753 -1.73
4.019 2.746 -1.73
4.022 2.729 -1.727
4.015 2.706 -1.72
4.02 2.692 -1.718
4.029 2.679 -1.718
4.031 2.662 -1.716
4.025 2.641 -1.709
4.029 2.634 -1.709
4.02 2.61 -1.701
4 3.727 -1.741
3.99 3.696 -1.732
3.988 3.67 -1.725
3.988 3.647 -1.72
3.994 3.641 -1.72
4.005 3.629 -1.72
4.007 3.607 -1.716
4.012 3.59 -1.713
4.008 3.563 -1.706
4.015 3.547 -1.704
4.015 3.524 -1.699
4.006 3.506 -1.692
4.001 3.479 -1.685
3.976 4.504 -1.738
3.982 4.481 -1.734
3.996 4.469 -1.734
3.998 4.443 -1.729
4.006 4.424 -1.726
4.003 4.393 -1.718
4.022 4.386 -1.72
4.006 4.354 -1.71
4.008 4.329 -1.704
4.01 4.303 -1.699
4.014 4.281 -1.695
4.012 4.252 -1.688
3.972 5.573 -1.737
3.972 5.536 -1.728
3.975 5.503 -1.721
3.986 5.482 -1.719
3.982 5.44 -1.709
3.997 5.425 -1.708
3.996 5.387 -1.699
3.994 5.367 -1.695
3.991 5.328 -1.686
3.945 6.97 -1.732
3.948 6.949 -1.728
3.96 6.919 -1.724
3.968 6.883 -1.717
3.974 6.844 -1.71
3.983 6.809 -1.704
3.987 6.768 -1.697
3.985 6.74 -1.691
3.986 6.694 -1.682
3.99 6.651 -1.674
3.944 8.687 -1.723
3.938 8.602 -1.707
3.957 8.571 -1.703
3.959 8.505 -1.692
3.967 8.452 -1.683
3.976 8.404 -1.676
3.981 8.345 -1.666
3.833 10.827 -1.699
3.862 10.8 -1.696
3.884 10.754 -1.69
3.904 10.705 -1.684
3.921 10.646 -1.676
3.927 10.561 -1.664
3.934 10.477 -1.652
3.923 10.398 -1.64
3.795 14.2 -1.681
3.839 14.186 -1.68
3.875 14.143 -1.676
3.89 14.028 -1.663
3.898 13.885 -1.645
3.908 13.755 -1.63
3.899 13.646 -1.616
3.779 18.468 -1.651
3.815 18.35 -1.641
3.841 18.186 -1.626
3.853 17.966 -1.605
3.874 17.788 -1.588
3.881 17.687 -1.578
3.933 17.657 -1.577
3.72 24.136 -1.598
3.76 23.895 -1.581
3.792 23.616 -1.561
3.779 23.3 -1.538
3.833 23.17 -1.529
3.909 23.174 -1.53
3.967 23.077 -1.524
4.021 22.956 -1.516
3.459 34.249 -1.525
3.491 34.023 -1.514
3.524 33.311 -1.478
3.617 33.189 -1.473
3.694 32.933 -1.46
3.775 32.733 -1.451
3.821 32.236 -1.426
