-9.08302 0.0550273 -9.26678e-05 -4.54244e-05
-8.633 7.771 -1.719
-8.633 7.821 -1.725
-8.632 7.869 -1.73
-8.628 7.915 -1.734
-8.617 7.955 -1.737
-8.62 8.008 -1.743
-8.608 8.047 -1.746
-8.612 8.077 -1.75
-8.62 8.135 -1.757
-8.602 8.169 -1.758
-8.6 8.219 -1.764
-8.603 8.273 -1.77
-8.592 8.315 -1.774
-8.456 13.51 -1.757
-8.458 13.609 -1.768
-8.444 13.681 -1.774
-8.431 13.756 -1.782
-8.46 13.852 -1.793
-8.442 13.921 -1.8
-8.427 13.995 -1.806
-8.413 14.071 -1.813
-1.925 19.534 -1.728
-1.866 19.563 -1.73
-1.806 19.585 -1.732
-1.779 19.626 -1.735
-1.717 19.627 -1.735
-1.657 19.652 -1.737
-1.597 19.675 -1.739
-1.537 19.71 -1.742
-1.476 19.721 -1.742
-1.415 19.741 -1.744
-1.385 19.761 -1.746
-1.324 19.777 -1.747
-1.264 19.807 -1.749
-1.202 19.827 -1.751
-1.141 19.844 -1.752
-1.08 19.87 -1.754
-1.018 19.893 -1.756
-0.989001 19.924 -1.759
-0.927001 19.939 -1.76
-0.865001 19.978 -1.764
-0.803001 19.992 -1.765
-0.741001 20.019 -1.767
-0.679001 20.037 -1.769
-0.617001 20.061 -1.771
-0.586001 20.092 -1.774
-0.524001 20.117 -1.776
-0.461001 20.135 -1.778
-0.398001 20.154 -1.78
-8.534 24.34 -1.699
-8.531 24.576 -1.716
-8.5 24.738 -1.726
-8.518 25.046 -1.748
-8.564 25.311 -1.768
-8.53 25.474 -1.778
-8.469 25.555 -1.783
-8.758 41.01 -1.662
-8.726 41.499 -1.682
-8.678 41.927 -1.701
-8.767 42.698 -1.735
-8.646 42.792 -1.738
