3.7969 0.00842359 0.000108559 -4.38592e-06
3.845 2.33 -1.778
3.841 2.319 -1.774
3.845 2.305 -1.773
3.828 2.279 -1.761
3.836 2.267 -1.761
3.838 2.252 -1.759
3.837 2.235 -1.755
3.836 2.219 -1.751
3.838 2.212 -1.75
3.832 2.192 -1.744
3.842 2.182 -1.745
3.839 2.165 -1.741
3.841 2.15 -1.738
3.849 2.139 -1.739
3.842 2.126 -1.734
3.83 2.105 -1.725
3.845 3.937 -1.754
3.841 3.909 -1.746
3.851 3.894 -1.745
3.851 3.87 -1.739
3.855 3.85 -1.735
3.847 3.831 -1.729
3.857 3.816 -1.727
3.839 3.775 -1.713
3.856 3.768 -1.716
3.845 3.733 -1.705
3.857 3.721 -1.705
3.86 3.701 -1.701
3.885 4.47 -1.711
3.872 4.441 -1.702
3.881 4.423 -1.7
3.884 4.399 -1.695
3.884 4.371 -1.688
3.879 4.337 -1.679
3.875 4.305 -1.671
3.881 4.284 -1.668
3.884 4.274 -1.666
3.897 4.262 -1.666
3.908 4.247 -1.665
3.92 4.233 -1.664
3.937 4.225 -1.666
3.953 4.215 -1.667
3.965 4.201 -1.666
3.975 4.186 -1.665
3.963 4.16 -1.657
3.978 4.149 -1.658
3.995 4.141 -1.659
3.993 4.113 -1.653
3.998 4.092 -1.649
4.022 4.091 -1.654
4.033 4.077 -1.653
4.044 4.075 -1.655
4.052 4.058 -1.653
4.046 4.026 -1.645
4.043 3.997 -1.638
3.841 5.804 -1.768
3.855 5.786 -1.766
3.865 5.761 -1.762
3.863 5.738 -1.756
3.855 5.688 -1.744
3.868 5.668 -1.741
3.869 5.632 -1.733
3.865 5.588 -1.723
3.873 5.561 -1.718
3.875 5.527 -1.711
3.868 7.255 -1.781
3.883 7.227 -1.777
3.892 7.191 -1.771
3.895 7.143 -1.762
3.9 7.098 -1.753
3.894 7.061 -1.745
3.901 7.02 -1.737
3.906 6.977 -1.729
3.901 8.851 -1.748
3.911 8.836 -1.746
3.92 8.78 -1.737
3.923 8.714 -1.726
3.921 8.637 -1.712
3.93 8.584 -1.703
3.926 8.503 -1.689
3.868 10.709 -1.683
3.899 10.692 -1.682
3.891 10.617 -1.67
3.892 10.517 -1.656
3.898 10.431 -1.643
3.908 10.358 -1.633
3.917 10.284 -1.622
3.898 13.805 -1.635
3.929 13.749 -1.63
3.939 13.622 -1.614
3.944 13.48 -1.597
3.954 13.361 -1.583
3.955 13.287 -1.574
3.916 17.579 -1.569
3.948 17.466 -1.559
3.96 17.263 -1.539
3.953 17.11 -1.525
3.99 17.025 -1.517
4.028 16.947 -1.511
3.923 24.189 -1.604
3.994 24.151 -1.602
4.005 23.746 -1.573
4.014 23.354 -1.545
3.994 23.016 -1.52
4 22.628 -1.492
7.955 30.759 -1.392
7.95 30.341 -1.371
7.997 30.135 -1.362
7.993 29.743 -1.343
7.992 29.369 -1.325
