-9.70935 0.0504335 0.00232156 -8.73135e-05
-9.127 7.959 -1.798
-9.115 7.999 -1.801
-9.116 8.025 -1.803
-9.116 8.076 -1.809
-9.098 8.111 -1.81
-9.109 8.172 -1.818
-9.092 8.209 -1.82
-9.095 8.264 -1.826
-9.08 8.302 -1.828
-9.1 8.347 -1.836
-9.084 8.384 -1.838
-9.087 8.44 -1.844
-9.089 8.495 -1.85
-9.067 8.528 -1.851
-8.771 13.397 -1.767
-8.76 13.473 -1.774
-8.752 13.552 -1.781
-8.731 13.615 -1.786
-8.728 13.704 -1.795
-8.723 13.791 -1.804
-8.721 13.884 -1.814
-8.712 13.918 -1.817
-8.693 13.984 -1.822
-8.52 17.563 -1.717
-8.519 17.701 -1.729
-8.504 17.814 -1.739
-8.495 17.939 -1.749
-8.483 18.06 -1.76
-8.454 18.146 -1.766
-8.423 18.228 -1.772
-8.402 18.258 -1.774
-8.379 23.898 -1.665
-8.366 24.103 -1.679
-8.361 24.335 -1.695
-8.341 24.525 -1.708
-8.327 24.738 -1.722
-8.356 24.954 -1.738
-8.309 25.076 -1.745
-8.445 36.964 -1.483
-8.372 37.186 -1.492
-8.406 37.614 -1.511
-8.39 38.103 -1.532
-8.386 38.668 -1.556
-8.309 38.903 -1.566
-8.268 39.316 -1.583
