3.86411 -0.0967481 0.0176661 -0.000919079
3.717 2.365 -1.74
3.71 2.345 -1.733
3.719 2.334 -1.734
3.715 2.316 -1.728
3.71 2.297 -1.722
3.719 2.286 -1.723
3.716 2.276 -1.72
3.712 2.258 -1.714
3.716 2.244 -1.713
3.726 2.234 -1.714
3.733 2.223 -1.714
3.726 2.203 -1.707
3.721 2.184 -1.702
3.717 2.174 -1.698
3.719 2.16 -1.696
3.719 2.144 -1.692
3.72 2.129 -1.689
3.706 3.151 -1.728
3.701 3.127 -1.721
3.697 3.104 -1.714
3.699 3.086 -1.711
3.699 3.066 -1.706
3.695 3.044 -1.699
3.668 3.012 -1.684
3.662 2.988 -1.676
3.711 3.91 -1.716
3.709 3.884 -1.709
3.703 3.866 -1.703
3.705 3.843 -1.698
3.707 3.821 -1.692
3.713 3.804 -1.69
3.716 3.783 -1.685
3.72 3.763 -1.682
3.714 3.734 -1.673
3.71 3.719 -1.669
3.71 3.695 -1.663
3.724 4.553 -1.699
3.723 4.522 -1.691
3.724 4.494 -1.685
3.724 4.466 -1.678
3.716 4.441 -1.671
3.728 4.428 -1.67
3.724 4.394 -1.661
3.721 4.363 -1.653
3.724 4.338 -1.648
3.716 5.575 -1.697
3.717 5.558 -1.694
3.723 5.528 -1.688
3.73 5.502 -1.683
3.735 5.471 -1.677
3.742 5.445 -1.672
3.745 5.413 -1.665
3.749 5.382 -1.659
3.743 5.355 -1.652
3.742 5.318 -1.644
3.697 6.88 -1.686
3.714 6.86 -1.684
3.724 6.826 -1.678
3.734 6.793 -1.673
3.72 6.743 -1.661
3.726 6.702 -1.653
3.739 6.677 -1.65
3.743 6.635 -1.641
3.752 6.602 -1.636
3.751 6.552 -1.626
3.751 8.471 -1.669
3.748 8.392 -1.655
3.754 8.336 -1.646
3.752 8.261 -1.632
3.775 8.242 -1.631
3.773 8.17 -1.618
3.722 10.512 -1.646
3.75 10.485 -1.643
3.765 10.423 -1.635
3.767 10.376 -1.628
3.769 10.283 -1.614
3.764 10.167 -1.596
3.716 13.736 -1.621
3.739 13.734 -1.621
3.774 13.693 -1.617
3.814 13.67 -1.616
3.844 13.612 -1.61
3.844 13.453 -1.59
3.855 13.332 -1.576
3.866 13.216 -1.562
3.853 17.825 -1.591
3.907 17.804 -1.59
3.945 17.713 -1.582
3.959 17.513 -1.563
3.948 17.336 -1.546
3.926 16.993 -1.513
3.968 16.932 -1.508
