-7.95831 -0.016815 0.00121904 -5.94125e-06
-8.036 5.018 -1.71
-8.044 5.057 -1.715
-8.038 5.089 -1.717
-8.028 5.118 -1.719
-8.044 5.164 -1.726
-8.055 5.189 -1.731
-8.039 5.214 -1.731
-8.029 5.244 -1.732
-8.029 5.28 -1.736
-8.029 5.316 -1.74
-8.025 5.349 -1.743
-8.017 5.38 -1.745
-8.028 5.406 -1.749
-8.025 5.441 -1.753
-8.021 5.475 -1.756
-8.027 5.516 -1.761
-8.057 7.849 -1.661
-8.059 7.9 -1.667
-8.046 7.936 -1.669
-8.057 7.998 -1.678
-8.042 8.033 -1.68
-8.04 8.082 -1.685
-8.058 8.125 -1.692
-8.045 8.163 -1.695
-8.033 8.202 -1.698
-8.034 8.254 -1.704
-8.02 8.292 -1.707
-8.013 8.337 -1.711
-7.991 8.367 -1.712
-7.986 11.602 -1.602
-7.985 11.678 -1.61
-7.986 11.72 -1.615
-7.982 11.792 -1.622
-7.981 11.872 -1.63
-7.974 11.943 -1.637
-7.973 12.023 -1.646
-7.957 12.081 -1.651
-7.935 12.131 -1.655
-7.944 16.057 -1.559
-7.933 16.162 -1.568
-7.93 16.286 -1.579
-7.914 16.384 -1.587
-7.903 16.493 -1.596
-7.898 16.615 -1.607
-7.897 16.679 -1.612
-7.842 21.61 -1.493
-7.838 21.813 -1.507
-7.799 21.92 -1.513
-7.789 22.112 -1.526
-7.765 22.266 -1.536
-7.776 22.41 -1.547
-7.746 22.551 -1.556
-7.546 30.403 -1.369
-7.49 30.592 -1.378
-7.456 30.867 -1.391
-7.43 31.192 -1.406
-7.406 31.526 -1.422
-7.402 31.732 -1.433
-7.356 31.989 -1.445
-9.859 58.023 -1.029
-9.737 58.419 -1.037
-9.609 58.793 -1.044
-9.615 59.416 -1.057
-9.536 60.129 -1.071
-9.405 60.528 -1.079
-9.236 60.7 -1.082
