3.49406 -0.00320489 -0.000249424 1.24741e-05
3.47 2.63 -1.718
3.477 2.618 -1.717
3.486 2.608 -1.718
3.46 2.572 -1.7
3.484 2.581 -1.71
3.484 2.564 -1.706
3.482 2.546 -1.701
3.487 2.533 -1.699
3.462 2.498 -1.682
3.482 2.496 -1.689
3.499 2.491 -1.693
3.498 2.483 -1.691
3.494 2.463 -1.685
3.468 2.429 -1.668
3.481 3.276 -1.696
3.487 3.261 -1.694
3.482 3.236 -1.686
3.482 3.215 -1.681
3.482 3.195 -1.676
3.478 3.172 -1.669
3.487 3.16 -1.668
3.48 3.144 -1.662
3.474 3.118 -1.654
3.497 3.12 -1.661
3.493 3.096 -1.654
3.491 3.076 -1.648
3.51 3.072 -1.652
3.502 3.056 -1.646
3.504 3.038 -1.642
3.489 4.003 -1.688
3.487 3.977 -1.681
3.49 3.954 -1.676
3.505 3.946 -1.677
3.5 3.917 -1.669
3.503 3.895 -1.663
3.495 3.874 -1.656
3.495 3.85 -1.651
3.498 3.829 -1.646
3.508 3.816 -1.645
3.5 3.784 -1.635
3.384 4.79 -1.694
3.401 4.783 -1.695
3.414 4.769 -1.694
3.414 4.738 -1.686
3.384 4.68 -1.666
3.377 4.64 -1.655
3.373 4.603 -1.645
3.395 4.603 -1.649
3.395 4.572 -1.641
3.405 5.691 -1.679
3.416 5.668 -1.675
3.425 5.643 -1.671
3.437 5.622 -1.667
3.452 5.606 -1.666
3.477 5.609 -1.67
3.486 5.583 -1.665
3.472 5.541 -1.654
3.485 5.524 -1.652
3.495 5.501 -1.648
3.507 5.481 -1.645
3.505 5.44 -1.635
3.525 5.434 -1.637
3.522 5.392 -1.627
3.476 6.848 -1.656
3.483 6.81 -1.649
3.477 6.771 -1.64
3.48 6.726 -1.631
3.481 6.675 -1.621
3.502 6.664 -1.621
3.507 6.623 -1.613
3.493 6.545 -1.595
3.443 8.562 -1.662
3.439 8.513 -1.653
3.459 8.486 -1.65
3.473 8.446 -1.644
3.489 8.408 -1.638
3.493 8.342 -1.627
3.497 8.281 -1.616
3.506 8.228 -1.607
3.442 10.501 -1.63
3.444 10.45 -1.622
3.447 10.349 -1.607
3.458 10.273 -1.596
3.448 10.138 -1.575
3.352 13.752 -1.611
3.394 13.739 -1.611
3.436 13.723 -1.61
3.473 13.687 -1.607
3.455 13.442 -1.576
3.465 13.394 -1.57
3.485 13.299 -1.559
3.512 13.232 -1.552
10.485 9.834 -1.3
10.472 9.792 -1.296
10.472 9.731 -1.292
10.481 9.678 -1.289
10.483 9.619 -1.285
10.484 9.559 -1.281
10.479 9.494 -1.276
10.476 9.432 -1.271
10.463 9.391 -1.267
10.461 9.33 -1.263
10.451 9.263 -1.257
10.452 9.205 -1.253
10.458 9.152 -1.25
10.454 9.091 -1.246
3.301 23.629 -1.557
3.344 23.397 -1.54
3.352 22.935 -1.507
3.41 22.829 -1.5
3.421 22.416 -1.47
3.48 22.332 -1.464
3.258 34.424 -1.533
3.303 33.753 -1.499
3.335 33.011 -1.462
3.36 32.242 -1.424
12.747 50.362 -0.884
12.863 50.159 -0.881
12.938 49.799 -0.874
12.855 48.85 -0.854
12.883 48.342 -0.844
12.987 48.123 -0.84
13.013 47.625 -0.83
