-9.07188 0.126469 -0.00774831 0.000180522
-8.483 7.238 -1.646
-8.488 7.265 -1.649
-8.485 7.308 -1.653
-8.479 7.349 -1.657
-8.482 7.399 -1.662
-8.486 7.449 -1.668
-8.47 7.482 -1.669
-8.474 7.534 -1.675
-8.482 7.564 -1.679
-8.458 7.591 -1.679
-8.454 7.636 -1.684
-8.47 7.698 -1.692
-8.474 7.75 -1.698
-8.454 7.78 -1.699
-8.383 11.508 -1.622
-8.379 11.579 -1.629
-8.375 11.651 -1.636
-8.37 11.721 -1.643
-8.366 11.755 -1.646
-8.359 11.823 -1.653
-8.36 11.905 -1.661
-8.337 11.95 -1.664
-8.328 12.019 -1.671
-8.316 12.083 -1.677
-8.278 16.091 -1.577
-8.287 16.172 -1.585
-8.276 16.276 -1.593
-8.256 16.362 -1.6
-8.245 16.47 -1.609
-8.244 16.597 -1.62
-8.24 16.721 -1.631
-8.099 22.425 -1.556
-8.116 22.584 -1.567
-8.098 22.756 -1.578
-8.075 22.918 -1.589
-8.052 23.085 -1.6
-8.017 23.217 -1.609
-12.943 36.256 -0.602
-12.904 36.508 -0.607
-12.889 36.833 -0.613
-12.845 36.895 -0.614
-12.868 37.34 -0.623
-12.819 37.579 -0.627
-12.768 37.82 -0.632
-12.718 38.065 -0.636
-12.666 38.31 -0.641
-12.62 38.577 -0.646
-12.616 38.774 -0.65
-12.564 39.029 -0.655
