3.75271 -0.0042084 0.000706017 9.70197e-06
3.734 3.155 -1.738
3.727 3.129 -1.729
3.732 3.113 -1.727
3.731 3.092 -1.721
3.739 3.079 -1.721
3.737 3.058 -1.715
3.739 3.05 -1.713
3.735 3.028 -1.707
3.742 3.014 -1.706
3.747 2.998 -1.703
3.737 2.971 -1.694
3.732 2.948 -1.687
3.721 3.836 -1.7
3.728 3.819 -1.697
3.726 3.793 -1.691
3.729 3.772 -1.686
3.726 3.746 -1.679
3.732 3.729 -1.676
3.737 3.722 -1.676
3.734 3.695 -1.669
3.732 3.67 -1.662
3.734 3.649 -1.658
3.73 3.623 -1.651
3.747 3.617 -1.653
3.74 3.588 -1.645
3.655 4.689 -1.718
3.663 4.67 -1.716
3.667 4.645 -1.71
3.695 4.65 -1.717
3.689 4.613 -1.707
3.717 4.618 -1.713
3.718 4.604 -1.71
3.7 4.552 -1.694
3.716 4.542 -1.695
3.734 4.535 -1.697
3.748 4.523 -1.697
3.754 4.501 -1.692
3.754 4.473 -1.686
3.75 4.454 -1.681
3.754 4.431 -1.676
3.757 4.406 -1.671
3.759 4.379 -1.665
3.751 5.495 -1.685
3.747 5.453 -1.675
3.749 5.419 -1.667
3.752 5.386 -1.661
3.749 5.346 -1.651
3.759 5.325 -1.648
3.751 5.295 -1.64
3.757 5.269 -1.635
3.761 5.239 -1.629
3.736 6.899 -1.694
3.753 6.879 -1.692
3.759 6.84 -1.685
3.764 6.797 -1.677
3.764 6.748 -1.667
3.763 6.72 -1.661
3.759 6.664 -1.649
3.767 6.628 -1.643
3.708 8.481 -1.668
3.728 8.455 -1.665
3.743 8.416 -1.659
3.75 8.398 -1.656
3.774 8.381 -1.655
3.775 8.313 -1.643
3.784 8.264 -1.635
3.783 8.191 -1.622
3.784 8.127 -1.611
3.753 10.494 -1.645
3.782 10.469 -1.642
3.79 10.389 -1.631
3.796 10.304 -1.619
3.783 10.221 -1.605
3.787 10.133 -1.593
3.789 10.039 -1.579
3.746 13.674 -1.614
3.783 13.642 -1.611
3.799 13.617 -1.609
3.826 13.549 -1.601
3.833 13.415 -1.585
3.846 13.304 -1.572
3.857 13.185 -1.558
3.921 17.601 -1.571
3.93 17.384 -1.55
3.939 17.174 -1.53
3.944 16.946 -1.509
3.93 16.766 -1.491
3.966 16.683 -1.484
4.051 23.129 -1.529
4.082 23.093 -1.527
4.123 22.904 -1.514
4.102 22.381 -1.475
4.124 22.107 -1.456
4.167 21.954 -1.445
4.223 21.875 -1.44
