-8.39937 -0.00937277 0.000735056 8.48469e-06
-8.442 3.978 -1.682
-8.456 4.017 -1.688
-8.442 4.043 -1.688
-8.446 4.061 -1.69
-8.447 4.095 -1.693
-8.438 4.123 -1.694
-8.453 4.163 -1.7
-8.454 4.197 -1.703
-8.432 4.219 -1.701
-8.452 4.262 -1.708
-8.447 4.276 -1.709
-8.458 4.315 -1.714
-8.454 4.346 -1.716
-8.452 4.379 -1.719
-8.445 4.409 -1.72
-8.449 4.445 -1.724
-8.45 4.479 -1.727
-8.44 4.508 -1.728
-8.445 4.528 -1.731
-8.429 4.553 -1.73
-8.418 4.581 -1.731
-8.381 4.596 -1.726
-8.401 4.641 -1.734
-8.477 7.073 -1.628
-8.481 7.121 -1.633
-8.479 7.166 -1.638
-8.469 7.203 -1.64
-8.472 7.251 -1.646
-8.474 7.276 -1.648
-8.472 7.32 -1.653
-8.485 7.378 -1.66
-8.468 7.41 -1.662
-8.467 7.456 -1.666
-8.468 7.505 -1.672
-8.462 7.547 -1.675
-8.48 7.587 -1.682
-8.412 11.247 -1.597
-8.407 11.315 -1.604
-8.418 11.367 -1.61
-8.415 11.438 -1.617
-8.402 11.496 -1.622
-8.384 11.547 -1.626
-8.372 11.607 -1.631
-8.377 11.691 -1.64
-8.37 11.76 -1.647
-8.364 11.791 -1.65
-8.324 15.874 -1.56
-8.318 15.983 -1.57
-8.301 16.075 -1.577
-8.284 16.165 -1.584
-8.298 16.255 -1.592
-8.303 16.391 -1.605
-8.277 16.467 -1.61
-8.251 16.547 -1.616
-8.213 21.57 -1.499
-8.196 21.73 -1.51
-8.188 21.916 -1.523
-8.154 22.037 -1.53
-8.151 22.24 -1.544
-8.113 22.354 -1.551
-8.07 22.456 -1.557
-7.668 31.527 -1.426
-7.631 31.809 -1.439
-7.587 32.068 -1.451
-7.547 32.351 -1.464
-7.527 32.73 -1.483
-7.461 32.917 -1.491
-7.445 33.087 -1.499
-11.17 49.537 -0.86
-11.109 49.997 -0.869
-11.033 50.407 -0.877
-10.953 50.805 -0.885
-10.946 51.165 -0.892
-10.858 51.541 -0.899
-10.773 51.947 -0.907
-10.683 52.345 -0.915
