-8.34623 0.00332947 -0.000950919 1.69088e-05
-8.366 6.305 -1.904
-8.374 6.352 -1.91
-8.366 6.388 -1.914
-8.377 6.438 -1.921
-8.374 6.478 -1.925
-8.359 6.508 -1.926
-8.35 6.543 -1.929
-8.36 6.572 -1.934
-8.357 6.612 -1.939
-8.351 6.65 -1.942
-8.353 6.695 -1.948
-8.34 6.727 -1.95
-8.326 6.76 -1.952
-8.316 6.794 -1.955
-8.428 9.189 -1.855
-8.421 9.241 -1.86
-8.427 9.305 -1.868
-8.419 9.355 -1.873
-8.403 9.396 -1.876
-8.429 9.455 -1.886
-8.4 9.483 -1.887
-8.411 9.555 -1.896
-8.397 9.599 -1.9
-8.404 9.668 -1.909
-8.464 13.957 -1.805
-8.467 14.062 -1.816
-8.454 14.139 -1.823
-8.479 14.232 -1.835
-8.467 14.314 -1.842
-8.472 14.426 -1.855
-8.446 14.485 -1.859
-8.491 17.787 -1.736
-8.513 17.905 -1.747
-8.496 18.014 -1.756
-8.483 18.134 -1.766
-8.481 18.278 -1.779
-8.475 18.417 -1.791
-8.443 18.499 -1.797
-8.379 18.513 -1.796
-8.577 23.514 -1.643
-8.628 23.886 -1.67
-8.605 24.057 -1.681
-8.597 24.274 -1.696
-8.579 24.466 -1.709
-8.619 24.706 -1.727
-8.559 24.782 -1.731
-9.088 36.103 -1.452
-9.109 36.676 -1.477
-9.012 36.779 -1.481
-8.939 36.983 -1.489
-8.911 37.383 -1.506
-8.834 37.584 -1.514
