3.37228 -0.0185465 0.00253627 -6.5104e-05
3.331 3.499 -1.716
3.326 3.472 -1.707
3.325 3.449 -1.701
3.336 3.439 -1.701
3.331 3.412 -1.692
3.328 3.387 -1.684
3.329 3.378 -1.682
3.329 3.357 -1.676
3.322 3.33 -1.667
3.327 3.314 -1.664
3.318 4.875 -1.704
3.318 4.841 -1.695
3.321 4.813 -1.688
3.324 4.785 -1.682
3.314 4.755 -1.672
3.318 4.729 -1.666
3.321 4.701 -1.66
3.329 4.681 -1.656
3.333 4.655 -1.65
3.313 5.867 -1.708
3.328 5.85 -1.706
3.328 5.808 -1.696
3.33 5.791 -1.692
3.331 5.75 -1.683
3.334 5.713 -1.674
3.335 5.674 -1.665
3.336 5.634 -1.656
3.346 6.941 -1.662
3.352 6.897 -1.653
3.369 6.878 -1.651
3.356 6.823 -1.638
3.366 6.79 -1.632
3.359 6.722 -1.618
3.368 6.687 -1.611
3.339 8.74 -1.687
3.353 8.693 -1.679
3.354 8.654 -1.673
3.369 8.613 -1.666
3.326 8.425 -1.629
3.338 8.376 -1.621
3.364 8.365 -1.621
3.39 8.353 -1.621
3.381 8.295 -1.61
3.313 10.73 -1.658
3.318 10.687 -1.652
3.294 10.49 -1.621
3.315 10.444 -1.615
3.34 10.407 -1.61
3.347 10.318 -1.597
3.403 13.772 -1.615
3.427 13.688 -1.605
3.436 13.541 -1.587
3.439 13.378 -1.567
3.453 13.26 -1.553
3.462 13.128 -1.537
3.368 18.197 -1.617
3.424 18.18 -1.617
3.476 18.142 -1.614
3.512 18.022 -1.603
3.489 17.61 -1.563
3.497 17.505 -1.553
3.504 17.256 -1.529
3.529 17.099 -1.515
6.41 23.672 -1.606
6.368 23.225 -1.573
6.413 23.105 -1.566
6.463 23.004 -1.559
6.46 22.718 -1.539
6.475 22.502 -1.524
6.664 34.324 -1.552
6.754 34.215 -1.548
6.764 33.704 -1.522
6.805 33.363 -1.506
6.802 33.081 -1.492
16.968 21.683 -0.513
16.895 21.451 -0.507
16.917 21.339 -0.505
17.028 21.342 -0.507
16.892 21.035 -0.499
16.812 20.801 -0.493
16.836 20.697 -0.491
16.799 20.585 -0.488
16.799 20.453 -0.485
16.832 20.363 -0.484
16.816 20.213 -0.481
16.792 20.056 -0.477
16.824 19.967 -0.476
16.852 19.872 -0.475
16.794 19.741 -0.471
16.896 19.735 -0.473
16.854 19.561 -0.469
16.87 19.456 -0.467
16.824 19.279 -0.463
