-1.8662 -0.0449374 0.00366143 -0.000213222
-2.013 3.717 -1.665
-2.021 3.76 -1.682
-2.02 3.788 -1.692
-2.011 3.799 -1.695
-2.004 3.815 -1.699
-1.997 3.831 -1.704
-1.992 3.836 -1.705
-1.979 3.841 -1.704
-1.961 3.835 -1.699
-1.953 3.85 -1.703
-1.956 3.886 -1.717
-1.946 3.897 -1.719
-1.938 3.911 -1.723
-1.92 3.889 -1.711
-1.916 3.914 -1.72
-2.066 5.356 -1.655
-2.066 5.405 -1.669
-2.074 5.451 -1.684
-2.061 5.468 -1.687
-2.055 5.505 -1.697
-2.035 5.502 -1.694
-2.021 5.52 -1.698
-2.009 5.54 -1.703
-1.999 5.566 -1.709
-1.997 5.587 -1.715
-2.101 6.209 -1.658
-2.102 6.245 -1.667
-2.08 6.246 -1.666
-2.082 6.317 -1.684
-2.063 6.325 -1.685
-2.06 6.383 -1.699
-2.049 6.417 -1.707
-2.029 6.425 -1.708
-2.021 6.436 -1.71
-2.147 7.345 -1.65
-2.152 7.447 -1.673
-2.136 7.482 -1.679
-2.117 7.504 -1.683
-2.105 7.552 -1.693
-2.105 7.596 -1.703
-2.206 8.904 -1.652
-2.198 8.989 -1.667
-2.191 9.023 -1.673
-2.17 9.063 -1.68
-2.15 9.104 -1.687
-2.139 9.183 -1.701
-2.118 9.226 -1.708
-2.282 10.74 -1.618
-2.255 10.776 -1.623
-2.252 10.847 -1.634
-2.23 10.914 -1.644
-2.232 11.097 -1.672
-2.216 11.197 -1.687
-2.442 14.017 -1.62
-2.408 14.083 -1.628
-2.37 14.13 -1.633
-2.36 14.212 -1.643
-2.341 14.376 -1.664
-2.299 14.401 -1.666
-2.263 14.468 -1.674
-4.079 22.413 -1.477
-4.031 22.549 -1.487
-3.995 22.762 -1.502
-3.953 22.944 -1.514
-3.903 23.088 -1.524
-3.874 23.358 -1.543
-3.812 23.439 -1.548
-15.145 37.063 -1.577
-15.118 37.331 -1.588
-15.086 37.592 -1.598
-15.041 37.823 -1.607
-15.007 38.088 -1.617
-15.032 38.327 -1.627
-14.978 38.545 -1.636
-14.864 38.611 -1.637
-21.434 41.387 -0.772
-21.379 41.6 -0.776
-21.274 41.718 -0.777
-21.316 41.964 -0.782
-21.46 42.579 -0.795
-21.337 42.668 -0.795
-21.319 42.967 -0.801
-21.256 43.181 -0.804
-21.228 43.469 -0.809
-21.196 43.751 -0.814
-21.21 43.958 -0.818
-21.149 44.185 -0.822
-21.067 44.372 -0.825
-20.907 44.393 -0.824
