-8.05314 0.0125089 -0.00109709 4.0437e-05
-8.019 5.219 -1.728
-8.024 5.258 -1.733
-8.019 5.291 -1.736
-8.026 5.313 -1.739
-8.019 5.345 -1.741
-8.008 5.375 -1.743
-8.001 5.406 -1.745
-7.992 5.437 -1.747
-7.991 5.473 -1.751
-7.997 5.514 -1.756
-8.011 5.542 -1.761
-8.019 5.585 -1.768
-8 5.609 -1.767
-7.997 5.644 -1.771
-7.99 5.677 -1.773
-7.974 5.703 -1.774
-7.993 5.755 -1.782
-8.043 8.034 -1.68
-8.039 8.08 -1.685
-8.053 8.145 -1.694
-8.038 8.181 -1.696
-8.03 8.225 -1.7
-8.037 8.284 -1.708
-8.034 8.306 -1.71
-8.027 8.352 -1.714
-8.012 8.388 -1.717
-7.998 8.426 -1.72
-7.992 8.473 -1.724
-7.989 8.524 -1.73
-7.998 11.618 -1.605
-7.991 11.687 -1.612
-7.983 11.755 -1.618
-7.977 11.826 -1.625
-7.973 11.901 -1.633
-7.967 11.972 -1.64
-7.983 12.038 -1.648
-7.968 12.097 -1.653
-7.947 12.149 -1.657
-7.97 15.614 -1.522
-7.96 15.717 -1.53
-7.975 15.808 -1.539
-7.964 15.909 -1.547
-7.957 16.022 -1.557
-7.95 16.134 -1.566
-7.916 16.193 -1.57
-7.864 16.216 -1.57
-7.844 16.305 -1.577
-7.9 20.948 -1.448
-7.921 21.104 -1.46
-7.907 21.269 -1.471
-7.9 21.455 -1.483
-7.881 21.612 -1.494
-7.835 21.697 -1.499
-7.669 28.589 -1.283
-7.622 28.775 -1.291
-7.643 29.038 -1.304
-7.618 29.317 -1.317
-7.583 29.562 -1.329
-7.552 29.829 -1.341
-7.489 29.975 -1.348
-11.06 48.691 -0.842
-10.951 48.922 -0.846
-10.879 49.329 -0.854
-10.788 49.656 -0.86
-10.726 50.13 -0.87
-10.705 50.815 -0.884
-10.73 51.335 -0.895
