-8.21381 0.0728775 -0.00521979 0.000142603
-7.923 5.824 -2.068
-7.919 5.859 -2.072
-7.924 5.902 -2.078
-7.922 5.94 -2.083
-7.919 5.976 -2.087
-7.927 6.002 -2.092
-7.919 6.035 -2.095
-7.909 6.067 -2.098
-7.912 6.108 -2.104
-7.908 6.145 -2.108
-7.907 6.185 -2.114
-7.906 6.224 -2.119
-7.905 6.244 -2.121
-7.877 7.928 -2.039
-7.879 7.98 -2.047
-7.882 8.034 -2.055
-7.87 8.071 -2.058
-7.869 8.121 -2.065
-7.858 8.161 -2.069
-7.867 8.196 -2.075
-7.869 8.249 -2.083
-7.855 8.287 -2.086
-7.838 8.321 -2.089
-7.821 8.356 -2.091
-7.794 8.379 -2.091
-7.798 8.41 -2.096
-7.773 8.436 -2.096
-7.861 10.799 -1.996
-7.857 10.866 -2.004
-7.841 10.914 -2.009
-7.845 10.993 -2.02
-7.836 11.053 -2.026
-7.831 11.12 -2.035
-7.833 11.16 -2.04
-7.828 11.228 -2.048
-7.801 11.264 -2.051
-7.804 15.796 -1.964
-7.795 15.903 -1.975
-7.787 16.015 -1.987
-7.767 16.102 -1.995
-7.761 16.219 -2.008
-7.75 16.327 -2.02
-7.738 16.367 -2.023
-7.686 19.902 -1.895
-7.682 20.08 -1.912
-7.643 20.167 -1.918
-7.632 20.331 -1.933
-7.615 20.48 -1.946
-7.6 20.536 -1.951
-7.54 20.573 -1.952
-13.91 28.278 -1.966
-13.884 28.451 -1.976
-13.775 28.453 -1.973
-13.752 28.635 -1.983
-13.698 28.753 -1.989
-13.668 28.807 -1.992
-13.617 28.935 -1.998
-13.6 29.137 -2.01
-13.543 29.254 -2.016
-7.585 42.311 -1.708
-7.527 42.758 -1.727
-7.448 43.102 -1.742
-7.356 43.385 -1.754
-7.32 44.015 -1.781
-7.285 44.675 -1.81
-7.219 44.71 -1.811
