-7.99142 0.018675 -0.000289813 2.30088e-05
-7.908 4.6 -1.647
-7.916 4.621 -1.65
-7.906 4.649 -1.651
-7.915 4.687 -1.657
-7.917 4.722 -1.66
-7.913 4.753 -1.663
-7.903 4.781 -1.664
-7.888 4.806 -1.664
-7.895 4.827 -1.667
-7.903 4.866 -1.673
-7.893 4.894 -1.674
-7.883 4.922 -1.675
-7.89 4.962 -1.68
-7.89 4.996 -1.684
-7.872 5.019 -1.683
-7.898 5.053 -1.691
-7.908 5.095 -1.697
-7.915 7.615 -1.619
-7.904 7.652 -1.622
-7.901 7.697 -1.626
-7.893 7.737 -1.63
-7.896 7.79 -1.636
-7.9 7.842 -1.642
-7.896 7.888 -1.647
-7.902 7.918 -1.651
-7.897 7.963 -1.656
-7.883 7.999 -1.658
-7.884 8.05 -1.664
-7.882 8.099 -1.669
-7.799 11.6 -1.588
-7.786 11.661 -1.594
-7.775 11.723 -1.6
-7.773 11.801 -1.608
-7.777 11.848 -1.613
-7.766 11.912 -1.619
-7.757 11.981 -1.626
-7.736 12.031 -1.63
-7.734 12.112 -1.639
-7.707 12.153 -1.641
-7.714 16.034 -1.547
-7.711 16.157 -1.558
-7.693 16.251 -1.566
-7.681 16.358 -1.575
-7.678 16.485 -1.586
-7.658 16.578 -1.593
-7.63 16.654 -1.599
-7.537 21.946 -1.509
-7.515 22.105 -1.519
-7.496 22.28 -1.531
-7.48 22.464 -1.543
-7.446 22.597 -1.552
-7.447 22.721 -1.561
-7.416 22.867 -1.57
-6.819 34.85 -1.376
-6.759 35.128 -1.387
-6.702 35.434 -1.4
-6.665 35.858 -1.419
-6.618 36.24 -1.435
-6.574 36.65 -1.453
-6.492 36.86 -1.461
-6.425 36.815 -1.459
