-8.45095 -0.00324857 -0.000192542 -1.85647e-06
-8.517 5.606 -2.149
-8.506 5.637 -2.151
-8.511 5.679 -2.157
-8.503 5.712 -2.159
-8.51 5.737 -2.164
-8.514 5.779 -2.17
-8.512 5.817 -2.174
-8.51 5.854 -2.178
-8.504 5.89 -2.182
-8.506 5.931 -2.188
-8.51 5.974 -2.194
-8.49 5.999 -2.193
-8.504 6.03 -2.2
-8.528 7.736 -2.105
-8.518 7.776 -2.109
-8.51 7.817 -2.113
-8.505 7.862 -2.118
-8.485 7.893 -2.119
-8.466 7.925 -2.121
-8.478 7.987 -2.131
-8.48 8.013 -2.134
-8.492 8.075 -2.144
-8.503 8.137 -2.154
-8.498 8.183 -2.159
-8.558 10.695 -2.05
-8.561 10.768 -2.059
-8.549 10.823 -2.065
-8.547 10.89 -2.073
-8.528 10.937 -2.077
-8.544 11.028 -2.09
-8.546 11.066 -2.095
-8.544 11.135 -2.104
-8.53 11.19 -2.109
-8.607 15.707 -2
-8.609 15.828 -2.013
-8.612 15.951 -2.026
-8.597 16.045 -2.035
-8.599 16.17 -2.049
-8.585 16.204 -2.052
-8.544 16.25 -2.055
-8.646 19.841 -1.926
-8.607 19.921 -1.931
-8.618 20.12 -1.95
-8.612 20.28 -1.964
-8.601 20.434 -1.977
-8.594 20.506 -1.984
-8.568 20.626 -1.994
-15.031 30.44 -2.134
-15.019 30.659 -2.147
-14.943 30.747 -2.15
-14.946 31.001 -2.166
-14.905 31.042 -2.167
-14.883 31.248 -2.179
-14.885 31.507 -2.195
-9.127 40.851 -1.658
-9.066 41.186 -1.672
-9.002 41.517 -1.686
-8.913 41.737 -1.695
-8.865 42.166 -1.713
-8.85 42.763 -1.739
-8.871 43.203 -1.758
