3.65618 -0.00135857 -0.000301676 3.74502e-06
3.629 2.575 -1.759
3.634 2.561 -1.757
3.627 2.539 -1.749
3.626 2.522 -1.745
3.639 2.513 -1.747
3.632 2.5 -1.741
3.63 2.483 -1.737
3.643 2.474 -1.739
3.638 2.455 -1.733
3.643 2.441 -1.731
3.651 2.43 -1.731
3.656 2.425 -1.732
3.648 2.403 -1.724
3.645 2.385 -1.719
3.651 2.373 -1.718
3.644 2.352 -1.711
3.653 2.342 -1.712
3.654 2.326 -1.709
3.653 2.318 -1.706
3.634 3.323 -1.751
3.624 3.293 -1.74
3.624 3.273 -1.735
3.632 3.259 -1.734
3.636 3.242 -1.731
3.638 3.223 -1.727
3.649 3.223 -1.73
3.642 3.196 -1.721
3.64 3.175 -1.716
3.648 3.161 -1.714
3.645 3.139 -1.708
3.645 3.119 -1.703
3.653 3.106 -1.702
3.649 3.093 -1.698
3.562 4.178 -1.749
3.558 4.161 -1.744
3.563 4.139 -1.74
3.583 4.137 -1.743
3.59 4.118 -1.74
3.599 4.103 -1.738
3.617 4.097 -1.741
3.622 4.077 -1.737
3.615 4.056 -1.73
3.63 4.048 -1.731
3.631 4.024 -1.725
3.636 4.004 -1.721
3.64 3.983 -1.717
3.655 3.974 -1.718
3.645 3.939 -1.707
3.646 3.928 -1.705
3.644 3.901 -1.698
3.656 4.722 -1.727
3.652 4.701 -1.721
3.648 4.665 -1.711
3.648 4.636 -1.704
3.655 4.614 -1.7
3.666 4.598 -1.698
3.668 4.571 -1.692
3.668 4.542 -1.685
3.655 4.511 -1.675
3.542 5.964 -1.762
3.555 5.943 -1.759
3.564 5.915 -1.753
3.58 5.901 -1.752
3.592 5.878 -1.749
3.602 5.854 -1.744
3.615 5.832 -1.741
3.624 5.827 -1.741
3.615 5.771 -1.727
3.636 5.764 -1.729
3.639 5.73 -1.721
3.641 5.693 -1.713
3.652 5.67 -1.709
3.589 7.36 -1.774
3.597 7.317 -1.766
3.612 7.29 -1.762
3.622 7.253 -1.755
3.617 7.185 -1.74
3.624 7.171 -1.738
3.616 7.1 -1.723
3.624 9.099 -1.772
3.614 9.033 -1.759
3.619 8.963 -1.747
3.631 8.912 -1.739
3.648 8.873 -1.733
3.652 8.804 -1.721
3.556 11.333 -1.761
3.565 11.235 -1.747
3.593 11.203 -1.743
3.589 11.128 -1.732
3.578 10.976 -1.708
3.32 15.154 -1.785
3.36 15.11 -1.781
3.387 15.009 -1.769
3.415 14.915 -1.758
3.43 14.767 -1.74
3.445 14.731 -1.736
3.486 14.697 -1.733
3.504 20.378 -1.831
3.556 20.295 -1.824
3.574 20.029 -1.798
3.584 19.721 -1.769
3.6 19.463 -1.744
3.627 19.266 -1.725
3.4 27.88 -1.868
3.469 27.721 -1.857
3.53 27.502 -1.842
3.55 26.981 -1.804
3.524 26.459 -1.766
12.02 34.565 -1.634
11.951 34.193 -1.615
12.011 34.02 -1.608
12.028 33.731 -1.595
12.036 33.421 -1.58
13.275 66.795 -1.223
13.459 66.627 -1.22
13.37 65.133 -1.189
13.44 64.957 -1.186
13.337 63.457 -1.155
