-8.0746 0.0198717 -0.000961217 3.49473e-05
-8.024 4.434 -1.65
-8.029 4.47 -1.655
-8.025 4.501 -1.657
-7.999 4.519 -1.654
-8.012 4.56 -1.66
-8.027 4.601 -1.667
-8.04 4.626 -1.671
-8.036 4.657 -1.674
-8.026 4.685 -1.675
-8.023 4.717 -1.677
-8.02 4.749 -1.68
-8.019 4.782 -1.683
-8.002 4.806 -1.683
-8.01 4.828 -1.686
-8.013 4.864 -1.69
-8.004 4.894 -1.692
-8.002 4.927 -1.695
-8.002 4.961 -1.698
-7.994 4.992 -1.7
-8.027 7.366 -1.605
-8.031 7.417 -1.611
-8.014 7.447 -1.612
-8 7.482 -1.614
-8.027 7.554 -1.625
-8.009 7.585 -1.626
-8.019 7.618 -1.631
-8.013 7.661 -1.635
-7.982 7.679 -1.634
-7.972 7.718 -1.637
-7.975 7.769 -1.643
-7.96 7.803 -1.645
-7.974 7.866 -1.653
-7.974 7.891 -1.656
-7.933 11.294 -1.566
-7.933 11.371 -1.574
-7.94 11.419 -1.58
-7.938 11.493 -1.587
-7.922 11.547 -1.592
-7.924 11.628 -1.6
-7.925 11.709 -1.609
-7.916 11.775 -1.615
-7.896 11.826 -1.619
-7.886 11.851 -1.621
-7.879 15.68 -1.523
-7.873 15.79 -1.533
-7.856 15.881 -1.54
-7.857 16.009 -1.551
-7.849 16.119 -1.561
-7.837 16.224 -1.57
-7.825 16.265 -1.573
-7.781 16.304 -1.574
-7.764 21.396 -1.476
-7.757 21.587 -1.489
-7.739 21.753 -1.5
-7.756 21.908 -1.511
-7.733 22.064 -1.521
-7.696 22.18 -1.529
-7.638 22.238 -1.531
-7.518 29.891 -1.344
-7.435 29.959 -1.346
-7.398 30.217 -1.358
-7.373 30.528 -1.373
-7.4 30.85 -1.389
-7.37 31.157 -1.404
-7.325 31.404 -1.416
-10.3 55.335 -0.975
-10.276 56.191 -0.993
-10.21 56.841 -1.006
-10.137 57.47 -1.019
-10.052 58.055 -1.03
