3.83639 0.0174866 -0.00117738 3.03626e-05
3.859 2.313 -1.779
3.851 2.292 -1.772
3.855 2.278 -1.77
3.859 2.264 -1.769
3.866 2.252 -1.769
3.865 2.235 -1.765
3.856 2.214 -1.757
3.862 2.21 -1.759
3.863 2.194 -1.755
3.857 2.174 -1.749
3.865 2.163 -1.75
3.866 2.148 -1.747
3.864 2.131 -1.743
3.855 2.11 -1.735
3.861 2.106 -1.737
3.868 2.094 -1.737
3.866 2.077 -1.733
3.866 2.062 -1.73
3.874 2.05 -1.731
3.866 2.03 -1.724
3.868 2.024 -1.723
3.867 2.008 -1.72
3.864 1.991 -1.715
3.862 3.18 -1.781
3.853 3.152 -1.772
3.847 3.127 -1.764
3.856 3.125 -1.766
3.85 3.1 -1.758
3.854 3.083 -1.755
3.864 3.071 -1.755
3.863 3.051 -1.75
3.859 3.028 -1.744
3.869 3.016 -1.744
3.863 2.993 -1.737
3.858 2.979 -1.732
3.88 2.977 -1.738
3.866 2.946 -1.727
3.865 2.926 -1.722
3.85 3.943 -1.756
3.842 3.91 -1.747
3.844 3.887 -1.741
3.854 3.873 -1.74
3.859 3.854 -1.737
3.852 3.823 -1.728
3.855 3.815 -1.727
3.854 3.789 -1.72
3.849 3.761 -1.712
3.856 3.744 -1.71
3.869 3.733 -1.711
3.867 3.708 -1.704
3.893 4.48 -1.716
3.899 4.458 -1.711
3.903 4.434 -1.707
3.887 4.402 -1.696
3.901 4.39 -1.696
3.885 4.344 -1.682
3.893 4.325 -1.679
3.905 4.311 -1.679
3.906 4.285 -1.673
3.922 4.275 -1.674
3.927 4.268 -1.674
3.92 4.233 -1.664
3.93 4.218 -1.663
3.949 4.211 -1.665
3.966 4.203 -1.667
3.981 4.192 -1.668
3.994 4.179 -1.668
3.994 4.166 -1.665
3.997 4.144 -1.661
4.006 4.127 -1.659
4.022 4.117 -1.66
4.027 4.096 -1.656
4.03 4.074 -1.652
4.038 4.056 -1.65
3.847 5.853 -1.78
3.863 5.838 -1.779
3.88 5.823 -1.778
3.891 5.801 -1.775
3.889 5.758 -1.765
3.896 5.73 -1.76
3.889 5.7 -1.752
3.902 5.679 -1.749
3.901 5.64 -1.74
3.896 5.595 -1.729
3.913 7.069 -1.748
3.919 7.027 -1.741
3.915 6.994 -1.734
3.918 6.947 -1.725
3.919 6.898 -1.715
3.921 6.852 -1.706
3.925 6.809 -1.697
3.919 8.56 -1.698
3.932 8.518 -1.692
3.937 8.457 -1.682
3.94 8.395 -1.671
3.949 8.345 -1.663
3.934 8.28 -1.65
3.939 8.224 -1.641
3.824 10.483 -1.647
3.854 10.464 -1.646
3.869 10.454 -1.645
3.901 10.44 -1.645
3.914 10.374 -1.635
3.923 10.301 -1.625
3.923 10.204 -1.611
3.93 10.125 -1.599
3.934 10.041 -1.587
3.93 13.59 -1.61
3.952 13.507 -1.601
3.956 13.367 -1.584
3.958 13.223 -1.566
3.946 13.109 -1.552
3.964 13.021 -1.542
3.996 12.978 -1.537
12.373 7.572 -1.314
12.37 7.517 -1.311
12.371 7.465 -1.308
12.379 7.416 -1.306
12.37 7.358 -1.302
12.366 7.33 -1.3
12.37 7.28 -1.298
12.358 7.221 -1.294
12.367 7.174 -1.292
12.362 7.119 -1.289
12.359 7.066 -1.286
12.365 7.018 -1.284
12.352 6.985 -1.281
12.346 6.931 -1.278
12.328 6.87 -1.273
12.342 6.827 -1.272
12.344 6.778 -1.27
12.338 6.724 -1.266
12.341 6.675 -1.264
12.332 6.646 -1.262
14.316 6.392 -1.057
14.245 6.307 -1.049
14.195 6.232 -1.043
14.403 6.269 -1.059
14.227 6.139 -1.042
13.983 6.009 -1.02
13.874 5.91 -1.009
13.912 5.875 -1.01
13.75 5.756 -0.995
7.912 29.438 -1.327
7.982 29.332 -1.323
8.009 29.07 -1.31
8.009 28.716 -1.293
8.043 28.492 -1.283
7.995 28.149 -1.266
