-8.52367 0.0272791 -0.00106402 1.47276e-05
-8.408 5.126 -2.071
-8.396 5.155 -2.072
-8.405 5.197 -2.079
-8.394 5.227 -2.08
-8.392 5.262 -2.084
-8.395 5.301 -2.089
-8.4 5.323 -2.093
-8.4 5.36 -2.097
-8.389 5.39 -2.099
-8.386 5.425 -2.102
-8.378 5.458 -2.105
-8.392 5.505 -2.113
-8.38 5.534 -2.114
-8.384 5.556 -2.118
-8.373 5.587 -2.12
-8.362 5.617 -2.121
-8.346 5.645 -2.122
-8.362 7.421 -2.04
-8.366 7.47 -2.047
-8.36 7.512 -2.052
-8.351 7.552 -2.055
-8.344 7.594 -2.06
-8.351 7.648 -2.068
-8.363 7.683 -2.074
-8.351 7.72 -2.077
-8.351 7.769 -2.084
-8.345 7.813 -2.089
-8.329 7.847 -2.091
-8.307 7.876 -2.092
-8.294 7.913 -2.095
-8.287 7.931 -2.096
-8.268 19.139 -1.848
-8.276 19.324 -1.865
-8.25 19.431 -1.873
-8.239 19.576 -1.886
-8.228 19.722 -1.899
-8.173 19.765 -1.901
-8.11 19.789 -1.9
-8.097 19.845 -1.905
-8.363 25.237 -1.758
-8.304 25.324 -1.763
-8.295 25.568 -1.779
-8.281 25.799 -1.795
-8.267 26.038 -1.812
-8.254 26.283 -1.829
-8.225 26.48 -1.842
-8.701 38.092 -1.534
-8.603 38.215 -1.539
-8.517 38.396 -1.546
-8.518 38.69 -1.558
-8.434 38.889 -1.566
-8.373 39.2 -1.579
-8.285 39.395 -1.587
-8.167 39.452 -1.588
-19.41 55.793 -1.034
-19.351 56.19 -1.041
-19.437 56.729 -1.052
-19.428 57.292 -1.063
-19.505 58.121 -1.08
-19.417 58.464 -1.087
