-9.4979 0.0480482 0.00243236 -0.000102955
-9.161 4.192 -1.826
-9.18 4.218 -1.831
-9.184 4.255 -1.835
-9.153 4.276 -1.831
-9.166 4.317 -1.837
-9.168 4.353 -1.841
-9.146 4.378 -1.839
-9.153 4.417 -1.843
-9.169 4.442 -1.848
-9.157 4.472 -1.849
-9.152 4.505 -1.85
-9.138 4.534 -1.85
-9.139 4.57 -1.854
-9.132 4.602 -1.855
-9.131 4.638 -1.858
-9.131 4.656 -1.86
-9.12 4.686 -1.861
-9.116 4.72 -1.863
-9.116 4.757 -1.866
-9.098 4.784 -1.866
-9.107 4.825 -1.871
-9.095 4.856 -1.872
-9.091 4.872 -1.872
-9.076 4.9 -1.872
-9.057 4.927 -1.872
-9.054 4.962 -1.874
-9.064 5.005 -1.88
-8.922 7.806 -1.757
-8.93 7.862 -1.764
-8.935 7.916 -1.77
-8.909 7.943 -1.77
-8.928 7.986 -1.777
-8.911 8.021 -1.779
-8.902 8.063 -1.782
-8.901 8.114 -1.787
-8.906 8.169 -1.794
-8.886 8.203 -1.795
-8.897 8.264 -1.803
-8.892 8.286 -1.805
-8.887 8.333 -1.809
-8.86 8.361 -1.809
-8.84 8.394 -1.811
-8.823 8.431 -1.813
-8.637 13.015 -1.718
-8.628 13.09 -1.725
-8.614 13.158 -1.732
-8.616 13.252 -1.741
-8.607 13.329 -1.749
-8.62 13.396 -1.756
-8.611 13.475 -1.764
-8.603 13.555 -1.772
-8.436 16.784 -1.645
-8.459 16.895 -1.656
-8.45 17.01 -1.665
-8.434 17.112 -1.674
-8.421 17.222 -1.683
-8.404 17.325 -1.691
-8.405 17.466 -1.704
-8.414 22.626 -1.577
-8.41 22.834 -1.592
-8.397 23.023 -1.605
-8.389 23.225 -1.618
-8.374 23.415 -1.631
-8.338 23.545 -1.639
-8.307 23.693 -1.649
-8.488 34.167 -1.362
-8.447 34.463 -1.375
-8.415 34.808 -1.389
-8.411 35.279 -1.41
-8.47 35.775 -1.432
-8.394 35.959 -1.439
-8.309 36.108 -1.444
