1.00666 -38.5299 18.5518 -2.26658
-1.885 3.585 -1.59
-1.886 3.601 -1.596
-1.883 3.623 -1.604
-1.876 3.637 -1.608
-1.873 3.659 -1.616
-1.868 3.678 -1.622
-1.859 3.689 -1.624
-1.852 3.705 -1.629
-1.852 3.719 -1.634
-1.84 3.725 -1.634
-1.839 3.753 -1.644
-1.913 4.068 -1.588
-1.905 4.085 -1.593
-1.898 4.102 -1.598
-1.89 4.119 -1.602
-1.889 4.134 -1.607
-1.886 4.163 -1.617
-1.878 4.18 -1.621
-1.874 4.208 -1.63
-1.87 4.234 -1.639
-1.932 5.153 -1.582
-1.924 5.181 -1.589
-1.915 5.208 -1.596
-1.939 5.324 -1.632
-1.924 5.333 -1.633
-1.912 5.352 -1.637
-12.15 7.113 -1.601
-12.158 7.17 -1.606
-12.161 7.223 -1.61
-12.152 7.269 -1.612
-12.16 7.326 -1.616
-12.126 7.358 -1.615
-12.169 7.41 -1.623
-12.179 7.469 -1.628
-12.2 7.534 -1.635
-12.189 7.581 -1.637
-12.172 7.624 -1.638
-12.172 7.677 -1.641
-12.144 7.713 -1.641
-12.154 7.746 -1.644
-12.153 7.799 -1.648
-12.142 7.846 -1.65
-12.122 7.887 -1.65
-12.104 7.929 -1.651
-12.09 7.975 -1.653
-12.29 12.506 -1.522
-12.279 12.573 -1.526
-12.284 12.618 -1.53
-12.337 12.753 -1.543
-12.312 12.807 -1.545
-12.255 12.828 -1.542
-12.326 12.984 -1.558
-12.322 13.061 -1.564
-12.322 13.143 -1.569
-12.334 13.198 -1.574
-12.298 13.242 -1.575
-25.185 9.301 -1.145
-25.447 9.489 -1.16
-25.696 9.673 -1.175
-25.892 9.839 -1.187
-26.012 9.979 -1.195
-25.988 10.063 -1.196
