-0.784355 -0.65979 0.134633 -0.00956077
-1.884 3.61 -1.599
-1.881 3.62 -1.602
-1.873 3.632 -1.605
-1.873 3.661 -1.616
-1.866 3.675 -1.62
-1.848 3.668 -1.614
-1.856 3.713 -1.633
-1.844 3.719 -1.633
-1.847 3.74 -1.641
-1.835 3.746 -1.641
-1.828 3.762 -1.646
-1.818 3.771 -1.647
-1.82 3.806 -1.661
-1.809 3.812 -1.661
-1.79 3.804 -1.655
-1.791 3.821 -1.661
-1.909 4.058 -1.584
-1.904 4.081 -1.591
-1.894 4.094 -1.594
-1.89 4.12 -1.603
-1.887 4.148 -1.612
-1.882 4.155 -1.613
-1.879 4.183 -1.623
-1.875 4.209 -1.631
-1.868 4.229 -1.637
-12.153 7.115 -1.602
-12.162 7.172 -1.606
-12.168 7.227 -1.611
-12.15 7.268 -1.612
-12.156 7.324 -1.616
-12.126 7.358 -1.615
-12.147 7.423 -1.621
-12.181 7.47 -1.628
-12.2 7.534 -1.635
-12.186 7.579 -1.636
-12.164 7.618 -1.636
-12.158 7.668 -1.639
-12.149 7.716 -1.641
-12.143 7.766 -1.644
-12.146 7.795 -1.647
-12.137 7.842 -1.649
-12.122 7.887 -1.65
-12.099 7.926 -1.651
-12.09 7.975 -1.653
-12.347 12.408 -1.519
-12.353 12.492 -1.525
-12.303 12.519 -1.524
-12.283 12.578 -1.527
-12.278 12.652 -1.531
-12.338 12.754 -1.543
-12.305 12.8 -1.544
-12.279 12.853 -1.546
-12.319 12.976 -1.557
-12.318 13.057 -1.563
-12.314 13.135 -1.568
-12.302 13.205 -1.573
-12.295 13.239 -1.574
-24.961 9.174 -1.132
-25.205 9.309 -1.146
-25.487 9.503 -1.162
-25.717 9.681 -1.176
-25.905 9.844 -1.188
-26.036 9.988 -1.197
