-1.08534 0.716642 0.00139785 -0.00157989
5.651 12.665 -1.575
5.687 12.64 -1.573
5.718 12.602 -1.571
5.683 12.474 -1.554
5.637 12.271 -1.528
5.63 12.156 -1.514
5.671 12.144 -1.515
5.658 12.018 -1.5
15.156 7.556 -1.463
15.15 7.493 -1.46
15.079 7.429 -1.451
15.087 7.373 -1.449
15.099 7.321 -1.448
15.106 7.265 -1.446
15.107 7.208 -1.444
15.142 7.166 -1.445
15.033 7.085 -1.432
15.08 7.05 -1.435
15.059 6.982 -1.43
15.056 6.923 -1.427
15.063 6.869 -1.426
15.044 6.804 -1.422
15.019 6.735 -1.416
14.971 6.686 -1.41
8.92 21.214 -1.494
8.945 21.088 -1.487
8.913 20.829 -1.468
8.797 20.379 -1.434
24.211 20.474 -1.388
24.263 20.387 -1.388
24.276 20.268 -1.384
24.314 20.17 -1.383
24.329 20.054 -1.38
24.346 19.94 -1.377
24.34 19.871 -1.374
24.347 19.749 -1.371
24.354 19.629 -1.367
24.378 19.522 -1.365
24.413 19.424 -1.363
24.428 19.312 -1.36
24.409 19.234 -1.357
24.409 19.11 -1.353
24.444 19.014 -1.351
24.453 18.898 -1.348
24.476 18.793 -1.346
24.487 18.679 -1.343
24.504 18.571 -1.34
24.492 18.501 -1.338
24.515 18.398 -1.335
29.688 48.99 -0.996
29.383 48.145 -0.978
29.45 47.915 -0.974
29.531 47.71 -0.971
29.464 47.271 -0.963
29.464 46.941 -0.957
29.07 46.154 -0.939
