31.9342 -73.2365 29.7215 -3.37167
-1.9 4.229 -1.642
-1.893 4.25 -1.648
-1.893 4.269 -1.654
-1.881 4.278 -1.656
-1.879 4.31 -1.667
-1.862 4.307 -1.663
-1.857 4.334 -1.672
-1.852 4.36 -1.68
-1.852 4.401 -1.694
-2.571 4.832 -1.572
-2.593 4.91 -1.597
-2.616 4.989 -1.622
-2.633 5.041 -1.639
-2.643 5.1 -1.656
-2.651 5.154 -1.672
-1.897 8.907 -1.639
-1.881 8.967 -1.649
-1.883 9.046 -1.665
-1.872 9.135 -1.681
-1.845 9.15 -1.683
-1.82 9.177 -1.687
-1.794 9.195 -1.689
-1.767 9.214 -1.692
-12.426 6.559 -1.598
-12.434 6.613 -1.602
-12.425 6.659 -1.604
-12.432 6.713 -1.608
-12.449 6.773 -1.613
-12.454 6.826 -1.617
-12.462 6.882 -1.621
-12.498 6.927 -1.628
-12.531 6.998 -1.636
-12.551 7.06 -1.642
-12.551 7.112 -1.646
-12.549 7.164 -1.649
-12.354 13.556 -1.601
-12.374 13.621 -1.607
-12.391 13.726 -1.616
-12.359 13.777 -1.618
-12.258 13.752 -1.609
-12.306 13.893 -1.623
-12.313 13.988 -1.63
-12.258 14.015 -1.629
-12.336 14.148 -1.644
-12.325 14.226 -1.649
-12.278 14.261 -1.648
-12.243 14.312 -1.65
-12.207 14.361 -1.651
-21.286 1.287 -1.37
-21.352 1.358 -1.375
-21.389 1.428 -1.378
-21.435 1.465 -1.382
-21.551 1.541 -1.391
-21.797 1.627 -1.409
-21.83 1.698 -1.412
-21.832 1.767 -1.413
-21.838 1.837 -1.414
-21.856 1.908 -1.415
-21.861 1.943 -1.416
-21.897 2.015 -1.419
-21.922 2.087 -1.421
-25.541 9.115 -1.158
-25.558 9.211 -1.161
-25.752 9.326 -1.172
-26.049 9.526 -1.189
-26.362 9.734 -1.207
-26.633 9.929 -1.224
-26.788 10.083 -1.234
-38.244 36.12 -0.898
-38.295 36.397 -0.903
-38.344 36.673 -0.907
-38.318 36.88 -0.91
-38.331 37.125 -0.914
-38.389 37.416 -0.919
-38.522 37.783 -0.926
-38.827 38.202 -0.937
-38.669 38.286 -0.936
-38.674 38.533 -0.94
-38.611 38.712 -0.941
-38.621 38.967 -0.945
-38.607 39.198 -0.949
