5.01753 -43.1813 20.6939 -2.57582
-1.849 3.669 -1.615
-1.857 3.7 -1.628
-1.852 3.721 -1.635
-1.842 3.73 -1.637
-1.839 3.753 -1.644
-1.828 3.762 -1.646
-1.816 3.766 -1.645
-1.817 3.8 -1.658
-1.815 3.809 -1.661
-1.794 3.797 -1.653
-1.792 3.824 -1.663
-1.782 3.835 -1.665
-1.765 3.828 -1.66
-1.765 3.861 -1.672
-1.748 3.84 -1.661
-1.738 3.849 -1.663
-1.731 3.866 -1.668
-1.72 3.873 -1.669
-1.931 5.152 -1.581
-1.929 5.195 -1.594
-1.916 5.21 -1.597
-1.94 5.326 -1.633
-1.927 5.342 -1.636
-1.916 5.363 -1.641
-1.905 5.36 -1.639
-12.157 7.015 -1.596
-12.16 7.068 -1.6
-12.152 7.114 -1.602
-12.158 7.17 -1.606
-12.154 7.219 -1.609
-12.145 7.265 -1.611
-12.149 7.32 -1.615
-12.128 7.333 -1.613
-12.161 7.405 -1.622
-12.169 7.463 -1.627
-12.19 7.528 -1.633
-12.173 7.571 -1.634
-12.164 7.618 -1.636
-12.153 7.665 -1.638
-12.156 7.694 -1.641
-12.149 7.743 -1.643
-12.146 7.795 -1.647
-12.132 7.839 -1.648
-12.286 12.502 -1.521
-12.298 12.554 -1.526
-12.287 12.621 -1.53
-12.333 12.748 -1.542
-12.319 12.814 -1.546
-12.229 12.801 -1.539
-12.323 12.981 -1.558
-12.314 13.053 -1.562
-12.336 13.117 -1.568
-12.324 13.187 -1.573
-12.292 13.236 -1.574
-21.034 0.774999 -1.35
-21.065 0.842999 -1.352
-21.116 0.910999 -1.356
-21.115 0.943999 -1.356
-21.177 1.014 -1.361
-21.158 1.079 -1.36
-21.222 1.15 -1.365
-21.306 1.221 -1.371
-21.324 1.289 -1.373
-21.262 1.353 -1.369
-21.232 1.384 -1.366
-21.262 1.453 -1.369
-21.251 1.52 -1.369
-21.212 1.584 -1.366
-21.215 1.651 -1.367
-21.262 1.722 -1.37
-21.296 1.792 -1.373
-21.325 1.828 -1.376
-21.42 1.904 -1.383
-21.635 1.991 -1.4
-21.716 2.067 -1.406
-21.741 2.139 -1.408
-21.764 2.21 -1.411
-25.166 9.294 -1.144
-25.434 9.484 -1.159
-25.676 9.665 -1.174
-25.879 9.835 -1.187
-25.982 9.967 -1.194
-25.99 10.017 -1.195
