4.15654 0.968141 -0.204398 0.00761938
1.573 8.733 -1.593
1.581 8.697 -1.587
1.604 8.669 -1.582
1.628 8.647 -1.579
1.647 8.597 -1.57
1.669 8.569 -1.566
1.695 8.56 -1.565
1.701 8.516 -1.557
1.721 8.478 -1.55
1.746 8.467 -1.549
1.763 8.413 -1.54
14.324 1.006 -1.299
14.283 0.958001 -1.294
14.276 0.913001 -1.293
14.226 0.887001 -1.288
14.125 0.836001 -1.277
14.084 0.790001 -1.272
14.047 0.743001 -1.268
14.029 0.698001 -1.266
13.966 0.651001 -1.259
13.946 0.606001 -1.257
13.903 0.583001 -1.252
13.893 0.539001 -1.251
13.843 0.493001 -1.246
6.272 19.254 -1.291
6.264 19.125 -1.282
6.214 18.774 -1.256
6.29 18.803 -1.26
6.294 18.621 -1.247
6.322 18.51 -1.24
6.363 18.441 -1.236
24.135 8.253 -1.077
23.979 8.115 -1.068
23.815 7.976 -1.058
23.755 7.873 -1.053
23.608 7.783 -1.045
23.469 7.655 -1.036
23.375 7.543 -1.03
23.248 7.422 -1.022
37.874 18.573 -0.679
37.831 18.405 -0.677
37.624 18.158 -0.671
37.385 17.899 -0.664
36.995 17.57 -0.654
36.688 17.353 -0.646
36.378 17.068 -0.637
36.094 16.797 -0.63
35.911 16.574 -0.624
