-1.15692 -35.2142 17.5336 -2.18822
-1.872 3.658 -1.615
-1.862 3.667 -1.616
-1.851 3.674 -1.617
-1.858 3.717 -1.634
-1.846 3.722 -1.634
-1.842 3.745 -1.642
-1.827 3.744 -1.639
-1.827 3.758 -1.644
-1.826 3.787 -1.655
-1.823 3.811 -1.664
-1.805 3.804 -1.658
-1.795 3.814 -1.66
-1.789 3.833 -1.666
-1.91 4.045 -1.58
-1.91 4.078 -1.591
-1.903 4.08 -1.591
-1.898 4.102 -1.598
-1.893 4.125 -1.605
-1.886 4.145 -1.61
-1.879 4.165 -1.616
-1.877 4.196 -1.627
-1.874 4.208 -1.63
-1.871 4.236 -1.64
-1.915 5.182 -1.588
-1.927 5.265 -1.614
-1.933 5.332 -1.634
-1.93 5.35 -1.639
-12.137 7.08 -1.598
-12.154 7.141 -1.604
-12.157 7.195 -1.607
-12.175 7.231 -1.612
-12.143 7.264 -1.611
-12.153 7.322 -1.615
-12.135 7.363 -1.616
-12.157 7.429 -1.623
-12.169 7.489 -1.628
-12.179 7.548 -1.633
-12.179 7.575 -1.635
-12.177 7.627 -1.638
-12.168 7.675 -1.641
-12.154 7.719 -1.642
-12.145 7.767 -1.645
-12.141 7.818 -1.648
-12.128 7.864 -1.649
-12.125 7.889 -1.651
-12.333 12.433 -1.52
-12.342 12.48 -1.524
-12.301 12.518 -1.524
-12.284 12.579 -1.527
-12.281 12.655 -1.532
-12.338 12.793 -1.546
-12.255 12.788 -1.539
-12.308 12.883 -1.55
-12.338 12.997 -1.56
-12.335 13.074 -1.565
-12.321 13.142 -1.569
-12.308 13.211 -1.573
-24.819 9.034 -1.123
-25.01 9.192 -1.134
-25.252 9.371 -1.149
-25.515 9.559 -1.165
-25.756 9.696 -1.178
-25.927 9.853 -1.189
-26.028 9.985 -1.196
