-93.4963 37.4056 -4.10665 0.139888
18.215 12.741 -1.437
18.24 12.674 -1.435
18.19 12.554 -1.427
18.147 12.44 -1.42
18.058 12.337 -1.41
18.009 12.221 -1.402
17.938 12.091 -1.393
17.936 12.008 -1.389
17.929 11.921 -1.385
25.121 21.176 -1.446
25.134 21.052 -1.443
25.113 20.968 -1.439
25.13 20.848 -1.436
25.12 20.707 -1.431
25.132 20.585 -1.428
25.139 20.459 -1.424
25.143 20.331 -1.42
25.151 20.207 -1.416
25.12 20.117 -1.412
25.119 19.987 -1.408
25.149 19.882 -1.406
25.147 19.752 -1.402
25.15 19.628 -1.398
25.15 19.501 -1.394
