-40.4458 2.78327 0.0167084 -0.00196577
10.459 5.358 -1.741
10.385 5.3 -1.726
10.35 5.241 -1.717
10.354 5.202 -1.715
10.432 5.201 -1.726
10.47 5.178 -1.73
10.318 5.062 -1.7
10.108 4.939 -1.661
14.863 4.034 -1.77
14.867 3.985 -1.769
14.876 3.937 -1.769
14.859 3.908 -1.766
14.787 3.839 -1.755
14.514 3.72 -1.717
14.364 3.634 -1.696
15.619 12.019 -1.736
15.63 11.949 -1.732
15.645 11.922 -1.732
15.659 11.855 -1.729
15.688 11.8 -1.728
15.715 11.743 -1.727
15.738 11.683 -1.725
15.765 11.627 -1.724
15.77 11.593 -1.722
15.775 11.519 -1.718
15.844 11.494 -1.722
15.85 11.422 -1.719
15.889 11.375 -1.719
15.89 11.301 -1.715
15.898 11.231 -1.712
15.879 11.18 -1.707
15.904 11.123 -1.706
15.947 11.079 -1.707
15.957 11.011 -1.704
15.967 10.944 -1.701
15.98 10.88 -1.699
15.984 10.809 -1.695
15.99 10.776 -1.694
15.992 10.705 -1.69
15.986 10.628 -1.685
8.674 24.788 -1.734
8.684 24.567 -1.719
8.68 24.312 -1.701
8.682 24.076 -1.685
8.704 23.903 -1.673
8.657 46.531 -1.901
8.787 46.417 -1.898
8.898 46.213 -1.89
9.006 45.99 -1.881
9.124 45.833 -1.875
9.155 45.614 -1.866
9.259 45.392 -1.857
9.357 45.149 -1.847
