-12.7976 0.208999 -0.0210307 0.00060226
-1.889 3.578 -1.588
-1.889 3.607 -1.599
-1.877 3.611 -1.598
-1.875 3.635 -1.607
-1.872 3.658 -1.615
-1.861 3.665 -1.616
-1.862 3.681 -1.622
-1.861 3.709 -1.632
-1.847 3.71 -1.63
-1.843 3.732 -1.637
-1.839 3.753 -1.644
-1.911 4.03 -1.575
-1.916 4.074 -1.591
-1.903 4.08 -1.591
-1.903 4.096 -1.596
-1.897 4.117 -1.603
-1.888 4.132 -1.606
-1.888 4.167 -1.618
-1.881 4.188 -1.625
-1.871 4.201 -1.628
-1.868 4.229 -1.637
-1.939 5.1 -1.567
-1.939 5.124 -1.574
-1.93 5.148 -1.58
-1.923 5.179 -1.588
-1.917 5.214 -1.598
-1.942 5.331 -1.635
-1.924 5.333 -1.633
-1.917 5.366 -1.642
-1.908 5.368 -1.642
-12.129 7.101 -1.598
-12.155 7.168 -1.605
-12.154 7.219 -1.609
-12.162 7.249 -1.612
-12.154 7.297 -1.614
-12.124 7.331 -1.613
-12.154 7.401 -1.621
-12.164 7.46 -1.626
-12.185 7.525 -1.632
-12.171 7.57 -1.634
-12.169 7.595 -1.635
-12.164 7.645 -1.638
-12.155 7.693 -1.64
-12.15 7.744 -1.644
-12.144 7.794 -1.646
-12.137 7.842 -1.649
-12.12 7.886 -1.65
-12.111 7.907 -1.651
-12.306 12.483 -1.521
-12.303 12.558 -1.527
-12.291 12.625 -1.53
-12.322 12.737 -1.54
-12.331 12.827 -1.547
-12.21 12.781 -1.536
-12.306 12.962 -1.555
-12.343 13.042 -1.564
-12.334 13.115 -1.568
-12.32 13.183 -1.572
-12.299 13.244 -1.575
-24.91 9.111 -1.128
-25.128 9.28 -1.142
-25.371 9.46 -1.156
-25.64 9.606 -1.171
-25.866 9.783 -1.185
-25.988 9.923 -1.193
-26.02 10.029 -1.197
