2.14798 -2.51259 0.522178 -0.0363907
-1.883 3.623 -1.604
-1.879 3.644 -1.611
-1.873 3.659 -1.616
-1.862 3.667 -1.616
-1.851 3.674 -1.617
-1.856 3.713 -1.633
-1.848 3.713 -1.631
-1.846 3.737 -1.64
-1.841 3.758 -1.647
-1.828 3.76 -1.645
-1.819 3.772 -1.648
-1.813 3.79 -1.654
-1.805 3.805 -1.658
-1.912 4.065 -1.587
-1.902 4.078 -1.59
-1.895 4.096 -1.595
-1.896 4.132 -1.608
-1.886 4.145 -1.61
-1.885 4.16 -1.615
-1.879 4.183 -1.623
-1.872 4.203 -1.628
-1.869 4.232 -1.638
-1.937 5.096 -1.566
-1.936 5.141 -1.579
-1.922 5.153 -1.581
-1.924 5.183 -1.59
-1.92 5.221 -1.6
-1.944 5.336 -1.636
-12.147 7.086 -1.599
-12.16 7.119 -1.603
-12.162 7.172 -1.606
-12.165 7.225 -1.61
-12.152 7.269 -1.612
-12.156 7.324 -1.616
-12.13 7.36 -1.615
-12.157 7.403 -1.621
-12.183 7.471 -1.629
-12.2 7.534 -1.635
-12.179 7.575 -1.635
-12.174 7.625 -1.638
-12.165 7.672 -1.64
-12.158 7.721 -1.643
-12.142 7.765 -1.644
-12.153 7.799 -1.648
-12.133 7.84 -1.648
-12.123 7.888 -1.651
-12.1 7.927 -1.651
-12.09 7.975 -1.653
-12.285 12.501 -1.521
-12.291 12.586 -1.528
-12.281 12.655 -1.532
-12.341 12.757 -1.543
-12.315 12.81 -1.545
-12.262 12.836 -1.543
-12.341 12.999 -1.56
-12.329 13.069 -1.565
-12.318 13.139 -1.569
-12.311 13.214 -1.574
-12.302 13.247 -1.575
-21.052 0.775999 -1.351
-21.091 0.843999 -1.354
-21.134 0.911999 -1.357
-21.131 0.977999 -1.357
-21.188 1.048 -1.362
-21.168 1.08 -1.36
-21.248 1.151 -1.367
-21.328 1.222 -1.373
-21.338 1.29 -1.374
-21.28 1.354 -1.37
-21.238 1.418 -1.367
-21.265 1.487 -1.369
-21.257 1.52 -1.369
-21.222 1.585 -1.367
-21.231 1.652 -1.368
-21.279 1.723 -1.372
-21.318 1.794 -1.375
-21.358 1.865 -1.378
-21.451 1.941 -1.386
-21.674 1.995 -1.403
-21.734 2.069 -1.407
-21.767 2.141 -1.41
-21.77 2.211 -1.411
-21.771 2.28 -1.412
-21.783 2.35 -1.413
-21.788 2.42 -1.414
-24.785 9.021 -1.121
-24.967 9.176 -1.132
-25.222 9.315 -1.147
-25.47 9.497 -1.161
-25.715 9.68 -1.176
-25.92 9.85 -1.189
-26.021 9.982 -1.196
-25.993 10.065 -1.196
