-14.0099 0.592717 -0.0603035 0.0019018
-1.88 3.631 -1.606
-1.875 3.65 -1.612
-1.864 3.657 -1.613
-1.87 3.683 -1.624
-1.855 3.683 -1.621
-1.854 3.71 -1.631
-1.846 3.722 -1.634
-1.847 3.755 -1.647
-1.823 3.736 -1.635
-1.828 3.76 -1.645
-1.825 3.784 -1.654
-1.818 3.801 -1.659
-1.808 3.81 -1.661
-1.9 4.056 -1.582
-1.907 4.088 -1.594
-1.903 4.114 -1.603
-1.892 4.124 -1.604
-1.884 4.142 -1.609
-1.883 4.173 -1.62
-1.874 4.189 -1.624
-1.873 4.223 -1.635
-1.871 4.238 -1.64
-1.936 5.141 -1.579
-1.929 5.171 -1.587
-1.915 5.184 -1.589
-1.926 5.262 -1.613
-1.931 5.327 -1.632
-1.922 5.354 -1.639
-12.137 7.08 -1.598
-12.157 7.143 -1.604
-12.152 7.192 -1.607
-12.163 7.224 -1.61
-12.143 7.264 -1.611
-12.151 7.321 -1.615
-12.131 7.361 -1.616
-12.147 7.423 -1.621
-12.173 7.491 -1.629
-12.178 7.547 -1.633
-12.181 7.576 -1.635
-12.167 7.62 -1.637
-12.165 7.672 -1.64
-12.153 7.718 -1.642
-12.145 7.767 -1.645
-12.146 7.821 -1.648
-12.126 7.863 -1.649
-12.122 7.887 -1.65
-12.341 12.479 -1.524
-12.318 12.535 -1.526
-12.291 12.586 -1.528
-12.296 12.67 -1.534
-12.335 12.791 -1.545
-12.246 12.779 -1.538
-12.296 12.911 -1.551
-12.351 13.01 -1.562
-12.328 13.067 -1.564
-12.321 13.142 -1.569
-12.321 13.226 -1.575
-25 9.189 -1.134
-25.243 9.368 -1.148
-25.507 9.557 -1.164
-25.758 9.696 -1.178
-25.918 9.849 -1.189
-26.008 9.977 -1.195
