834.627 -534.021 113.046 -7.93814
-1.888 3.604 -1.598
-1.883 3.623 -1.604
-1.872 3.63 -1.605
-1.873 3.659 -1.616
-1.863 3.669 -1.617
-1.85 3.673 -1.616
-1.856 3.713 -1.633
-1.853 3.723 -1.636
-1.846 3.737 -1.64
-1.843 3.763 -1.649
-1.909 4.058 -1.584
-1.905 4.085 -1.593
-1.896 4.097 -1.596
-1.893 4.125 -1.605
-1.891 4.157 -1.615
-1.882 4.153 -1.613
-1.877 4.178 -1.62
-1.877 4.215 -1.633
-1.871 4.238 -1.64
-1.924 5.156 -1.582
-1.93 5.197 -1.594
-1.92 5.221 -1.6
-1.941 5.329 -1.634
-1.927 5.341 -1.636
-1.916 5.363 -1.641
-1.897 5.363 -1.639
-12.148 7.112 -1.601
-12.153 7.167 -1.605
-12.166 7.226 -1.611
-12.152 7.269 -1.612
-12.153 7.322 -1.615
-12.133 7.336 -1.614
-12.162 7.406 -1.622
-12.179 7.469 -1.628
-12.183 7.524 -1.632
-12.189 7.581 -1.637
-12.169 7.622 -1.637
-12.163 7.671 -1.64
-12.165 7.699 -1.642
-12.154 7.746 -1.644
-12.149 7.797 -1.647
-12.145 7.848 -1.65
-12.127 7.89 -1.651
-12.301 12.518 -1.524
-12.277 12.572 -1.526
-12.287 12.621 -1.53
-12.338 12.754 -1.543
-12.314 12.808 -1.545
-12.251 12.824 -1.542
-12.323 12.981 -1.558
-12.322 13.061 -1.564
-12.31 13.13 -1.568
-12.324 13.187 -1.573
-12.307 13.252 -1.576
-25.17 9.295 -1.144
-25.429 9.482 -1.159
-25.676 9.665 -1.174
-25.877 9.834 -1.186
-26.019 9.981 -1.196
-26.02 10.029 -1.197
