-13.5095 0.400288 -0.0367194 0.00100148
-1.89 3.58 -1.589
-1.888 3.604 -1.598
-1.879 3.615 -1.6
-1.88 3.631 -1.606
-1.873 3.647 -1.611
-1.868 3.664 -1.616
-1.857 3.671 -1.617
-1.854 3.695 -1.626
-1.857 3.729 -1.639
-1.842 3.729 -1.636
-1.849 3.758 -1.648
-1.909 4.077 -1.591
-1.903 4.096 -1.596
-1.892 4.107 -1.598
-1.89 4.137 -1.608
-1.881 4.151 -1.612
-1.878 4.163 -1.615
-1.879 4.201 -1.629
-1.874 4.226 -1.637
-1.866 4.244 -1.642
-1.911 5.196 -1.592
-1.934 5.283 -1.62
-1.932 5.329 -1.633
-1.926 5.365 -1.643
-3.168 5.18 -1.527
-3.223 5.287 -1.559
-3.267 5.396 -1.591
-3.252 5.409 -1.592
-3.304 5.534 -1.628
-12.124 7.098 -1.598
-12.164 7.147 -1.605
-12.167 7.201 -1.609
-12.162 7.249 -1.612
-12.141 7.288 -1.612
-12.148 7.345 -1.616
-12.149 7.398 -1.62
-12.162 7.432 -1.624
-12.193 7.504 -1.632
-12.186 7.553 -1.634
-12.171 7.596 -1.636
-12.174 7.651 -1.64
-12.16 7.696 -1.641
-12.152 7.745 -1.644
-12.157 7.774 -1.646
-12.149 7.823 -1.649
-12.318 12.496 -1.523
-12.304 12.56 -1.527
-12.274 12.608 -1.528
-12.297 12.711 -1.537
-12.339 12.795 -1.546
-12.226 12.757 -1.535
-12.335 12.953 -1.557
-12.329 13.027 -1.562
-12.329 13.11 -1.567
-12.314 13.176 -1.571
-12.29 13.233 -1.574
-24.895 9.106 -1.127
-25.096 9.224 -1.139
-25.352 9.408 -1.154
-25.606 9.594 -1.169
-25.843 9.775 -1.184
-25.997 9.926 -1.194
-26.048 10.039 -1.198
