-13.2185 0.330843 -0.0320297 0.000919698
-1.884 3.61 -1.599
-1.883 3.637 -1.609
-1.869 3.638 -1.607
-1.87 3.669 -1.619
-1.864 3.685 -1.623
-1.858 3.702 -1.629
-1.851 3.718 -1.633
-1.846 3.722 -1.634
-1.843 3.746 -1.643
-1.834 3.759 -1.646
-1.83 3.78 -1.653
-1.918 4.062 -1.587
-1.908 4.073 -1.589
-1.904 4.098 -1.597
-1.894 4.111 -1.6
-1.889 4.135 -1.608
-1.892 4.159 -1.616
-1.884 4.177 -1.621
-1.873 4.186 -1.623
-1.876 4.229 -1.638
-1.93 5.173 -1.587
-1.917 5.189 -1.591
-1.93 5.274 -1.617
-1.932 5.33 -1.633
-1.921 5.351 -1.638
-12.13 7.076 -1.597
-12.164 7.147 -1.605
-12.166 7.2 -1.609
-12.16 7.248 -1.611
-12.134 7.284 -1.611
-12.133 7.336 -1.614
-12.145 7.396 -1.619
-12.169 7.436 -1.625
-12.2 7.508 -1.633
-12.191 7.556 -1.635
-12.179 7.601 -1.637
-12.165 7.646 -1.638
-12.155 7.693 -1.64
-12.147 7.741 -1.643
-12.152 7.771 -1.646
-12.152 7.826 -1.649
-12.321 12.498 -1.524
-12.301 12.557 -1.526
-12.271 12.606 -1.528
-12.314 12.689 -1.537
-12.345 12.801 -1.547
-12.224 12.756 -1.535
-12.33 12.947 -1.556
-12.325 13.023 -1.561
-12.318 13.098 -1.566
-12.322 13.185 -1.572
-12.317 13.221 -1.575
-21.058 0.808999 -1.351
-21.127 0.877999 -1.357
-21.111 0.943999 -1.356
-21.163 1.013 -1.36
-21.174 1.047 -1.361
-21.202 1.115 -1.363
-21.288 1.187 -1.37
-21.328 1.256 -1.373
-21.298 1.321 -1.371
-21.268 1.387 -1.369
-21.26 1.453 -1.369
-21.263 1.487 -1.369
-21.251 1.553 -1.369
-21.236 1.619 -1.368
-21.258 1.688 -1.37
-21.309 1.759 -1.374
-21.331 1.829 -1.376
-21.388 1.901 -1.381
-21.558 1.95 -1.394
-21.723 2.034 -1.406
-21.74 2.104 -1.408
-21.761 2.175 -1.41
-21.768 2.245 -1.411
-25.075 9.216 -1.138
-25.324 9.397 -1.153
-25.595 9.589 -1.169
-25.832 9.771 -1.183
-25.962 9.913 -1.192
-26.024 10.03 -1.197
