-2.17759 0.222786 -0.0478414 0.00276322
-1.881 3.62 -1.602
-1.878 3.642 -1.61
-1.871 3.656 -1.614
-1.868 3.678 -1.622
-1.853 3.678 -1.619
-1.853 3.708 -1.63
-1.846 3.722 -1.634
-1.851 3.748 -1.645
-1.83 3.734 -1.636
-1.826 3.757 -1.644
-1.821 3.777 -1.651
-1.818 3.801 -1.659
-1.807 3.809 -1.66
-1.917 4.042 -1.58
-1.916 4.074 -1.591
-1.906 4.086 -1.593
-1.903 4.113 -1.602
-1.89 4.12 -1.603
-1.885 4.143 -1.61
-1.891 4.174 -1.621
-1.879 4.183 -1.623
-1.871 4.199 -1.627
-1.871 4.236 -1.64
-1.937 5.096 -1.566
-1.934 5.134 -1.577
-1.923 5.155 -1.581
-1.919 5.193 -1.592
-1.919 5.217 -1.599
-1.945 5.34 -1.637
-1.926 5.339 -1.635
-1.92 5.375 -1.645
-12.147 7.086 -1.599
-12.165 7.122 -1.604
-12.17 7.177 -1.608
-12.171 7.229 -1.611
-12.142 7.263 -1.61
-12.165 7.329 -1.617
-12.13 7.36 -1.615
-12.159 7.43 -1.623
-12.176 7.467 -1.628
-12.195 7.531 -1.634
-12.189 7.581 -1.637
-12.172 7.624 -1.638
-12.16 7.669 -1.639
-12.149 7.716 -1.641
-12.145 7.767 -1.645
-12.153 7.799 -1.648
-12.142 7.846 -1.65
-12.294 12.511 -1.523
-12.28 12.575 -1.526
-12.268 12.642 -1.53
-12.348 12.764 -1.544
-12.3 12.794 -1.543
-12.275 12.849 -1.545
-12.336 12.994 -1.56
-12.33 13.07 -1.565
-12.317 13.138 -1.569
-12.317 13.221 -1.575
-24.8 9.027 -1.122
-24.984 9.182 -1.133
-25.215 9.312 -1.146
-25.485 9.503 -1.162
-25.73 9.686 -1.177
-25.912 9.847 -1.188
-26.027 9.984 -1.196
-25.993 10.065 -1.196
