-2.15504 0.434217 -0.142484 0.012977
-1.871 3.627 -1.603
-1.868 3.651 -1.612
-1.869 3.682 -1.623
-1.857 3.671 -1.617
-1.856 3.699 -1.627
-1.85 3.716 -1.633
-1.835 3.715 -1.63
-1.837 3.749 -1.643
-1.828 3.762 -1.646
-1.823 3.766 -1.647
-1.816 3.782 -1.651
-1.815 3.809 -1.661
-1.9 4.091 -1.594
-1.892 4.107 -1.598
-1.893 4.144 -1.611
-1.883 4.157 -1.614
-1.877 4.178 -1.62
-1.874 4.206 -1.63
-1.869 4.232 -1.638
-1.87 4.253 -1.645
-1.922 5.176 -1.587
-1.915 5.207 -1.596
-1.939 5.322 -1.632
-1.925 5.335 -1.634
-1.918 5.37 -1.643
-12.136 7.105 -1.599
-12.158 7.17 -1.606
-12.151 7.217 -1.608
-12.151 7.243 -1.61
-12.152 7.296 -1.614
-12.128 7.333 -1.613
-12.159 7.404 -1.621
-12.161 7.458 -1.625
-12.195 7.531 -1.634
-12.174 7.572 -1.634
-12.171 7.596 -1.636
-12.169 7.648 -1.639
-12.153 7.692 -1.64
-12.149 7.743 -1.643
-12.143 7.792 -1.646
-12.132 7.839 -1.648
-12.118 7.885 -1.65
-12.111 7.907 -1.651
-12.094 7.951 -1.652
-12.294 12.55 -1.525
-12.281 12.615 -1.529
-12.334 12.75 -1.542
-12.318 12.813 -1.546
-12.21 12.781 -1.536
-12.321 12.978 -1.557
-12.343 13.042 -1.564
-12.326 13.107 -1.567
-12.322 13.185 -1.572
-12.298 13.242 -1.575
-25.123 9.278 -1.141
-25.389 9.467 -1.157
-25.627 9.647 -1.171
-25.87 9.785 -1.185
-26.005 9.929 -1.194
-26.015 10.027 -1.196
