-65.0863 39.4151 -7.70493 0.451754
-1.883 3.596 -1.594
-1.877 3.611 -1.598
-1.881 3.634 -1.608
-1.872 3.645 -1.61
-1.866 3.661 -1.615
-1.858 3.673 -1.618
-1.856 3.699 -1.627
-1.846 3.708 -1.629
-1.842 3.73 -1.637
-1.845 3.751 -1.645
-1.914 4.054 -1.584
-1.907 4.071 -1.588
-1.902 4.094 -1.596
-1.898 4.121 -1.604
-1.885 4.127 -1.604
-1.877 4.143 -1.608
-1.877 4.178 -1.62
-1.875 4.191 -1.625
-1.872 4.221 -1.635
-1.921 5.174 -1.587
-1.913 5.203 -1.594
-1.941 5.303 -1.626
-1.931 5.327 -1.632
-1.919 5.345 -1.636
-1.904 5.357 -1.638
-12.121 7.096 -1.597
-12.161 7.145 -1.605
-12.159 7.196 -1.608
-12.155 7.245 -1.611
-12.139 7.287 -1.612
-12.14 7.34 -1.615
-12.14 7.392 -1.619
-12.157 7.456 -1.625
-12.193 7.504 -1.632
-12.181 7.549 -1.634
-12.174 7.598 -1.636
-12.165 7.646 -1.638
-12.155 7.693 -1.64
-12.149 7.743 -1.643
-12.143 7.792 -1.646
-12.151 7.824 -1.649
-12.313 12.49 -1.522
-12.31 12.565 -1.528
-12.267 12.601 -1.527
-12.298 12.713 -1.537
-12.33 12.826 -1.547
-12.23 12.762 -1.536
-12.331 12.948 -1.556
-12.322 13.02 -1.561
-12.324 13.104 -1.567
-12.316 13.179 -1.572
-12.309 13.254 -1.576
-24.895 9.106 -1.127
-25.085 9.264 -1.139
-25.348 9.406 -1.154
-25.606 9.594 -1.169
-25.849 9.777 -1.184
-25.969 9.916 -1.192
-26.031 10.033 -1.197
