5.33582 0.207563 0.0457613 -0.00126684
8.493 5.525 -1.484
8.499 5.491 -1.481
8.484 5.444 -1.475
8.475 5.4 -1.47
8.423 5.33 -1.458
8.407 5.282 -1.451
8.402 5.261 -1.449
8.408 5.228 -1.447
8.374 5.17 -1.438
8.385 5.141 -1.437
8.341 5.077 -1.425
12.185 10.221 -1.362
12.15 10.127 -1.353
12.097 10.019 -1.343
12.081 9.941 -1.337
12.028 9.834 -1.326
11.968 9.722 -1.314
11.881 9.62 -1.301
19.638 2.748 -1.26
19.633 2.684 -1.259
19.613 2.619 -1.257
19.657 2.562 -1.259
19.627 2.526 -1.257
19.457 2.442 -1.244
19.413 2.375 -1.24
19.425 2.314 -1.24
19.432 2.253 -1.24
19.451 2.193 -1.241
19.388 2.124 -1.236
19.362 2.091 -1.234
19.402 2.033 -1.236
19.368 1.968 -1.233
19.293 1.899 -1.227
19.267 1.836 -1.225
19.221 1.77 -1.221
19.188 1.737 -1.218
19.168 1.674 -1.216
19.127 1.61 -1.213
19.1 1.548 -1.211
19.097 1.487 -1.21
19.1 1.427 -1.21
19.092 1.366 -1.209
24.707 44.475 -0.862
24.768 44.42 -0.861
24.85 44.241 -0.859
24.981 44.149 -0.859
25.042 43.933 -0.855
25.086 43.691 -0.851
25.118 43.431 -0.847
25.126 43.287 -0.844
25.207 43.115 -0.842
25.325 43.006 -0.841
25.435 42.884 -0.84
25.565 42.797 -0.84
25.708 42.73 -0.841
25.802 42.584 -0.839
25.832 42.482 -0.837
25.969 42.407 -0.838
25.996 42.154 -0.833
26.042 41.932 -0.83
26.144 41.803 -0.829
26.166 41.548 -0.824
26.06 41.093 -0.815
26.274 41.286 -0.821
26.329 41.087 -0.818
26.397 40.91 -0.816
26.49 40.773 -0.814
26.602 40.665 -0.814
26.705 40.544 -0.813
26.739 40.457 -0.812
