-2.70385 0.828357 -0.237067 0.0204826
-1.875 3.607 -1.596
-1.874 3.634 -1.606
-1.874 3.648 -1.612
-1.865 3.659 -1.614
-1.859 3.676 -1.619
-1.859 3.705 -1.63
-1.847 3.71 -1.63
-1.838 3.72 -1.632
-1.832 3.739 -1.638
-1.83 3.749 -1.641
-1.829 3.778 -1.652
-1.907 4.055 -1.583
-1.908 4.073 -1.589
-1.904 4.098 -1.597
-1.897 4.117 -1.603
-1.889 4.134 -1.607
-1.882 4.155 -1.613
-1.881 4.186 -1.624
-1.868 4.194 -1.625
-1.873 4.223 -1.635
-1.93 5.15 -1.581
-1.922 5.176 -1.587
-1.909 5.191 -1.59
-1.937 5.317 -1.63
-1.933 5.332 -1.634
-1.927 5.369 -1.644
-12.136 7.105 -1.599
-12.16 7.171 -1.606
-12.166 7.2 -1.609
-12.157 7.246 -1.611
-12.142 7.289 -1.612
-12.129 7.334 -1.614
-12.144 7.395 -1.619
-12.157 7.456 -1.625
-12.185 7.525 -1.632
-12.188 7.554 -1.635
-12.176 7.599 -1.636
-12.167 7.647 -1.639
-12.153 7.692 -1.64
-12.15 7.744 -1.644
-12.133 7.786 -1.645
-12.144 7.82 -1.648
-12.126 7.863 -1.649
-12.111 7.907 -1.651
-12.313 12.49 -1.522
-12.298 12.554 -1.526
-12.264 12.598 -1.527
-12.307 12.721 -1.538
-12.325 12.82 -1.547
-12.223 12.755 -1.535
-12.333 12.95 -1.556
-12.334 13.033 -1.562
-12.329 13.11 -1.567
-12.316 13.179 -1.572
-12.303 13.248 -1.576
-24.908 9.11 -1.128
-25.106 9.272 -1.14
-25.357 9.41 -1.155
-25.621 9.599 -1.17
-25.864 9.783 -1.185
-25.981 9.92 -1.193
-26.039 10.036 -1.198
