-13.5179 0.404928 -0.0373646 0.00102643
-1.883 3.623 -1.604
-1.873 3.632 -1.605
-1.87 3.654 -1.613
-1.87 3.669 -1.619
-1.857 3.671 -1.617
-1.857 3.7 -1.628
-1.851 3.718 -1.633
-1.839 3.724 -1.633
-1.839 3.754 -1.645
-1.828 3.76 -1.645
-1.816 3.751 -1.64
-1.824 3.799 -1.659
-1.905 4.05 -1.581
-1.91 4.078 -1.591
-1.899 4.088 -1.593
-1.897 4.117 -1.603
-1.894 4.145 -1.612
-1.881 4.151 -1.612
-1.873 4.169 -1.617
-1.873 4.204 -1.629
-1.875 4.228 -1.637
-1.924 5.181 -1.589
-1.912 5.199 -1.593
-1.939 5.324 -1.632
-1.925 5.337 -1.635
-1.924 5.36 -1.641
-3.171 5.185 -1.529
-3.23 5.317 -1.567
-3.207 5.317 -1.564
-3.269 5.437 -1.601
-3.257 5.456 -1.603
-3.232 5.453 -1.599
-3.293 5.596 -1.641
-3.275 5.604 -1.641
-3.257 5.615 -1.641
-12.157 7.015 -1.596
-12.164 7.07 -1.6
-12.143 7.109 -1.6
-12.155 7.168 -1.605
-12.149 7.216 -1.608
-12.149 7.267 -1.611
-12.158 7.299 -1.614
-12.119 7.328 -1.612
-12.152 7.4 -1.62
-12.154 7.453 -1.624
-12.179 7.522 -1.632
-12.176 7.573 -1.635
-12.167 7.62 -1.637
-12.164 7.645 -1.638
-12.155 7.693 -1.64
-12.144 7.739 -1.642
-12.139 7.79 -1.646
-12.135 7.841 -1.649
-12.31 12.487 -1.522
-12.296 12.551 -1.526
-12.285 12.62 -1.53
-12.311 12.725 -1.539
-12.32 12.816 -1.546
-12.21 12.781 -1.536
-12.321 12.978 -1.557
-12.337 13.036 -1.563
-12.336 13.117 -1.568
-12.315 13.177 -1.571
-12.286 13.229 -1.573
-25.143 9.286 -1.142
-25.408 9.474 -1.158
-25.649 9.656 -1.173
-25.865 9.83 -1.186
-25.992 9.924 -1.193
