3.46112 -0.19055 0.0136801 -0.000289494
2.84 4.516 -1.696
2.841 4.502 -1.692
2.848 4.482 -1.688
2.856 4.465 -1.685
2.865 4.448 -1.682
2.877 4.436 -1.68
2.874 4.401 -1.67
2.888 4.392 -1.67
2.879 4.364 -1.66
2.893 4.355 -1.66
2.895 4.329 -1.653
2.897 4.302 -1.646
2.906 4.287 -1.644
2.793 6.002 -1.676
2.798 5.964 -1.667
2.812 5.944 -1.664
2.822 5.916 -1.658
2.83 5.886 -1.652
2.837 5.853 -1.644
2.843 5.842 -1.642
2.85 5.81 -1.635
2.858 5.78 -1.629
2.866 5.749 -1.622
2.734 7.308 -1.684
2.734 7.272 -1.677
2.742 7.224 -1.667
2.757 7.193 -1.661
2.761 7.137 -1.65
2.771 7.096 -1.641
2.789 7.076 -1.639
2.786 7.037 -1.63
2.665 8.843 -1.664
2.685 8.807 -1.658
2.7 8.757 -1.65
2.696 8.695 -1.638
2.691 8.583 -1.617
2.724 8.593 -1.621
2.723 8.497 -1.603
11.246 3.998 -1.77
11.251 3.96 -1.769
11.15 3.884 -1.75
11.08 3.821 -1.736
11.052 3.792 -1.73
11.06 3.756 -1.73
11.05 3.713 -1.726
11.071 3.682 -1.727
11.065 3.641 -1.725
11.08 3.608 -1.725
11.088 3.591 -1.726
11.078 3.55 -1.722
11.089 3.515 -1.722
11.1 3.48 -1.722
11.1 3.441 -1.72
11.103 3.404 -1.719
11.074 3.357 -1.712
11.057 3.333 -1.709
11.092 3.306 -1.713
11.114 3.274 -1.715
11.12 3.238 -1.714
11.113 3.198 -1.711
2.97 24.981 -1.652
3.025 24.783 -1.638
3.083 24.613 -1.627
3.133 24.386 -1.61
3.186 24.196 -1.597
1.259 36.319 -1.621
1.36 35.956 -1.603
1.464 35.724 -1.592
1.502 35.293 -1.57
1.582 34.613 -1.536
1.668 34.131 -1.512
