-63.3411 38.3967 -7.51098 0.439869
-1.882 3.594 -1.593
-1.877 3.611 -1.598
-1.876 3.637 -1.608
-1.869 3.653 -1.612
-1.866 3.661 -1.615
-1.859 3.676 -1.619
-1.858 3.704 -1.63
-1.848 3.713 -1.631
-1.844 3.734 -1.638
-1.839 3.753 -1.644
-1.912 4.032 -1.576
-1.912 4.065 -1.587
-1.904 4.081 -1.591
-1.901 4.093 -1.595
-1.898 4.119 -1.603
-1.889 4.134 -1.607
-1.88 4.15 -1.611
-1.88 4.185 -1.623
-1.871 4.199 -1.627
-1.866 4.224 -1.635
-1.928 5.144 -1.579
-1.92 5.172 -1.586
-1.912 5.199 -1.593
-1.936 5.315 -1.629
-1.923 5.33 -1.632
-1.927 5.369 -1.644
-12.128 7.1 -1.598
-12.162 7.172 -1.606
-12.156 7.22 -1.609
-12.16 7.248 -1.611
-12.151 7.295 -1.613
-12.126 7.332 -1.613
-12.145 7.396 -1.619
-12.166 7.461 -1.626
-12.19 7.528 -1.633
-12.178 7.574 -1.635
-12.174 7.598 -1.636
-12.167 7.647 -1.639
-12.161 7.697 -1.641
-12.15 7.744 -1.644
-12.149 7.797 -1.647
-12.127 7.836 -1.647
-12.115 7.883 -1.649
-12.114 7.909 -1.651
-12.307 12.484 -1.522
-12.304 12.56 -1.527
-12.274 12.608 -1.528
-12.316 12.731 -1.54
-12.315 12.81 -1.545
-12.208 12.78 -1.536
-12.334 12.951 -1.556
-12.337 13.036 -1.563
-12.328 13.108 -1.567
-12.32 13.183 -1.572
-12.295 13.239 -1.574
-21.171 1.013 -1.36
-21.186 1.081 -1.362
-21.236 1.15 -1.366
-21.304 1.221 -1.371
-21.348 1.257 -1.374
-21.282 1.32 -1.37
-21.252 1.386 -1.368
-21.274 1.454 -1.37
-21.279 1.522 -1.371
-21.226 1.585 -1.367
-21.233 1.653 -1.368
-21.26 1.688 -1.37
-21.305 1.759 -1.374
-21.333 1.829 -1.376
-21.416 1.904 -1.383
-21.611 1.989 -1.398
-21.728 2.069 -1.407
-21.759 2.141 -1.41
-21.761 2.175 -1.41
-21.776 2.246 -1.412
-21.771 2.314 -1.412
-21.783 2.385 -1.413
-21.774 2.453 -1.413
-24.932 9.119 -1.129
-25.13 9.281 -1.142
-25.372 9.461 -1.156
-25.633 9.649 -1.172
-25.885 9.79 -1.186
-26.009 9.931 -1.194
-26.05 10.04 -1.198
