-68.7324 41.3695 -8.03504 0.469619
-1.886 3.615 -1.602
-1.879 3.629 -1.605
-1.874 3.648 -1.612
-1.871 3.671 -1.619
-1.859 3.675 -1.619
-1.856 3.699 -1.627
-1.851 3.718 -1.633
-1.843 3.717 -1.632
-1.843 3.746 -1.643
-1.83 3.749 -1.641
-1.827 3.773 -1.65
-1.815 3.78 -1.651
-1.812 3.804 -1.659
-1.804 3.802 -1.657
-1.795 3.814 -1.66
-1.914 4.052 -1.583
-1.912 4.082 -1.593
-1.9 4.089 -1.593
-1.896 4.116 -1.602
-1.887 4.13 -1.606
-1.887 4.147 -1.611
-1.883 4.173 -1.62
-1.879 4.2 -1.628
-1.875 4.228 -1.637
-1.865 4.24 -1.64
-1.925 5.136 -1.576
-1.924 5.183 -1.59
-1.918 5.191 -1.591
-1.933 5.281 -1.619
-1.934 5.334 -1.635
-12.13 7.076 -1.597
-12.159 7.144 -1.604
-12.157 7.195 -1.607
-12.153 7.244 -1.61
-12.134 7.284 -1.611
-12.14 7.34 -1.615
-12.155 7.375 -1.619
-12.156 7.428 -1.623
-12.186 7.5 -1.631
-12.183 7.55 -1.634
-12.172 7.597 -1.636
-12.157 7.641 -1.637
-12.163 7.698 -1.642
-12.153 7.718 -1.642
-12.153 7.772 -1.646
-12.146 7.821 -1.648
-12.321 12.498 -1.524
-12.296 12.551 -1.526
-12.274 12.608 -1.528
-12.304 12.679 -1.535
-12.338 12.793 -1.546
-12.226 12.757 -1.535
-12.32 12.937 -1.555
-12.328 13.026 -1.561
-12.324 13.104 -1.567
-12.315 13.177 -1.571
-12.323 13.227 -1.575
-24.896 9.062 -1.127
-25.059 9.21 -1.137
-25.325 9.398 -1.153
-25.577 9.582 -1.168
-25.815 9.764 -1.182
-25.958 9.911 -1.192
-26.033 10.034 -1.197
