-0.894992 0.895043 -0.409444 0.0176709
-2.402 3.406 -1.64
-2.409 3.439 -1.653
-2.432 3.495 -1.678
-2.459 3.559 -1.706
-2.468 3.596 -1.721
-2.442 3.582 -1.71
-2.456 3.628 -1.73
-2.441 3.618 -1.723
-2.432 3.629 -1.724
-2.413 3.624 -1.718
-2.411 3.647 -1.726
-2.412 3.674 -1.735
-2.872 3.67 -1.651
-2.895 3.724 -1.672
-2.919 3.78 -1.695
-2.925 3.8 -1.702
-2.915 3.812 -1.703
-2.95 3.884 -1.733
-2.937 3.892 -1.733
-14.506 33.819 -1.644
-14.528 34.168 -1.661
-14.593 34.47 -1.676
-14.599 34.788 -1.691
-14.612 35.125 -1.707
-14.509 35.189 -1.708
-14.424 35.298 -1.711
-14.307 35.328 -1.71
-23.54 67.338 -1.291
-23.557 68.073 -1.305
-23.626 68.976 -1.324
-23.831 69.931 -1.344
