-3.21914 1.12187 -0.28938 0.0233261
-1.874 3.634 -1.606
-1.869 3.653 -1.612
-1.866 3.675 -1.62
-1.851 3.674 -1.617
-1.85 3.702 -1.627
-1.848 3.713 -1.631
-1.842 3.73 -1.637
-1.834 3.743 -1.64
-1.826 3.757 -1.644
-1.815 3.764 -1.644
-1.814 3.793 -1.655
-1.806 3.807 -1.659
-1.917 4.042 -1.58
-1.914 4.07 -1.589
-1.904 4.081 -1.591
-1.898 4.102 -1.598
-1.891 4.122 -1.603
-1.886 4.145 -1.61
-1.882 4.153 -1.613
-1.875 4.174 -1.619
-1.873 4.204 -1.629
-1.869 4.231 -1.637
-1.934 5.134 -1.577
-1.92 5.148 -1.579
-1.915 5.184 -1.589
-1.915 5.207 -1.596
-1.945 5.34 -1.637
-1.928 5.344 -1.637
-12.157 7.066 -1.599
-12.15 7.113 -1.601
-12.158 7.17 -1.606
-12.161 7.223 -1.61
-12.143 7.264 -1.611
-12.156 7.324 -1.616
-12.124 7.331 -1.613
-12.157 7.403 -1.621
-12.161 7.458 -1.625
-12.185 7.525 -1.632
-12.173 7.571 -1.634
-12.164 7.618 -1.636
-12.15 7.663 -1.638
-12.158 7.695 -1.641
-12.147 7.741 -1.643
-12.139 7.79 -1.646
-12.135 7.841 -1.649
-12.287 12.504 -1.522
-12.277 12.572 -1.526
-12.278 12.652 -1.531
-12.33 12.745 -1.542
-12.307 12.801 -1.544
-12.254 12.827 -1.542
-12.326 12.984 -1.558
-12.321 13.06 -1.563
-12.319 13.141 -1.569
-12.33 13.193 -1.574
-21.034 0.774999 -1.35
-21.061 0.842999 -1.352
-21.11 0.910999 -1.356
-21.111 0.943999 -1.356
-21.171 1.013 -1.36
-21.154 1.079 -1.359
-21.21 1.149 -1.364
-21.294 1.22 -1.37
-21.318 1.289 -1.372
-21.256 1.352 -1.368
-21.244 1.385 -1.367
-21.252 1.453 -1.368
-21.253 1.52 -1.369
-21.222 1.585 -1.367
-21.213 1.651 -1.366
-21.252 1.721 -1.37
-21.296 1.792 -1.373
-21.331 1.829 -1.376
-21.412 1.903 -1.383
-21.621 1.99 -1.399
-21.712 2.067 -1.406
-21.743 2.139 -1.409
-21.746 2.208 -1.409
-21.749 2.278 -1.41
-21.767 2.314 -1.412
-21.771 2.384 -1.413
-25.164 9.293 -1.143
-25.451 9.49 -1.16
-25.668 9.663 -1.174
-25.873 9.832 -1.186
-25.991 9.971 -1.194
