-68.8407 41.3659 -8.01922 0.467819
-1.88 3.618 -1.602
-1.879 3.644 -1.611
-1.872 3.645 -1.61
-1.874 3.677 -1.623
-1.862 3.681 -1.622
-1.856 3.699 -1.627
-1.853 3.723 -1.636
-1.842 3.73 -1.637
-1.844 3.748 -1.644
-1.833 3.755 -1.644
-1.832 3.785 -1.655
-1.913 4.05 -1.582
-1.909 4.075 -1.59
-1.904 4.1 -1.598
-1.894 4.111 -1.6
-1.889 4.134 -1.607
-1.884 4.158 -1.615
-1.881 4.17 -1.618
-1.877 4.196 -1.627
-1.877 4.233 -1.64
-1.924 5.183 -1.59
-1.913 5.203 -1.594
-1.936 5.29 -1.622
-1.932 5.329 -1.633
-1.929 5.372 -1.645
-3.163 5.172 -1.524
-3.218 5.297 -1.561
-3.258 5.381 -1.586
-3.254 5.413 -1.593
-3.299 5.525 -1.625
-12.158 7.067 -1.599
-12.14 7.107 -1.6
-12.162 7.172 -1.606
-12.169 7.202 -1.609
-12.155 7.245 -1.611
-12.151 7.295 -1.613
-12.126 7.332 -1.613
-12.161 7.405 -1.622
-12.164 7.46 -1.626
-12.19 7.528 -1.633
-12.188 7.554 -1.635
-12.172 7.597 -1.636
-12.165 7.646 -1.638
-12.16 7.696 -1.641
-12.149 7.743 -1.643
-12.146 7.795 -1.647
-12.152 7.826 -1.649
-12.315 12.493 -1.523
-12.304 12.56 -1.527
-12.276 12.61 -1.528
-12.311 12.725 -1.539
-12.327 12.823 -1.547
-12.223 12.755 -1.535
-12.34 12.957 -1.557
-12.333 13.032 -1.562
-12.318 13.098 -1.566
-12.329 13.192 -1.573
-12.297 13.241 -1.575
-25.108 9.273 -1.14
-25.346 9.451 -1.155
-25.635 9.604 -1.171
-25.843 9.775 -1.184
-25.969 9.916 -1.192
-26.015 10.027 -1.196
