15.7202 0.104101 -0.558772 0.0522331
2.682 2.388 -1.283
2.667 2.36 -1.272
2.677 2.36 -1.275
2.667 2.337 -1.266
2.677 2.331 -1.267
2.661 2.302 -1.255
2.667 2.292 -1.254
2.654 2.267 -1.244
2.661 2.259 -1.244
2.634 2.228 -1.228
2.673 2.247 -1.245
2.643 2.207 -1.226
2.637 2.188 -1.219
2.738 2.339 -1.031
2.734 2.321 -1.026
2.744 2.315 -1.028
2.741 2.297 -1.023
2.735 2.278 -1.018
2.737 2.272 -1.017
2.738 2.259 -1.015
2.73 2.238 -1.009
2.742 2.233 -1.011
2.732 2.212 -1.004
2.732 2.197 -1.001
2.745 2.193 -1.003
2.744 2.185 -1.002
2.726 2.158 -0.992
2.742 2.157 -0.995
2.731 2.134 -0.988
2.727 2.117 -0.984
2.74 2.113 -0.986
2.733 2.094 -0.981
2.725 2.082 -0.977
7.119 8.81 -1.673
6.984 8.587 -1.632
6.947 8.487 -1.616
6.95 8.436 -1.61
6.938 8.395 -1.604
