139.611 -34.1793 2.81196 -0.0771785
2.904 3.74 -1.679
2.905 3.718 -1.673
2.91 3.712 -1.672
2.912 3.691 -1.667
2.919 3.676 -1.664
2.927 3.662 -1.662
2.946 3.662 -1.666
2.947 3.64 -1.659
2.945 3.614 -1.652
2.95 3.608 -1.651
2.954 3.59 -1.647
2.96 3.575 -1.644
2.976 3.572 -1.647
2.978 3.551 -1.641
2.977 3.527 -1.634
2.999 3.531 -1.64
2.995 3.515 -1.635
2.997 3.495 -1.63
3.014 3.493 -1.633
3.01 3.467 -1.625
3.019 3.454 -1.623
1.665 10.431 -1.552
1.69 10.382 -1.545
1.715 10.326 -1.537
1.738 10.268 -1.528
1.761 10.206 -1.519
1.785 10.152 -1.512
1.792 10.099 -1.503
1.821 10.079 -1.501
0.974999 13.715 -1.559
1.012 13.637 -1.55
1.052 13.594 -1.545
1.093 13.573 -1.542
1.127 13.468 -1.529
1.141 13.384 -1.519
1.175 13.293 -1.508
4.718 21.514 -1.422
4.78 21.474 -1.42
4.797 21.392 -1.414
4.838 21.262 -1.405
4.882 21.15 -1.398
4.943 21.107 -1.396
5.008 21.09 -1.396
5.073 21.068 -1.395
5.137 21.042 -1.395
5.156 20.978 -1.39
5.218 20.946 -1.389
5.273 20.885 -1.386
5.329 20.83 -1.383
5.382 20.767 -1.379
5.436 20.707 -1.376
5.495 20.667 -1.374
5.523 20.639 -1.373
5.571 20.562 -1.368
30.209 30.328 -0.692
30.208 30.137 -0.69
30.175 29.915 -0.686
30.209 29.762 -0.684
30.223 29.59 -0.682
30.158 29.433 -0.679
30.258 29.345 -0.679
30.245 29.149 -0.676
30.311 29.03 -0.675
30.413 28.944 -0.675
30.348 28.702 -0.671
30.25 28.43 -0.665
30.065 28.168 -0.659
29.85 27.791 -0.65
29.738 27.513 -0.644
29.611 27.223 -0.638
