-5.29973 0.490714 0.441662 -0.0870634
-1.891 3.583 -1.591
-1.885 3.599 -1.595
-1.881 3.62 -1.602
-1.882 3.636 -1.609
-1.872 3.643 -1.609
-1.866 3.661 -1.615
-1.864 3.685 -1.623
-1.858 3.704 -1.63
-1.847 3.71 -1.63
-1.844 3.734 -1.638
-1.845 3.75 -1.644
-1.907 4.071 -1.588
-1.904 4.098 -1.597
-1.897 4.117 -1.603
-1.886 4.128 -1.605
-1.881 4.151 -1.612
-1.883 4.175 -1.62
-1.873 4.186 -1.623
-1.873 4.223 -1.635
-1.867 4.246 -1.642
-1.924 5.183 -1.59
-1.913 5.203 -1.594
-1.94 5.299 -1.625
-1.934 5.334 -1.635
-1.923 5.358 -1.64
-1.908 5.369 -1.642
-3.16 5.167 -1.523
-3.222 5.285 -1.559
-3.267 5.396 -1.591
-3.239 5.388 -1.585
-3.296 5.52 -1.624
-12.117 7.094 -1.597
-12.163 7.146 -1.605
-12.167 7.201 -1.609
-12.15 7.242 -1.61
-12.135 7.285 -1.611
-12.138 7.339 -1.615
-12.145 7.396 -1.619
-12.166 7.434 -1.624
-12.188 7.501 -1.631
-12.178 7.547 -1.633
-12.172 7.597 -1.636
-12.164 7.645 -1.638
-12.151 7.69 -1.64
-12.149 7.743 -1.643
-12.142 7.765 -1.644
-12.156 7.828 -1.65
-17.396 1.384 -1.514
-17.419 1.441 -1.517
-17.439 1.47 -1.519
-17.45 1.527 -1.52
-17.449 1.582 -1.521
-17.462 1.638 -1.522
-17.492 1.697 -1.526
-17.528 1.756 -1.53
-17.539 1.812 -1.532
-17.597 1.846 -1.538
-17.643 1.907 -1.543
-17.674 1.966 -1.547
-17.711 2.027 -1.551
-17.743 2.087 -1.555
-17.738 2.143 -1.555
-17.832 2.211 -1.565
-17.844 2.241 -1.566
-24.88 9.1 -1.127
-25.08 9.262 -1.139
-25.333 9.401 -1.153
-25.606 9.594 -1.169
-25.84 9.773 -1.184
-25.969 9.916 -1.192
-26.022 10.029 -1.197
