0.688712 -1.51415 0.297214 -0.0197816
-1.864 3.685 -1.623
-1.854 3.695 -1.626
-1.858 3.717 -1.634
-1.851 3.734 -1.64
-1.842 3.745 -1.642
-1.83 3.749 -1.641
-1.838 3.798 -1.661
-1.815 3.78 -1.651
-1.813 3.806 -1.66
-1.807 3.809 -1.66
-1.793 3.811 -1.658
-1.784 3.822 -1.661
-1.773 3.831 -1.662
-1.763 3.84 -1.664
-1.754 3.854 -1.668
-1.749 3.874 -1.675
-1.911 4.047 -1.581
-1.909 4.075 -1.59
-1.903 4.096 -1.596
-1.89 4.102 -1.596
-1.893 4.127 -1.606
-1.89 4.154 -1.614
-1.882 4.171 -1.619
-1.874 4.189 -1.624
-1.875 4.228 -1.637
-1.93 5.148 -1.58
-1.93 5.174 -1.588
-1.919 5.193 -1.592
-1.93 5.272 -1.616
-1.933 5.332 -1.634
-1.925 5.363 -1.642
-12.132 7.077 -1.597
-12.166 7.148 -1.605
-12.155 7.194 -1.607
-12.167 7.252 -1.612
-12.137 7.286 -1.611
-12.136 7.338 -1.615
-12.15 7.372 -1.618
-12.166 7.434 -1.624
-12.198 7.507 -1.633
-12.186 7.553 -1.634
-12.174 7.598 -1.636
-12.157 7.641 -1.637
-12.163 7.698 -1.642
-12.164 7.726 -1.644
-12.147 7.768 -1.645
-12.144 7.82 -1.648
-12.129 7.865 -1.65
-12.113 7.908 -1.651
-12.096 7.952 -1.652
-12.073 7.991 -1.652
-12.332 12.431 -1.52
-12.324 12.501 -1.524
-12.303 12.558 -1.527
-12.273 12.607 -1.528
-12.322 12.698 -1.538
-12.341 12.796 -1.546
-12.237 12.769 -1.537
-12.327 12.944 -1.556
-12.325 13.023 -1.561
-12.321 13.101 -1.566
-12.322 13.185 -1.572
-12.313 13.217 -1.574
-25.077 9.217 -1.138
-25.324 9.397 -1.153
-25.588 9.587 -1.168
-25.83 9.77 -1.183
-25.958 9.911 -1.192
-26.046 10.039 -1.198
