-3.00613 0.93535 -0.239294 0.0190947
-1.866 3.646 -1.609
-1.864 3.672 -1.619
-1.85 3.673 -1.616
-1.852 3.705 -1.629
-1.845 3.721 -1.633
-1.843 3.746 -1.643
-1.829 3.733 -1.635
-1.826 3.757 -1.644
-1.82 3.774 -1.649
-1.82 3.805 -1.661
-1.915 5.184 -1.589
-1.924 5.258 -1.611
-1.931 5.327 -1.632
-1.933 5.359 -1.642
-12.142 7.083 -1.599
-12.161 7.145 -1.605
-12.149 7.19 -1.606
-12.158 7.221 -1.609
-12.147 7.266 -1.611
-12.146 7.318 -1.614
-12.126 7.358 -1.615
-12.149 7.424 -1.622
-12.164 7.486 -1.628
-12.186 7.526 -1.633
-12.183 7.577 -1.636
-12.166 7.619 -1.637
-12.158 7.668 -1.639
-12.158 7.721 -1.643
-12.143 7.766 -1.644
-12.139 7.817 -1.647
-12.137 7.842 -1.649
-12.122 7.887 -1.65
-12.357 12.418 -1.521
-12.348 12.486 -1.525
-12.305 12.522 -1.524
-12.277 12.572 -1.526
-12.285 12.659 -1.532
-12.332 12.788 -1.545
-12.26 12.793 -1.54
-12.301 12.876 -1.549
-12.332 12.989 -1.559
-12.329 13.069 -1.565
-12.326 13.148 -1.57
-12.312 13.216 -1.574
-24.815 9.032 -1.122
-24.999 9.188 -1.134
-25.224 9.361 -1.147
-25.502 9.509 -1.163
-25.756 9.696 -1.178
-25.916 9.849 -1.189
-26.025 9.984 -1.196
