-13.5005 0.456333 -0.048888 0.00160339
-1.887 3.575 -1.587
-1.888 3.604 -1.598
-1.884 3.612 -1.6
-1.877 3.626 -1.604
-1.873 3.647 -1.611
-1.868 3.664 -1.616
-1.863 3.683 -1.623
-1.857 3.7 -1.628
-1.857 3.715 -1.633
-1.84 3.711 -1.629
-1.845 3.75 -1.644
-1.917 4.059 -1.586
-1.911 4.08 -1.592
-1.9 4.089 -1.593
-1.892 4.107 -1.598
-1.889 4.134 -1.607
-1.889 4.152 -1.613
-1.882 4.171 -1.619
-1.876 4.193 -1.625
-1.869 4.214 -1.632
-1.866 4.244 -1.642
-1.93 5.148 -1.58
-1.931 5.176 -1.588
-1.917 5.189 -1.591
-1.933 5.281 -1.619
-1.929 5.321 -1.63
-1.927 5.367 -1.643
-12.13 7.076 -1.597
-12.163 7.146 -1.605
-12.154 7.193 -1.607
-12.151 7.243 -1.61
-12.135 7.285 -1.611
-12.141 7.341 -1.615
-12.15 7.372 -1.618
-12.166 7.434 -1.624
-12.193 7.504 -1.632
-12.191 7.556 -1.635
-12.174 7.598 -1.636
-12.16 7.643 -1.638
-12.153 7.692 -1.64
-12.156 7.72 -1.642
-12.152 7.771 -1.646
-12.147 7.822 -1.649
-12.317 12.494 -1.523
-12.298 12.554 -1.526
-12.273 12.607 -1.528
-12.307 12.682 -1.536
-12.335 12.791 -1.545
-12.235 12.768 -1.537
-12.316 12.933 -1.554
-12.328 13.026 -1.561
-12.322 13.102 -1.566
-12.315 13.177 -1.571
-12.311 13.214 -1.574
-24.871 9.053 -1.125
-25.051 9.207 -1.137
-25.305 9.39 -1.152
-25.567 9.579 -1.167
-25.804 9.76 -1.182
-25.951 9.909 -1.191
-26.009 10.024 -1.196
