-2.40272 -33.8197 16.9882 -2.11596
-1.885 3.613 -1.601
-1.876 3.623 -1.602
-1.874 3.634 -1.606
-1.873 3.659 -1.616
-1.867 3.677 -1.621
-1.848 3.668 -1.614
-1.855 3.712 -1.632
-1.847 3.726 -1.636
-1.837 3.735 -1.637
-1.839 3.754 -1.645
-1.834 3.773 -1.651
-1.903 4.08 -1.591
-1.896 4.099 -1.596
-1.893 4.125 -1.605
-1.887 4.148 -1.612
-1.878 4.163 -1.615
-1.875 4.174 -1.619
-1.876 4.211 -1.632
-1.872 4.239 -1.641
-1.919 5.144 -1.578
-1.919 5.195 -1.593
-1.915 5.233 -1.603
-1.948 5.347 -1.64
-12.134 7.078 -1.597
-12.157 7.143 -1.604
-12.167 7.175 -1.607
-12.163 7.224 -1.61
-12.142 7.263 -1.61
-12.16 7.326 -1.616
-12.131 7.361 -1.616
-12.145 7.422 -1.621
-12.173 7.491 -1.629
-12.186 7.526 -1.633
-12.188 7.58 -1.636
-12.167 7.62 -1.637
-12.165 7.672 -1.64
-12.149 7.716 -1.641
-12.147 7.768 -1.645
-12.137 7.816 -1.647
-12.14 7.845 -1.649
-12.31 12.526 -1.525
-12.279 12.573 -1.526
-12.282 12.656 -1.532
-12.325 12.781 -1.544
-12.289 12.783 -1.541
-12.298 12.873 -1.548
-12.341 12.999 -1.56
-12.318 13.057 -1.563
-12.322 13.143 -1.569
-12.317 13.221 -1.575
-12.278 13.263 -1.575
-24.984 9.182 -1.133
-25.219 9.359 -1.147
-25.502 9.509 -1.163
-25.732 9.686 -1.177
-25.91 9.847 -1.188
-26.027 9.984 -1.196
