-505.896 350.247 -80.3494 6.08032
-1.879 3.615 -1.6
-1.876 3.637 -1.608
-1.868 3.651 -1.612
-1.859 3.662 -1.614
-1.853 3.678 -1.619
-1.856 3.713 -1.633
-1.848 3.711 -1.63
-1.847 3.74 -1.641
-1.835 3.746 -1.641
-1.828 3.76 -1.645
-1.819 3.772 -1.648
-1.817 3.798 -1.658
-1.909 4.058 -1.584
-1.905 4.085 -1.593
-1.899 4.104 -1.598
-1.893 4.125 -1.605
-1.889 4.134 -1.607
-1.884 4.158 -1.615
-1.879 4.183 -1.623
-1.868 4.194 -1.625
-1.867 4.227 -1.636
-1.937 5.094 -1.565
-1.932 5.129 -1.575
-1.922 5.153 -1.581
-1.924 5.181 -1.589
-1.916 5.21 -1.597
-1.942 5.331 -1.635
-12.147 7.086 -1.599
-12.16 7.119 -1.603
-12.16 7.171 -1.606
-12.163 7.224 -1.61
-12.152 7.269 -1.612
-12.16 7.326 -1.616
-12.128 7.359 -1.615
-12.161 7.405 -1.622
-12.168 7.462 -1.626
-12.198 7.533 -1.634
-12.174 7.572 -1.634
-12.169 7.622 -1.637
-12.158 7.668 -1.639
-12.146 7.714 -1.641
-12.155 7.747 -1.644
-12.153 7.799 -1.648
-12.14 7.845 -1.649
-12.289 12.505 -1.522
-12.283 12.578 -1.527
-12.272 12.646 -1.531
-12.345 12.761 -1.544
-12.308 12.803 -1.544
-12.25 12.823 -1.542
-12.322 12.979 -1.558
-12.322 13.061 -1.564
-12.304 13.125 -1.567
-12.329 13.192 -1.573
-12.298 13.242 -1.575
-21.03 0.774999 -1.349
-21.061 0.842999 -1.352
-21.114 0.910999 -1.356
-21.115 0.977999 -1.356
-21.172 1.047 -1.361
-21.144 1.079 -1.359
-21.224 1.15 -1.365
-21.304 1.221 -1.371
-21.326 1.289 -1.373
-21.254 1.352 -1.368
-21.222 1.417 -1.366
-21.247 1.486 -1.368
-21.253 1.52 -1.369
-21.196 1.583 -1.365
-21.221 1.652 -1.367
-21.262 1.722 -1.37
-21.304 1.793 -1.374
-21.342 1.863 -1.377
-21.435 1.939 -1.385
-21.672 1.995 -1.402
-21.732 2.069 -1.407
-21.745 2.139 -1.409
-21.75 2.209 -1.41
-21.757 2.278 -1.411
-24.785 9.021 -1.121
-24.959 9.173 -1.132
-25.215 9.312 -1.146
-25.447 9.489 -1.16
-25.707 9.677 -1.176
-25.91 9.847 -1.188
-25.997 9.973 -1.195
-25.969 10.056 -1.195
