-0.96525 -35.8152 17.9715 -2.26255
-1.874 3.634 -1.606
-1.873 3.659 -1.616
-1.868 3.664 -1.616
-1.858 3.673 -1.618
-1.855 3.697 -1.626
-1.849 3.714 -1.632
-1.839 3.724 -1.633
-1.839 3.754 -1.645
-1.825 3.755 -1.643
-1.829 3.778 -1.652
-1.823 3.795 -1.658
-1.912 4.032 -1.576
-1.916 4.074 -1.591
-1.908 4.073 -1.589
-1.905 4.101 -1.598
-1.896 4.116 -1.602
-1.889 4.134 -1.607
-1.885 4.16 -1.615
-1.879 4.183 -1.623
-1.867 4.191 -1.623
-1.871 4.219 -1.634
-1.92 5.17 -1.585
-1.911 5.198 -1.593
-1.935 5.311 -1.628
-1.934 5.334 -1.635
-1.923 5.358 -1.64
-1.908 5.369 -1.642
-3.168 5.18 -1.527
-3.225 5.308 -1.565
-3.22 5.338 -1.571
-3.256 5.416 -1.594
-3.27 5.477 -1.61
-3.25 5.484 -1.609
-3.296 5.601 -1.643
-12.133 7.103 -1.599
-12.16 7.171 -1.606
-12.159 7.222 -1.61
-12.163 7.25 -1.612
-12.152 7.296 -1.614
-12.126 7.332 -1.613
-12.161 7.405 -1.622
-12.159 7.457 -1.625
-12.183 7.524 -1.632
-12.176 7.573 -1.635
-12.174 7.598 -1.636
-12.167 7.647 -1.639
-12.155 7.693 -1.64
-12.145 7.74 -1.643
-12.141 7.791 -1.646
-12.135 7.841 -1.649
-12.31 12.487 -1.522
-12.307 12.563 -1.527
-12.277 12.611 -1.529
-12.318 12.733 -1.54
-12.33 12.826 -1.547
-12.214 12.785 -1.537
-12.337 12.954 -1.557
-12.336 13.035 -1.563
-12.334 13.115 -1.568
-12.324 13.187 -1.573
-12.295 13.239 -1.574
-24.917 9.114 -1.129
-25.13 9.281 -1.142
-25.384 9.465 -1.157
-25.642 9.653 -1.172
-25.87 9.785 -1.185
-25.992 9.924 -1.193
-26.015 10.027 -1.196
