4.37066 -0.399351 0.0248311 -0.000472803
2.773 5.129 -1.683
2.773 5.091 -1.673
2.786 5.076 -1.671
2.798 5.06 -1.668
2.798 5.023 -1.658
2.812 5.011 -1.657
2.822 4.992 -1.653
2.814 4.959 -1.643
2.824 4.941 -1.64
2.841 4.933 -1.64
2.845 4.904 -1.633
2.855 4.887 -1.63
2.72 6.093 -1.69
2.721 6.069 -1.684
2.714 6.003 -1.667
2.699 5.92 -1.645
2.747 5.975 -1.664
2.743 5.917 -1.649
2.763 5.912 -1.65
2.773 5.886 -1.645
2.772 5.859 -1.638
2.675 7.216 -1.66
2.682 7.165 -1.649
2.702 7.151 -1.648
2.712 7.11 -1.64
2.712 7.075 -1.632
2.723 7.039 -1.625
2.741 7.018 -1.622
2.747 6.969 -1.612
2.757 6.93 -1.604
2.609 8.805 -1.654
2.607 8.748 -1.643
2.623 8.702 -1.635
2.638 8.653 -1.627
2.656 8.614 -1.621
2.668 8.557 -1.611
2.682 8.507 -1.603
2.69 24.968 -1.649
2.754 24.823 -1.639
2.827 24.771 -1.636
2.893 24.663 -1.628
2.963 24.594 -1.624
2.981 24.415 -1.611
3.042 24.277 -1.602
3.1 24.125 -1.591
0.403998 36.405 -1.624
0.518998 36.455 -1.627
0.632998 36.438 -1.626
0.747998 36.453 -1.627
0.859998 36.329 -1.621
0.966998 36.065 -1.608
1.017 35.822 -1.596
1.11 35.189 -1.564
1.199 34.565 -1.533
6.659 57.145 -1.001
6.763 56.494 -0.988
6.707 55.298 -0.963
6.747 54.204 -0.94
