5.44666 -1.01229 0.102881 -0.00383756
2.131 8.668 -1.604
2.15 8.629 -1.597
2.164 8.569 -1.587
2.178 8.512 -1.577
2.201 8.49 -1.574
2.218 8.445 -1.566
2.218 8.394 -1.557
2.238 8.361 -1.551
1.718 10.772 -1.607
1.748 10.739 -1.603
1.772 10.679 -1.594
1.804 10.66 -1.592
1.829 10.607 -1.584
1.853 10.549 -1.576
1.859 10.484 -1.566
1.884 10.433 -1.558
1.906 10.369 -1.549
1.404 13.875 -1.584
1.417 13.589 -1.548
1.43 13.505 -1.538
1.462 13.404 -1.525
5.81 23.652 -1.593
5.894 23.672 -1.596
5.946 23.565 -1.59
6.02 23.546 -1.59
6.092 23.519 -1.589
6.122 23.332 -1.576
6.108 23.129 -1.561
6.141 22.962 -1.55
6.188 22.848 -1.543
1.023 59.938 -1.052
1.201 59.425 -1.041
1.282 58.879 -1.03
1.448 58.123 -1.014
1.609 57.375 -0.998
