-2.36005 0.326032 -0.0686783 0.0041876
-1.919 4.218 -1.641
-1.912 4.24 -1.647
-1.908 4.266 -1.656
-1.91 4.288 -1.664
-1.895 4.291 -1.662
-1.893 4.324 -1.674
-1.888 4.351 -1.682
-1.88 4.37 -1.688
-1.873 4.392 -1.694
-2.964 4.746 -1.61
-2.99 4.822 -1.635
-2.973 4.828 -1.633
-2.959 4.839 -1.634
-2.993 4.928 -1.663
-12.575 7.497 -1.673
-12.574 7.523 -1.675
-12.559 7.567 -1.676
-12.525 7.6 -1.674
-12.509 7.645 -1.676
-12.49 7.687 -1.676
-12.469 7.729 -1.677
-12.455 7.774 -1.679
-12.453 7.8 -1.68
-12.437 7.844 -1.681
-12.43 7.895 -1.684
-12.415 7.941 -1.686
-12.397 7.984 -1.687
-12.379 8.027 -1.688
-12.373 8.079 -1.691
-12.361 8.098 -1.691
-12.348 8.146 -1.693
-12.334 8.192 -1.695
-12.317 8.237 -1.696
-12.299 8.281 -1.697
-12.283 8.326 -1.699
-12.266 8.371 -1.7
-12.265 8.399 -1.702
-12.258 8.451 -1.705
-12.238 8.494 -1.706
-12.219 8.538 -1.707
-12.218 8.594 -1.711
-12.199 8.638 -1.713
-12.193 8.692 -1.716
-12.182 8.713 -1.716
-12.163 8.757 -1.718
-12.15 8.806 -1.72
-12.141 8.858 -1.723
-12.115 8.897 -1.723
-12.456 13.454 -1.601
-12.566 13.658 -1.623
-12.569 13.704 -1.626
-12.499 13.714 -1.622
-12.592 13.904 -1.642
-12.43 13.812 -1.625
-12.408 13.875 -1.628
-12.551 14.123 -1.656
-12.6 14.268 -1.67
-25.752 9.053 -1.167
-25.817 9.167 -1.172
-26.066 9.301 -1.186
-26.385 9.508 -1.205
-26.753 9.735 -1.226
-26.859 9.87 -1.233
-27.006 10.02 -1.243
-39.346 42.411 -1.008
-39.336 42.668 -1.012
-39.245 42.838 -1.013
-39.21 43.071 -1.016
-39.296 43.303 -1.021
-39.219 43.491 -1.023
-39.158 43.699 -1.025
-39.714 44.602 -1.047
-39.936 45.135 -1.059
