-0.370462 -0.805268 0.13936 -0.00803994
-1.877 3.639 -1.609
-1.873 3.659 -1.616
-1.863 3.669 -1.617
-1.855 3.668 -1.616
-1.856 3.699 -1.627
-1.852 3.719 -1.634
-1.844 3.734 -1.638
-1.837 3.749 -1.643
-1.827 3.758 -1.644
-1.815 3.764 -1.644
-1.824 3.799 -1.659
-1.911 4.063 -1.586
-1.905 4.085 -1.593
-1.903 4.096 -1.596
-1.897 4.117 -1.603
-1.89 4.137 -1.608
-1.882 4.153 -1.613
-1.877 4.178 -1.62
-1.872 4.203 -1.628
-1.868 4.229 -1.637
-1.926 5.188 -1.591
-1.915 5.207 -1.596
-1.937 5.318 -1.63
-1.927 5.341 -1.636
-1.92 5.375 -1.645
-12.153 7.064 -1.599
-12.152 7.114 -1.602
-12.158 7.17 -1.606
-12.156 7.22 -1.609
-12.147 7.266 -1.611
-12.143 7.316 -1.614
-12.129 7.334 -1.614
-12.162 7.406 -1.622
-12.166 7.461 -1.626
-12.195 7.531 -1.634
-12.176 7.573 -1.635
-12.167 7.62 -1.637
-12.16 7.669 -1.639
-12.158 7.695 -1.641
-12.149 7.743 -1.643
-12.144 7.794 -1.646
-12.137 7.842 -1.649
-12.289 12.505 -1.522
-12.3 12.556 -1.526
-12.281 12.615 -1.529
-12.327 12.743 -1.541
-12.315 12.81 -1.545
-12.218 12.79 -1.537
-12.307 12.963 -1.556
-12.318 13.057 -1.563
-12.328 13.108 -1.567
-12.329 13.192 -1.573
-12.283 13.226 -1.573
-21.036 0.774999 -1.35
-21.061 0.842999 -1.352
-21.112 0.910999 -1.356
-21.115 0.943999 -1.356
-21.169 1.013 -1.36
-21.158 1.079 -1.36
-21.224 1.15 -1.365
-21.306 1.221 -1.371
-21.33 1.29 -1.373
-21.26 1.353 -1.368
-21.23 1.384 -1.366
-21.25 1.452 -1.368
-21.251 1.52 -1.369
-21.22 1.585 -1.367
-21.211 1.651 -1.366
-21.254 1.721 -1.37
-21.304 1.793 -1.374
-21.325 1.828 -1.376
-21.414 1.903 -1.383
-21.633 1.991 -1.399
-21.728 2.069 -1.407
-21.755 2.14 -1.409
-21.76 2.21 -1.41
-21.757 2.278 -1.411
-21.773 2.315 -1.412
-21.77 2.384 -1.412
-25.16 9.292 -1.143
-25.423 9.48 -1.159
-25.677 9.666 -1.174
-25.877 9.834 -1.186
-25.999 9.974 -1.195
-26.024 10.03 -1.197
