4.06922 -0.140999 0.01121 -0.000260858
3.647 2.536 -1.755
3.648 2.519 -1.752
3.652 2.506 -1.75
3.645 2.484 -1.742
3.645 2.468 -1.738
3.644 2.45 -1.734
3.664 2.447 -1.74
3.655 2.433 -1.734
3.654 2.415 -1.729
3.655 2.4 -1.726
3.656 2.384 -1.723
3.658 2.369 -1.72
3.653 2.349 -1.713
3.663 2.34 -1.715
3.657 2.328 -1.71
3.669 2.32 -1.713
3.666 2.301 -1.707
3.659 2.281 -1.7
3.639 3.317 -1.751
3.637 3.294 -1.745
3.636 3.273 -1.739
3.644 3.259 -1.738
3.631 3.237 -1.728
3.651 3.235 -1.733
3.628 3.195 -1.717
3.631 3.177 -1.713
3.645 3.17 -1.716
3.641 3.146 -1.708
3.645 3.13 -1.706
3.655 3.127 -1.708
3.647 3.102 -1.699
3.645 3.08 -1.694
3.618 4.111 -1.745
3.614 4.094 -1.74
3.61 4.063 -1.731
3.612 4.041 -1.725
3.617 4.021 -1.721
3.625 4.004 -1.719
3.647 4.004 -1.724
3.645 3.975 -1.716
3.643 3.949 -1.709
3.639 3.932 -1.704
3.652 3.922 -1.705
3.641 3.886 -1.693
3.665 4.671 -1.716
3.664 4.64 -1.708
3.663 4.609 -1.701
3.667 4.584 -1.695
3.66 4.561 -1.688
3.66 4.531 -1.681
3.662 4.505 -1.675
3.667 4.481 -1.671
3.677 4.465 -1.669
3.68 4.441 -1.663
3.582 5.925 -1.758
3.601 5.913 -1.758
3.615 5.895 -1.756
3.622 5.886 -1.755
3.622 5.844 -1.745
3.634 5.823 -1.742
3.641 5.793 -1.736
3.638 5.747 -1.725
3.64 5.711 -1.717
3.639 5.689 -1.712
3.637 5.647 -1.702
3.611 7.26 -1.755
3.612 7.232 -1.749
3.618 7.187 -1.741
3.632 7.158 -1.736
3.633 7.105 -1.725
3.642 7.068 -1.719
3.64 7.009 -1.706
3.649 6.972 -1.7
3.581 9.118 -1.772
3.586 9.087 -1.767
3.598 9.035 -1.758
3.597 8.949 -1.743
3.597 8.868 -1.728
3.62 8.844 -1.726
3.633 8.797 -1.718
3.582 11.352 -1.765
3.593 11.326 -1.762
3.593 11.203 -1.743
3.61 11.136 -1.734
3.625 11.062 -1.723
3.63 10.961 -1.708
3.474 15.282 -1.805
3.499 15.278 -1.805
3.52 15.151 -1.79
3.53 14.984 -1.77
3.568 14.936 -1.765
3.607 14.892 -1.76
3.606 14.688 -1.735
3.754 18.954 -1.698
3.759 18.671 -1.67
3.779 18.469 -1.652
3.77 18.278 -1.633
3.275 28.735 -1.93
3.364 28.712 -1.929
3.45 28.672 -1.927
3.488 28.235 -1.895
3.512 27.712 -1.857
3.504 27.3 -1.827
13.024 35.125 -1.677
13.137 35.091 -1.678
13.175 34.859 -1.668
13.18 34.542 -1.653
13.064 33.918 -1.621
