3.89566 -0.0593122 0.00328522 -5.55417e-05
3.584 2.76 -1.79
3.588 2.745 -1.787
3.587 2.735 -1.784
3.581 2.713 -1.776
3.602 2.711 -1.783
3.608 2.698 -1.782
3.604 2.678 -1.776
3.619 2.671 -1.779
3.617 2.652 -1.773
3.619 2.645 -1.773
3.629 2.635 -1.773
3.633 2.62 -1.771
3.626 2.598 -1.763
3.63 2.583 -1.761
3.638 2.572 -1.761
3.629 2.549 -1.752
3.633 2.543 -1.752
3.631 2.525 -1.747
3.632 2.509 -1.744
3.642 2.499 -1.745
3.647 2.485 -1.743
3.648 2.47 -1.74
3.644 2.45 -1.734
4.629 0.428 -1.647
4.586 0.41 -1.63
4.58 0.395 -1.627
4.51 0.375 -1.6
4.562 0.365 -1.619
4.56 0.358 -1.618
4.59 0.345 -1.629
4.574 0.33 -1.623
4.502 0.311 -1.595
3.614 4.185 -1.763
3.617 4.162 -1.758
3.626 4.147 -1.756
3.615 4.108 -1.743
3.621 4.101 -1.743
3.596 4.048 -1.723
3.597 4.024 -1.718
3.639 4.045 -1.732
3.628 4.008 -1.721
3.636 3.991 -1.718
3.654 3.985 -1.721
3.629 3.946 -1.705
3.65 3.944 -1.71
3.659 3.929 -1.708
3.658 3.903 -1.702
3.66 3.881 -1.696
3.647 4.71 -1.722
3.648 4.68 -1.715
3.648 4.65 -1.708
3.652 4.625 -1.703
3.641 4.581 -1.689
3.641 4.566 -1.686
3.654 4.553 -1.685
3.651 4.521 -1.677
3.643 4.481 -1.666
3.593 5.9 -1.754
3.592 5.878 -1.749
3.603 5.855 -1.745
3.622 5.844 -1.745
3.621 5.801 -1.735
3.627 5.77 -1.729
3.645 5.759 -1.729
3.647 5.723 -1.721
3.634 5.681 -1.709
3.642 5.655 -1.705
3.638 5.61 -1.694
3.585 7.206 -1.741
3.6 7.181 -1.738
3.598 7.147 -1.73
3.616 7.127 -1.728
3.628 7.095 -1.723
3.626 7.036 -1.711
3.645 7.02 -1.709
3.659 6.993 -1.705
3.645 6.939 -1.692
3.65 6.894 -1.684
3.605 8.888 -1.733
3.62 8.846 -1.726
3.636 8.804 -1.72
3.631 8.753 -1.71
3.642 8.703 -1.702
3.647 8.637 -1.691
3.65 8.57 -1.679
3.424 11.093 -1.718
3.457 11.075 -1.717
3.471 11 -1.706
3.468 10.928 -1.695
3.472 10.823 -1.68
3.472 10.705 -1.662
3.547 14.645 -1.728
3.591 14.627 -1.727
3.608 14.5 -1.712
3.616 14.248 -1.681
3.624 14.095 -1.662
3.63 13.937 -1.643
3.654 13.851 -1.633
3.494 19.052 -1.702
3.517 19.007 -1.698
3.56 18.908 -1.69
3.58 18.69 -1.669
3.595 18.453 -1.646
3.603 18.186 -1.621
3.618 17.964 -1.6
3.327 25.272 -1.677
3.404 25.247 -1.676
3.472 25.154 -1.67
3.526 24.963 -1.656
3.549 24.567 -1.628
3.567 24.151 -1.598
3.247 34.894 -1.556
3.356 34.878 -1.556
3.449 34.69 -1.547
3.495 34.065 -1.516
3.554 33.593 -1.493
3.579 32.843 -1.455
