3.79156 -0.0223081 0.00395245 -0.000127858
3.757 2.408 -1.764
3.757 2.391 -1.76
3.758 2.375 -1.757
3.75 2.362 -1.751
3.754 2.348 -1.749
3.757 2.333 -1.747
3.754 2.316 -1.742
3.768 2.308 -1.745
3.766 2.29 -1.741
3.762 2.272 -1.735
3.757 2.261 -1.731
3.768 2.251 -1.733
3.77 2.236 -1.731
3.769 2.22 -1.727
3.763 2.201 -1.72
3.764 2.185 -1.717
3.771 2.173 -1.717
3.768 2.164 -1.714
3.755 3.142 -1.74
3.74 3.11 -1.728
3.741 3.091 -1.724
3.75 3.078 -1.723
3.748 3.057 -1.718
3.738 3.039 -1.711
3.75 3.03 -1.712
3.747 3.008 -1.706
3.749 2.99 -1.702
3.759 2.979 -1.703
3.754 2.956 -1.696
3.752 2.935 -1.69
3.765 2.936 -1.694
3.753 2.908 -1.684
3.754 2.89 -1.68
3.748 3.961 -1.737
3.746 3.935 -1.73
3.747 3.911 -1.724
3.751 3.891 -1.72
3.742 3.857 -1.71
3.744 3.847 -1.708
3.736 3.815 -1.698
3.72 3.775 -1.685
3.675 4.746 -1.736
3.69 4.734 -1.736
3.763 4.63 -1.725
3.759 4.61 -1.72
3.774 4.599 -1.72
3.767 4.562 -1.71
3.771 4.536 -1.704
3.764 4.5 -1.694
3.776 4.485 -1.693
3.771 4.464 -1.687
3.774 4.439 -1.682
3.758 5.658 -1.722
3.759 5.62 -1.714
3.77 5.599 -1.711
3.772 5.565 -1.704
3.78 5.538 -1.699
3.762 5.492 -1.686
3.772 5.471 -1.683
3.777 5.442 -1.677
3.781 5.411 -1.671
3.782 6.985 -1.717
3.787 6.969 -1.714
3.795 6.931 -1.707
3.797 6.883 -1.698
3.8 6.837 -1.689
3.804 6.795 -1.681
3.808 6.75 -1.672
3.804 6.694 -1.66
3.799 8.58 -1.692
3.812 8.538 -1.686
3.823 8.49 -1.678
3.824 8.421 -1.666
3.814 8.364 -1.655
3.822 8.311 -1.647
3.827 8.253 -1.637
3.795 10.559 -1.657
3.823 10.532 -1.654
3.828 10.442 -1.641
3.813 10.3 -1.619
3.813 10.203 -1.604
3.868 13.698 -1.621
3.908 13.676 -1.62
3.917 13.546 -1.604
3.897 13.401 -1.586
3.901 13.259 -1.568
3.903 13.114 -1.551
3.913 12.999 -1.537
3.889 17.587 -1.569
3.928 17.505 -1.562
3.941 17.306 -1.543
3.947 17.084 -1.522
3.996 17.053 -1.52
3.951 16.62 -1.478
13.978 5.167 -0.994
13.921 5.121 -0.989
13.938 5.028 -0.988
13.818 4.936 -0.976
13.554 4.794 -0.952
13.749 4.814 -0.968
13.549 4.697 -0.949
13.425 4.63 -0.938
4.442 31.526 -1.395
4.542 31.513 -1.395
4.618 31.345 -1.387
4.564 30.636 -1.352
4.554 29.922 -1.316
4.617 29.711 -1.306
4.66 29.374 -1.29
14.319 56.187 -1.011
14.328 55.497 -0.997
14.292 54.649 -0.979
14.246 53.785 -0.962
14.124 52.988 -0.945
