-8.82402 3.43852 -0.572376 0.0301675
-2.204 3.609 -1.665
-2.202 3.632 -1.673
-2.2 3.641 -1.676
-2.187 3.645 -1.675
-2.189 3.676 -1.686
-2.181 3.689 -1.689
-2.152 3.666 -1.675
-2.152 3.692 -1.684
-2.168 3.748 -1.708
-2.161 3.748 -1.706
-2.14 3.739 -1.699
-2.139 3.765 -1.708
-2.131 3.778 -1.711
-2.137 3.819 -1.727
-2.12 3.816 -1.723
-2.118 3.84 -1.731
-2.229 4.089 -1.65
-2.236 4.117 -1.66
-2.237 4.15 -1.672
-2.237 4.182 -1.682
-2.242 4.224 -1.697
-2.217 4.208 -1.687
-2.204 4.216 -1.688
-2.21 4.26 -1.703
-2.255 4.778 -1.679
-2.262 4.814 -1.691
-2.257 4.842 -1.699
-2.258 4.885 -1.712
-2.257 4.925 -1.725
-2.249 4.948 -1.731
-2.275 5.339 -1.675
-2.284 5.383 -1.688
-2.286 5.434 -1.703
-2.279 5.464 -1.711
-2.273 5.499 -1.72
-2.268 5.536 -1.73
-2.305 6.08 -1.644
-2.296 6.115 -1.652
-2.294 6.167 -1.665
-2.289 6.214 -1.676
-2.283 6.257 -1.687
-2.275 6.266 -1.688
-2.262 6.292 -1.694
-2.243 6.301 -1.694
-2.222 6.306 -1.694
-2.204 6.316 -1.695
-2.19 6.34 -1.699
-2.322 7.185 -1.626
-2.318 7.211 -1.632
-2.308 7.259 -1.641
-2.281 7.252 -1.638
-2.271 7.3 -1.648
-2.253 7.322 -1.651
-2.253 7.403 -1.669
-2.234 7.425 -1.673
-2.231 7.457 -1.68
-2.319 8.605 -1.601
-2.329 8.751 -1.629
-2.33 8.81 -1.64
-2.308 8.838 -1.644
-2.282 8.853 -1.646
-2.253 8.854 -1.644
-2.237 8.907 -1.654
-14.011 11.064 -1.553
-14.084 11.194 -1.567
-14.065 11.215 -1.567
-14.063 11.286 -1.571
-14.051 11.349 -1.574
-14.02 11.397 -1.574
-14.009 11.461 -1.578
-13.996 11.524 -1.581
-13.996 11.598 -1.585
-14.01 11.647 -1.589
-13.986 11.701 -1.591
-13.977 11.768 -1.594
-13.968 11.836 -1.598
-13.951 11.897 -1.601
-13.932 11.956 -1.603
-13.892 11.998 -1.603
-13.01 19.298 -1.514
-12.987 19.395 -1.519
-12.979 19.516 -1.526
-12.981 19.586 -1.53
-12.965 19.695 -1.536
-12.943 19.797 -1.542
-12.92 19.898 -1.547
-12.897 19.999 -1.552
-12.869 20.094 -1.557
-12.835 20.18 -1.561
-12.833 20.247 -1.565
-11.813 28.791 -1.359
-11.8 29.02 -1.369
-11.762 29.187 -1.376
-11.763 29.324 -1.383
-11.743 29.541 -1.393
-11.69 29.68 -1.398
-11.671 29.906 -1.408
-11.598 29.996 -1.411
-11.551 30.156 -1.418
-19.253 23.693 -0.435
-19.221 23.807 -0.436
-19.186 23.84 -0.437
-19.147 23.945 -0.438
-19.203 24.171 -0.442
-19.228 24.359 -0.446
-19.215 24.501 -0.448
-19.192 24.631 -0.45
-19.198 24.798 -0.452
-19.154 24.822 -0.452
-19.172 25.008 -0.456
-19.16 25.155 -0.458
-19.155 25.314 -0.461
-19.157 25.483 -0.463
-19.03 25.481 -0.462
-19.082 25.719 -0.466
-19.157 25.905 -0.47
-19.523 26.574 -0.486
-19.401 26.584 -0.485
