-8.57289 0.00439574 -0.000165396 -5.63316e-07
-8.555 4.573 -2.038
-8.556 4.608 -2.042
-8.561 4.628 -2.045
-8.551 4.658 -2.047
-8.543 4.689 -2.048
-8.568 4.737 -2.058
-8.545 4.759 -2.056
-8.553 4.8 -2.062
-8.552 4.834 -2.066
-8.553 4.852 -2.068
-8.546 4.884 -2.07
-8.532 4.912 -2.071
-8.552 4.959 -2.08
-8.548 4.993 -2.083
-8.546 5.028 -2.086
-8.547 5.065 -2.091
-8.542 5.08 -2.091
-8.528 5.108 -2.092
-8.513 5.136 -2.092
-8.536 6.863 -1.996
-8.545 6.914 -2.004
-8.531 6.947 -2.006
-8.542 7.001 -2.014
-8.531 7.037 -2.017
-8.525 7.077 -2.021
-8.518 7.116 -2.025
-8.536 7.154 -2.032
-8.518 7.184 -2.033
-8.521 7.232 -2.039
-8.529 7.286 -2.047
-8.562 9.944 -1.959
-8.55 9.993 -1.963
-8.547 10.053 -1.97
-8.541 10.11 -1.977
-8.544 10.178 -1.985
-8.54 10.238 -1.992
-8.56 10.295 -2.001
-8.534 10.33 -2.003
-8.515 10.373 -2.006
-8.512 10.435 -2.013
-8.568 15.07 -1.929
-8.552 15.152 -1.937
-8.546 15.253 -1.947
-8.543 15.361 -1.959
-8.559 15.446 -1.969
-8.542 15.53 -1.977
-8.54 15.642 -1.989
-8.54 19.515 -1.892
-8.53 19.659 -1.905
-8.531 19.832 -1.92
-8.526 19.992 -1.935
-8.509 20.127 -1.946
-8.497 20.275 -1.959
-8.454 20.351 -1.964
-8.572 26.56 -1.855
-8.558 26.804 -1.872
-8.545 27.057 -1.89
-8.579 27.314 -1.908
-8.572 27.592 -1.928
-8.529 27.762 -1.939
-8.449 27.811 -1.941
-8.703 41.718 -1.692
-8.693 42.334 -1.719
-8.61 42.612 -1.73
-8.584 42.829 -1.739
-8.548 43.356 -1.762
-8.503 43.859 -1.783
-8.459 44.378 -1.806
