-2.60288 0.188698 -0.0215193 0.000600455
-2.21 3.433 -1.604
-2.238 3.49 -1.63
-2.233 3.506 -1.635
-2.229 3.524 -1.64
-2.201 3.504 -1.627
-2.198 3.524 -1.633
-2.182 3.523 -1.63
-2.177 3.539 -1.634
-2.18 3.557 -1.641
-2.153 3.538 -1.629
-2.18 3.608 -1.66
-2.175 3.626 -1.665
-2.169 3.641 -1.669
-2.059 4.191 -1.654
-2.055 4.216 -1.662
-2.048 4.236 -1.668
-2.049 4.273 -1.681
-2.033 4.256 -1.672
-2.016 4.254 -1.669
-2.02 4.299 -1.685
-2.01 4.312 -1.688
-1.998 4.322 -1.689
-2.007 4.378 -1.71
-2.093 4.781 -1.657
-2.104 4.848 -1.68
-2.084 4.843 -1.675
-2.081 4.856 -1.679
-2.075 4.886 -1.687
-2.079 4.939 -1.705
-2.071 4.963 -1.711
-2.08 5.291 -1.638
-2.092 5.348 -1.656
-2.073 5.347 -1.653
-2.082 5.421 -1.676
-2.088 5.487 -1.695
-2.08 5.518 -1.704
-2.069 5.541 -1.709
-2.136 6.154 -1.647
-2.128 6.195 -1.657
-2.124 6.246 -1.669
-2.111 6.271 -1.675
-2.098 6.297 -1.68
-2.078 6.304 -1.68
-2.07 6.345 -1.69
-2.063 6.358 -1.693
-2.048 6.379 -1.697
-2.034 6.406 -1.703
-2.194 7.252 -1.632
-2.183 7.298 -1.641
-2.166 7.326 -1.646
-2.162 7.398 -1.662
-2.156 7.462 -1.676
-2.146 7.471 -1.678
-2.138 7.534 -1.691
-2.241 8.695 -1.614
-2.219 8.725 -1.619
-2.216 8.768 -1.627
-2.201 8.825 -1.636
-2.189 8.894 -1.649
-2.174 8.957 -1.66
-2.163 9.034 -1.674
-2.134 9.037 -1.673
-2.341 10.529 -1.587
-2.309 10.542 -1.588
-2.276 10.547 -1.588
-2.264 10.574 -1.592
-2.235 10.6 -1.595
-2.231 10.746 -1.618
-2.238 10.949 -1.649
-2.205 10.965 -1.651
-2.556 13.651 -1.577
-2.527 13.739 -1.587
-2.479 13.72 -1.584
-2.443 13.765 -1.589
-2.414 13.854 -1.599
-2.396 13.88 -1.602
-2.368 13.981 -1.614
-2.354 14.172 -1.638
-3.925 16.302 -1.447
-3.91 16.468 -1.462
-3.878 16.563 -1.471
-3.843 16.647 -1.478
-3.809 16.738 -1.486
-3.78 16.859 -1.497
-3.729 16.879 -1.498
-3.251 22.685 -1.487
-3.224 23.011 -1.511
-3.186 23.272 -1.53
-3.129 23.399 -1.538
-3.061 23.45 -1.541
-3.088 23.947 -1.578
-3.04 24.174 -1.594
-14.68 34.671 -1.471
-14.639 34.879 -1.479
-14.609 35.115 -1.488
-14.572 35.34 -1.497
-14.542 35.585 -1.506
-14.528 35.712 -1.511
-14.508 35.985 -1.522
-14.424 36.105 -1.526
-20.871 37.788 -0.7
-20.893 38.111 -0.706
-21.003 38.456 -0.714
-20.956 38.658 -0.717
-20.9 38.847 -0.72
-20.829 39.007 -0.722
-20.779 39.21 -0.725
-20.789 39.529 -0.731
-20.807 39.867 -0.738
-20.769 39.947 -0.739
-20.74 40.199 -0.743
-20.679 40.392 -0.746
-20.691 40.732 -0.753
