3.6703 -0.00906126 -0.000264244 1.37225e-05
3.617 3.402 -1.767
3.605 3.37 -1.755
3.62 3.363 -1.757
3.625 3.346 -1.755
3.626 3.326 -1.75
3.63 3.319 -1.749
3.637 3.305 -1.747
3.62 3.269 -1.733
3.625 3.252 -1.73
3.659 3.262 -1.743
3.641 3.226 -1.728
3.649 3.213 -1.728
3.652 3.205 -1.726
3.648 3.181 -1.719
3.649 3.163 -1.715
3.64 4.097 -1.746
3.631 4.062 -1.735
3.621 4.038 -1.727
3.62 4.011 -1.72
3.634 4.001 -1.72
3.65 3.994 -1.722
3.648 3.967 -1.715
3.645 3.939 -1.707
3.645 3.914 -1.701
3.639 3.895 -1.695
3.657 4.723 -1.727
3.655 4.705 -1.723
3.644 4.661 -1.71
3.658 4.648 -1.709
3.659 4.62 -1.703
3.656 4.586 -1.694
3.66 4.561 -1.688
3.679 4.555 -1.691
3.672 4.517 -1.68
3.68 4.512 -1.681
3.684 4.489 -1.676
3.518 5.988 -1.764
3.533 5.97 -1.762
3.538 5.958 -1.76
3.551 5.937 -1.756
3.558 5.905 -1.75
3.578 5.898 -1.751
3.591 5.876 -1.748
3.613 5.872 -1.75
3.619 5.839 -1.743
3.627 5.832 -1.743
3.636 5.805 -1.738
3.631 5.756 -1.726
3.631 5.717 -1.717
3.643 5.696 -1.714
3.61 7.345 -1.773
3.622 7.309 -1.766
3.63 7.268 -1.759
3.62 7.192 -1.742
3.618 7.132 -1.729
3.619 7.106 -1.724
3.64 7.091 -1.723
3.651 7.058 -1.718
3.596 9.03 -1.757
3.607 9.017 -1.756
3.626 8.982 -1.751
3.642 8.939 -1.744
3.647 8.871 -1.733
3.652 8.804 -1.721
3.653 8.729 -1.707
3.662 8.674 -1.698
3.547 11.431 -1.775
3.576 11.395 -1.771
3.592 11.322 -1.761
3.612 11.264 -1.753
3.622 11.171 -1.74
3.611 11.079 -1.725
3.619 10.985 -1.711
3.565 15.133 -1.789
3.586 15.114 -1.787
3.602 14.973 -1.77
3.599 14.757 -1.743
3.62 14.646 -1.73
3.626 14.477 -1.709
3.642 14.348 -1.694
3.451 20.068 -1.8
3.509 20.026 -1.797
3.557 19.933 -1.789
3.582 19.71 -1.767
3.594 19.428 -1.74
3.606 19.157 -1.714
3.634 18.977 -1.698
3.312 27.15 -1.814
3.394 27.113 -1.812
3.462 26.966 -1.802
3.526 26.799 -1.79
3.549 26.329 -1.756
3.533 25.904 -1.725
3.569 25.563 -1.701
3.245 38.873 -1.755
3.361 38.791 -1.751
3.434 38.225 -1.723
3.507 37.703 -1.698
3.545 36.85 -1.655
13.536 64.907 -1.185
13.354 63.535 -1.156
13.291 62.265 -1.13
