-8.27404 -0.0167043 0.000549016 -1.65512e-05
-8.376 6.149 -1.887
-8.372 6.187 -1.891
-8.375 6.23 -1.896
-8.373 6.269 -1.901
-8.377 6.313 -1.906
-8.354 6.337 -1.906
-8.372 6.371 -1.912
-8.359 6.404 -1.914
-8.332 6.424 -1.912
-8.322 6.458 -1.915
-8.336 6.511 -1.923
-8.339 6.555 -1.929
-8.337 6.596 -1.934
-8.346 6.625 -1.939
-8.423 9.156 -1.85
-8.427 9.217 -1.858
-8.422 9.27 -1.864
-8.415 9.321 -1.869
-8.428 9.394 -1.879
-8.41 9.434 -1.882
-8.403 9.486 -1.887
-8.422 9.537 -1.895
-8.427 9.604 -1.904
-8.476 13.927 -1.802
-8.449 13.982 -1.806
-8.465 14.107 -1.821
-8.433 14.154 -1.823
-8.448 14.23 -1.832
-8.466 14.363 -1.848
-8.455 14.448 -1.856
-8.495 17.723 -1.73
-8.491 17.858 -1.742
-8.496 17.941 -1.75
-8.486 18.067 -1.76
-8.466 18.171 -1.769
-8.47 18.329 -1.783
-8.462 18.464 -1.795
-8.703 23.742 -1.662
-8.648 23.823 -1.666
-8.611 23.955 -1.674
-8.609 24.187 -1.691
-8.551 24.267 -1.695
-8.522 24.427 -1.705
-8.567 24.68 -1.724
-15.035 39.057 -1.658
-14.974 39.264 -1.665
-14.89 39.418 -1.671
-14.892 39.799 -1.686
-14.827 40.009 -1.694
-14.809 40.35 -1.708
-14.788 40.489 -1.714
