-8.34415 -0.0424413 0.00421695 -8.36715e-05
-8.48 3.996 -1.69
-8.485 4.031 -1.694
-8.483 4.062 -1.696
-8.489 4.098 -1.701
-8.489 4.131 -1.703
-8.47 4.155 -1.702
-8.477 4.191 -1.706
-8.493 4.216 -1.711
-8.487 4.246 -1.713
-8.487 4.28 -1.716
-8.479 4.309 -1.717
-8.476 4.341 -1.719
-8.482 4.377 -1.723
-8.475 4.408 -1.725
-8.475 4.424 -1.726
-8.463 4.452 -1.727
-8.457 4.483 -1.729
-8.443 4.51 -1.729
-8.438 4.541 -1.731
-8.437 4.575 -1.734
-8.456 4.619 -1.741
-8.489 7.151 -1.637
-8.502 7.185 -1.642
-8.499 7.228 -1.646
-8.493 7.269 -1.65
-8.491 7.314 -1.654
-8.487 7.357 -1.658
-8.472 7.39 -1.66
-8.474 7.439 -1.665
-8.486 7.473 -1.67
-8.483 7.518 -1.675
-8.498 7.578 -1.683
-8.481 7.612 -1.684
-8.474 7.653 -1.688
-8.4 11.38 -1.61
-8.395 11.448 -1.616
-8.383 11.508 -1.622
-8.378 11.578 -1.629
-8.389 11.631 -1.635
-8.389 11.709 -1.643
-8.385 11.781 -1.65
-8.373 11.843 -1.656
-8.338 11.872 -1.656
-8.332 11.944 -1.663
-8.306 15.9 -1.562
-8.321 15.989 -1.57
-8.294 16.061 -1.575
-8.287 16.172 -1.585
-8.296 16.315 -1.598
-8.275 16.401 -1.604
-8.245 16.47 -1.609
-8.24 16.523 -1.613
-8.144 21.905 -1.521
-8.161 22.054 -1.531
-8.133 22.193 -1.54
-8.111 22.35 -1.551
-8.098 22.533 -1.563
-8.072 22.684 -1.573
-8.047 22.839 -1.583
-12.172 42.842 -0.729
-12.106 43.125 -0.734
-12.04 43.413 -0.74
-11.979 43.725 -0.746
-11.912 44.025 -0.751
-11.911 44.296 -0.757
-11.838 44.585 -0.762
-11.77 44.899 -0.768
-11.704 45.224 -0.774
-11.639 45.565 -0.781
