3.61864 0.237256 -0.0106191 8.19015e-05
4.395 3.168 -1.725
4.386 3.141 -1.717
4.398 3.128 -1.718
4.395 3.106 -1.712
4.385 3.078 -1.704
4.401 3.069 -1.707
4.415 3.058 -1.709
4.404 3.04 -1.702
4.404 3.02 -1.698
4.393 2.992 -1.69
4.415 2.987 -1.695
4.401 2.957 -1.685
4.407 2.941 -1.684
4.404 2.919 -1.679
4.402 2.908 -1.676
4.397 2.885 -1.671
8.351 2.941 -1.59
8.316 2.899 -1.581
8.275 2.855 -1.57
8.189 2.797 -1.551
8.108 2.754 -1.533
8.098 2.723 -1.53
4.375 13.669 -1.636
4.385 13.625 -1.631
4.408 13.551 -1.623
4.417 13.435 -1.61
4.418 13.299 -1.593
4.424 13.18 -1.579
11.341 8.988 -1.31
11.343 8.931 -1.307
11.33 8.892 -1.303
11.342 8.845 -1.301
11.37 8.809 -1.301
11.366 8.749 -1.297
11.366 8.693 -1.293
11.333 8.611 -1.285
11.3 8.53 -1.278
11.36 8.547 -1.284
11.372 8.501 -1.282
11.371 8.445 -1.278
11.374 8.391 -1.275
11.381 8.341 -1.273
11.378 8.285 -1.269
11.375 8.228 -1.265
11.383 8.179 -1.263
11.367 8.141 -1.259
4.318 24.216 -1.611
4.354 23.981 -1.595
4.386 23.73 -1.577
4.369 23.226 -1.54
4.399 22.988 -1.523
4.435 22.786 -1.509
4.339 34.751 -1.555
4.412 34.456 -1.541
4.438 33.81 -1.509
4.473 33.263 -1.482
4.465 32.811 -1.459
4.509 32.367 -1.437
