4.39597 -0.0278369 0.00143182 -2.34697e-05
4.231 3.563 -1.763
4.228 3.537 -1.757
4.217 3.506 -1.747
4.225 3.49 -1.746
4.223 3.478 -1.743
4.227 3.459 -1.74
4.223 3.433 -1.733
4.225 3.413 -1.729
4.235 3.4 -1.729
4.231 3.375 -1.723
4.231 3.353 -1.718
4.232 3.343 -1.716
4.244 3.331 -1.717
4.231 3.299 -1.707
4.231 4.252 -1.735
4.231 4.225 -1.729
4.236 4.204 -1.726
4.247 4.188 -1.724
4.251 4.178 -1.723
4.238 4.139 -1.712
4.241 4.117 -1.708
4.258 4.107 -1.71
4.248 4.071 -1.7
4.26 4.058 -1.7
4.267 4.051 -1.7
4.275 4.034 -1.698
4.273 4.006 -1.691
4.294 4 -1.695
4.291 3.973 -1.688
4.299 3.955 -1.687
4.333 3.961 -1.695
4.33 3.946 -1.692
4.332 3.923 -1.687
4.33 3.896 -1.681
4.179 5.508 -1.755
4.195 5.493 -1.755
4.174 5.429 -1.738
4.167 5.386 -1.727
4.19 5.38 -1.73
4.214 5.376 -1.733
4.212 5.338 -1.725
4.208 5.317 -1.719
4.219 5.296 -1.717
4.222 5.266 -1.711
4.226 5.236 -1.705
4.236 5.215 -1.703
4.175 6.815 -1.728
4.185 6.783 -1.723
4.196 6.754 -1.719
4.205 6.72 -1.713
4.197 6.684 -1.705
4.199 6.641 -1.697
4.205 6.605 -1.691
4.211 6.569 -1.684
4.211 6.523 -1.675
4.14 8.611 -1.725
4.158 8.578 -1.721
4.149 8.526 -1.711
4.167 8.495 -1.707
4.165 8.424 -1.695
4.178 8.383 -1.689
4.178 8.317 -1.677
4.177 8.249 -1.666
4.043 10.769 -1.701
4.045 10.673 -1.687
4.069 10.634 -1.683
4.087 10.632 -1.683
4.105 10.578 -1.677
4.107 10.486 -1.663
4.107 10.389 -1.649
4.115 10.315 -1.638
4.401 11.869 -1.42
4.398 11.747 -1.405
4.41 11.668 -1.396
4.415 11.573 -1.385
4.398 11.474 -1.372
4.369 11.293 -1.349
12.642 7.122 -1.314
12.642 7.07 -1.312
12.641 7.018 -1.309
12.63 6.985 -1.306
12.641 6.94 -1.305
12.638 6.887 -1.302
12.637 6.835 -1.299
12.639 6.785 -1.297
12.634 6.731 -1.294
12.631 6.704 -1.292
12.625 6.65 -1.289
12.628 6.601 -1.287
12.628 6.551 -1.285
12.622 6.497 -1.281
12.621 6.447 -1.279
12.613 6.393 -1.276
12.622 6.348 -1.274
12.612 6.318 -1.272
12.62 6.272 -1.271
12.629 6.227 -1.269
12.636 6.182 -1.268
12.635 6.132 -1.266
12.619 6.076 -1.262
3.96 23.711 -1.57
3.994 23.685 -1.569
4.048 23.553 -1.56
4.065 23.214 -1.535
4.071 22.822 -1.507
4.09 22.518 -1.485
4.14 22.388 -1.476
4.079 32.656 -1.449
4.077 32.225 -1.427
4.17 32.153 -1.424
4.197 31.575 -1.396
4.228 31.061 -1.37
4.297 30.84 -1.36
4.316 30.278 -1.332
20.969 36.931 -0.685
21.013 36.74 -0.682
21.031 36.504 -0.678
20.977 36.279 -0.674
20.996 36.05 -0.67
21.017 35.827 -0.666
21.027 35.589 -0.662
21.044 35.363 -0.658
20.938 34.935 -0.649
20.82 34.616 -0.642
20.788 34.318 -0.636
20.882 34.23 -0.636
20.819 33.887 -0.629
