5.37025 -5.63511 1.39981 -0.115912
-2.162 3.527 -1.626
-2.171 3.567 -1.643
-2.164 3.581 -1.647
-2.157 3.594 -1.65
-2.149 3.608 -1.653
-2.166 3.649 -1.672
-2.152 3.653 -1.67
-2.149 3.674 -1.677
-13.259 10.073 -1.435
-13.251 10.132 -1.438
-13.236 10.187 -1.44
-13.228 10.247 -1.443
-13.237 10.287 -1.446
-13.209 10.333 -1.447
-13.211 10.401 -1.451
-13.2 10.46 -1.454
-13.173 10.506 -1.455
-13.17 10.571 -1.459
-13.169 10.639 -1.463
-13.152 10.659 -1.463
-13.145 10.722 -1.466
-13.134 10.782 -1.469
-13.127 10.845 -1.472
-13.105 10.896 -1.474
-13.129 10.986 -1.481
-13.085 11.019 -1.48
-13.089 11.058 -1.483
-13.051 11.096 -1.482
-13.046 11.163 -1.486
-13.017 11.209 -1.487
-12.036 18.04 -1.397
-12.022 18.142 -1.402
-11.994 18.223 -1.406
-11.977 18.322 -1.412
-11.999 18.42 -1.419
-11.965 18.494 -1.422
-11.941 18.584 -1.426
-11.908 18.661 -1.43
-11.909 18.793 -1.438
-11.865 18.854 -1.44
-11.847 18.957 -1.446
-11.84 19.013 -1.449
-11.061 27.578 -1.288
-11.018 27.72 -1.294
-10.956 27.82 -1.298
-10.945 27.921 -1.302
-10.905 28.078 -1.309
-10.86 28.222 -1.315
-10.831 28.414 -1.323
-10.809 28.626 -1.333
-10.754 28.753 -1.338
-10.419 50.638 -0.879
-10.324 50.988 -0.886
-10.188 51.146 -0.888
-10.125 51.676 -0.899
-10.022 52.018 -0.906
-9.97 52.638 -0.918
-9.932 53.355 -0.933
