-0.981562 -0.584854 0.0874254 -0.00430519
-3.55 1.929 -1.586
-3.559 1.948 -1.593
-3.55 1.957 -1.591
-3.558 1.977 -1.598
-3.556 1.991 -1.601
-3.561 2.001 -1.605
-3.573 2.022 -1.613
-3.569 2.035 -1.615
-3.577 2.055 -1.622
-3.603 2.085 -1.637
-2.261 4.101 -1.659
-2.253 4.118 -1.664
-2.242 4.128 -1.665
-2.242 4.143 -1.67
-2.246 4.184 -1.684
-2.243 4.21 -1.693
-2.238 4.232 -1.699
-2.24 4.269 -1.712
-2.249 4.708 -1.656
-2.248 4.744 -1.667
-2.248 4.783 -1.68
-2.235 4.796 -1.682
-2.233 4.809 -1.685
-2.238 4.861 -1.702
-2.229 4.882 -1.707
-2.214 4.891 -1.708
-2.272 5.219 -1.64
-2.273 5.265 -1.653
-2.266 5.295 -1.661
-2.267 5.342 -1.675
-2.261 5.353 -1.677
-2.248 5.369 -1.68
-2.234 5.381 -1.682
-2.224 5.406 -1.688
-2.215 5.432 -1.694
-2.278 5.983 -1.617
-2.28 6.044 -1.632
-2.277 6.093 -1.644
-2.27 6.133 -1.654
-2.254 6.149 -1.656
-2.24 6.17 -1.661
-2.218 6.17 -1.658
-2.216 6.195 -1.665
-2.214 6.251 -1.679
-2.283 7.104 -1.605
-2.271 7.144 -1.613
-2.277 7.202 -1.627
-2.267 7.248 -1.636
-2.254 7.287 -1.644
-2.247 7.344 -1.656
-2.224 7.353 -1.656
-13.844 10.968 -1.535
-13.851 11.045 -1.54
-13.861 11.124 -1.546
-13.855 11.155 -1.547
-13.829 11.206 -1.548
-13.825 11.274 -1.552
-13.814 11.338 -1.555
-13.773 11.377 -1.555
-13.79 11.464 -1.561
-13.763 11.515 -1.562
-13.79 11.575 -1.568
-13.777 11.637 -1.571
-13.74 11.68 -1.571
-13.743 11.757 -1.576
-13.721 11.813 -1.578
-13.697 11.868 -1.58
-13.668 11.917 -1.581
-13.677 11.964 -1.585
-13.671 12.034 -1.589
-12.734 19.214 -1.497
-12.746 19.297 -1.503
-12.726 19.398 -1.508
-12.704 19.498 -1.514
-12.685 19.604 -1.519
-12.668 19.712 -1.525
-12.643 19.811 -1.53
-12.614 19.902 -1.535
-12.586 19.996 -1.54
-12.599 20.087 -1.546
-12.547 20.145 -1.547
-11.082 49.508 -0.859
-11.128 50.462 -0.878
-11.016 50.71 -0.883
-10.888 50.893 -0.886
-10.781 51.175 -0.892
-10.785 51.597 -0.9
-10.726 52.136 -0.911
