-7.89494 0.00548402 0.000396465 1.0445e-05
-7.866 5.12 -1.693
-7.87 5.158 -1.697
-7.87 5.193 -1.701
-7.857 5.22 -1.702
-7.853 5.253 -1.705
-7.85 5.287 -1.708
-7.841 5.317 -1.71
-7.846 5.338 -1.713
-7.857 5.381 -1.719
-7.829 5.398 -1.717
-7.841 5.443 -1.723
-7.846 5.483 -1.729
-7.842 5.517 -1.732
-7.816 5.536 -1.73
-7.838 5.57 -1.737
-7.816 5.591 -1.736
-7.816 5.628 -1.74
-7.801 5.655 -1.741
-7.804 5.694 -1.746
-7.854 8.198 -1.678
-7.857 8.252 -1.684
-7.843 8.29 -1.687
-7.857 8.331 -1.693
-7.859 8.386 -1.7
-7.846 8.425 -1.703
-7.848 8.48 -1.71
-7.848 8.533 -1.716
-7.836 8.574 -1.719
-7.834 8.626 -1.725
-7.849 8.669 -1.732
-7.828 8.701 -1.733
-7.772 13.096 -1.67
-7.767 13.182 -1.679
-7.767 13.277 -1.689
-7.766 13.323 -1.694
-7.751 13.394 -1.701
-7.731 13.456 -1.706
-7.738 13.566 -1.718
-7.708 13.613 -1.721
-7.669 17.091 -1.64
-7.661 17.219 -1.651
-7.676 17.325 -1.661
-7.656 17.426 -1.669
-7.647 17.556 -1.681
-7.612 17.627 -1.686
-7.582 17.709 -1.692
-7.507 23.398 -1.609
-7.527 23.586 -1.623
-7.517 23.811 -1.639
-7.454 23.874 -1.642
-7.436 24.081 -1.656
-7.407 24.255 -1.667
-7.35 24.343 -1.672
-6.707 37.737 -1.501
-6.623 37.958 -1.51
-6.574 38.391 -1.529
-6.527 38.853 -1.549
-6.455 39.173 -1.562
-6.468 39.644 -1.583
-6.349 39.698 -1.584
