3.54665 0.0465913 -0.00240801 2.26327e-05
3.694 3.101 -1.713
3.695 3.083 -1.708
3.69 3.059 -1.701
3.697 3.045 -1.7
3.719 3.044 -1.706
3.711 3.028 -1.7
3.718 3.014 -1.699
3.727 3.002 -1.699
3.728 2.983 -1.694
3.722 2.96 -1.687
3.735 2.951 -1.689
3.728 2.926 -1.681
3.726 2.916 -1.678
3.741 2.909 -1.681
3.73 2.881 -1.671
3.728 2.861 -1.666
3.74 2.852 -1.667
3.743 2.836 -1.664
3.737 2.813 -1.657
3.687 3.824 -1.689
3.704 3.818 -1.691
3.703 3.793 -1.685
3.705 3.772 -1.68
3.705 3.748 -1.674
3.699 3.719 -1.666
3.702 3.711 -1.665
3.684 3.67 -1.651
3.697 3.659 -1.651
3.72 3.658 -1.656
3.702 3.619 -1.643
3.704 3.598 -1.638
3.608 4.628 -1.695
3.608 4.599 -1.688
3.618 4.582 -1.685
3.621 4.555 -1.679
3.636 4.545 -1.68
3.649 4.547 -1.683
3.656 4.527 -1.679
3.66 4.502 -1.674
3.668 4.483 -1.671
3.685 4.476 -1.673
3.692 4.455 -1.669
3.7 4.436 -1.666
3.706 4.429 -1.666
3.709 4.404 -1.661
3.716 4.385 -1.658
3.719 4.36 -1.652
3.723 4.337 -1.648
3.728 4.315 -1.643
3.685 5.491 -1.674
3.679 5.462 -1.666
3.685 5.435 -1.661
3.688 5.402 -1.654
3.692 5.372 -1.648
3.698 5.344 -1.643
3.701 5.313 -1.636
3.7 5.276 -1.628
3.694 5.25 -1.621
3.626 6.982 -1.699
3.64 6.955 -1.695
3.658 6.936 -1.693
3.656 6.906 -1.687
3.67 6.881 -1.683
3.677 6.842 -1.676
3.674 6.784 -1.664
3.684 6.752 -1.659
3.679 6.692 -1.646
3.635 8.685 -1.698
3.636 8.61 -1.685
3.656 8.582 -1.682
3.634 8.457 -1.658
3.649 8.419 -1.652
3.665 8.382 -1.647
3.511 10.711 -1.665
3.525 10.64 -1.655
3.557 10.625 -1.654
3.585 10.597 -1.651
3.586 10.492 -1.635
3.589 10.447 -1.629
3.609 10.398 -1.623
3.618 10.318 -1.611
3.479 14.368 -1.691
3.509 14.295 -1.683
3.54 14.226 -1.676
3.552 14.088 -1.659
3.576 13.998 -1.649
3.559 13.843 -1.629
3.407 18.914 -1.687
3.469 18.917 -1.689
3.514 18.828 -1.681
3.505 18.615 -1.66
3.514 18.345 -1.635
3.529 18.111 -1.612
3.564 17.989 -1.601
3.618 17.964 -1.6
3.313 24.865 -1.647
3.347 24.818 -1.644
3.401 24.632 -1.631
3.446 24.39 -1.614
3.458 23.933 -1.581
3.498 23.681 -1.563
3.563 23.609 -1.558
2.946 35.939 -1.607
3.022 35.502 -1.585
3.105 35.164 -1.569
3.212 35.112 -1.567
3.307 34.945 -1.559
3.287 34.15 -1.519
3.376 33.951 -1.51
19.939 73.372 -1.389
19.889 72.737 -1.376
19.945 72.054 -1.363
19.942 71.175 -1.345
20.015 70.581 -1.333
