-7.48266 -0.0426011 0.00336413 -8.83625e-05
-7.615 4.163 -2.138
-7.615 4.195 -2.142
-7.617 4.227 -2.147
-7.621 4.245 -2.15
-7.605 4.268 -2.149
-7.599 4.295 -2.151
-7.595 4.325 -2.154
-7.59 4.354 -2.157
-7.595 4.388 -2.163
-7.593 4.419 -2.166
-7.599 4.439 -2.17
-7.595 4.468 -2.173
-7.591 4.498 -2.176
-7.595 4.533 -2.182
-7.597 4.567 -2.187
-7.59 4.595 -2.189
-7.677 6.654 -2.141
-7.683 6.701 -2.148
-7.681 6.742 -2.154
-7.674 6.779 -2.158
-7.663 6.812 -2.161
-7.674 6.843 -2.168
-7.673 6.886 -2.174
-7.661 6.919 -2.177
-7.673 6.973 -2.187
-7.665 7.011 -2.191
-7.662 7.052 -2.197
-7.642 7.079 -2.198
-7.674 8.65 -2.114
-7.679 8.71 -2.124
-7.664 8.748 -2.127
-7.662 8.801 -2.135
-7.66 8.855 -2.142
-7.662 8.913 -2.151
-7.649 8.955 -2.156
-7.655 8.991 -2.162
-7.646 9.038 -2.167
-7.706 11.508 -2.074
-7.698 11.575 -2.082
-7.696 11.651 -2.092
-7.694 11.727 -2.102
-7.682 11.789 -2.109
-7.655 11.829 -2.112
-7.669 11.933 -2.127
-7.667 11.97 -2.132
-7.72 16.53 -2.041
-7.714 16.654 -2.054
-7.708 16.777 -2.067
-7.685 16.866 -2.076
-7.677 16.991 -2.09
-7.656 17.014 -2.091
-7.632 17.105 -2.1
-7.293 42.608 -1.719
-7.243 43.131 -1.742
-7.148 43.4 -1.753
-7.092 43.923 -1.775
-7.032 44.435 -1.797
-7.041 44.951 -1.82
