4.17643 0.0421477 -0.00256837 4.9445e-05
4.307 3.435 -1.756
4.31 3.415 -1.752
4.305 3.4 -1.748
4.311 3.383 -1.746
4.307 3.358 -1.74
4.313 3.341 -1.738
4.308 3.316 -1.731
4.32 3.304 -1.732
4.319 3.281 -1.727
4.313 3.266 -1.722
4.314 3.246 -1.718
4.308 3.22 -1.711
4.319 3.207 -1.712
4.314 3.183 -1.705
4.334 4.089 -1.723
4.334 4.064 -1.717
4.331 4.036 -1.711
4.34 4.018 -1.709
4.34 3.993 -1.704
4.333 3.961 -1.695
4.346 3.961 -1.698
4.333 3.924 -1.688
4.338 3.904 -1.685
4.35 3.89 -1.685
4.341 3.857 -1.676
4.346 3.837 -1.673
4.321 5.32 -1.739
4.335 5.304 -1.738
4.332 5.266 -1.73
4.339 5.258 -1.729
4.341 5.226 -1.723
4.346 5.199 -1.718
4.339 5.158 -1.708
4.346 5.134 -1.705
4.343 5.096 -1.696
4.346 5.084 -1.694
4.354 5.061 -1.691
4.35 5.024 -1.683
4.335 6.67 -1.72
4.355 6.654 -1.719
4.371 6.634 -1.717
4.364 6.6 -1.71
4.368 6.562 -1.703
4.373 6.523 -1.696
4.382 6.493 -1.692
4.376 6.441 -1.681
4.378 6.4 -1.673
4.382 6.362 -1.666
4.378 8.353 -1.701
4.397 8.325 -1.698
4.404 8.275 -1.69
4.41 8.225 -1.682
4.395 8.164 -1.671
4.4 8.112 -1.662
4.415 8.079 -1.658
4.41 8.01 -1.646
4.379 10.356 -1.66
4.389 10.29 -1.651
4.392 10.207 -1.639
4.383 10.142 -1.629
4.392 10.076 -1.62
4.401 10.009 -1.611
4.407 9.939 -1.601
4.412 13.71 -1.643
4.444 13.662 -1.638
4.453 13.546 -1.624
4.458 13.419 -1.609
4.464 13.296 -1.595
4.464 13.16 -1.578
4.449 13.05 -1.564
11.363 9.063 -1.317
11.355 8.999 -1.312
11.304 8.929 -1.303
11.353 8.911 -1.306
11.358 8.857 -1.303
11.349 8.793 -1.298
11.36 8.744 -1.296
11.357 8.685 -1.292
11.352 8.626 -1.288
11.347 8.593 -1.285
11.352 8.541 -1.283
11.356 8.489 -1.28
11.343 8.423 -1.274
11.348 8.372 -1.272
11.347 8.317 -1.268
11.343 8.259 -1.264
4.792 21.373 -1.413
4.81 21.14 -1.396
4.84 20.963 -1.384
4.868 20.787 -1.372
4.896 20.758 -1.37
4.915 20.55 -1.356
8.612 29.794 -1.354
8.559 29.265 -1.327
8.644 29.213 -1.326
8.647 28.889 -1.311
8.62 28.632 -1.298
