-13.801 0.675254 -0.032374 0.000556834
-10.266 4.115 -1.631
-10.266 4.152 -1.633
-10.317 4.21 -1.644
-10.297 4.24 -1.643
-10.298 4.278 -1.646
-10.297 4.316 -1.648
-10.303 4.337 -1.65
-10.289 4.37 -1.65
-10.288 4.407 -1.652
-10.273 4.439 -1.652
-10.259 4.471 -1.652
-10.266 4.513 -1.656
-10.294 4.563 -1.663
-10.276 4.575 -1.661
-10.281 4.616 -1.664
-10.258 4.644 -1.663
-10.245 4.677 -1.663
-10.264 4.725 -1.669
-10.249 4.757 -1.669
-10.263 4.803 -1.674
-10.241 4.812 -1.672
-10.222 4.842 -1.671
-10.253 4.897 -1.679
-10.254 4.936 -1.682
-9.206 12.464 -1.703
-9.227 12.534 -1.712
-9.222 12.61 -1.719
-9.211 12.677 -1.724
-9.202 12.749 -1.731
-9.198 12.828 -1.739
-9.185 12.896 -1.744
-9.169 12.958 -1.75
-9.163 12.994 -1.753
-8.875 16.792 -1.665
-8.864 16.9 -1.674
-8.848 16.998 -1.682
-8.824 17.084 -1.688
-8.826 17.22 -1.7
-8.803 17.307 -1.707
-8.776 17.39 -1.713
-8.782 17.47 -1.72
-8.553 23.335 -1.63
-8.532 23.507 -1.641
-8.52 23.704 -1.655
-8.505 23.898 -1.668
-8.485 24.08 -1.68
-8.501 24.244 -1.692
-8.341 37.049 -1.485
-8.328 37.541 -1.507
-8.277 37.876 -1.521
-8.315 38.336 -1.541
-8.271 38.725 -1.558
-8.26 39.275 -1.581
-8.219 39.704 -1.6
-14.995 63.283 -1.159
-14.844 63.537 -1.163
-14.749 64.035 -1.173
-14.761 64.553 -1.183
-14.699 65.227 -1.197
-14.645 65.951 -1.211
