3.67024 0.0310132 -0.0018653 1.77933e-05
3.74 3.09 -1.723
3.721 3.055 -1.709
3.71 3.026 -1.699
3.729 3.023 -1.704
3.717 2.994 -1.694
3.745 3.007 -1.705
3.752 2.992 -1.703
3.748 2.97 -1.697
3.751 2.954 -1.694
3.781 2.958 -1.704
3.768 2.929 -1.694
3.789 2.926 -1.699
3.771 2.903 -1.689
3.761 2.877 -1.679
3.764 2.861 -1.676
3.779 2.853 -1.679
3.796 2.847 -1.683
3.782 2.818 -1.672
3.791 2.816 -1.674
3.777 2.787 -1.664
3.778 2.77 -1.66
3.792 2.761 -1.662
3.788 2.741 -1.657
3.786 2.721 -1.652
3.797 2.711 -1.653
3.783 2.692 -1.645
3.79 2.679 -1.644
3.736 3.827 -1.701
3.728 3.807 -1.694
3.739 3.794 -1.694
3.739 3.77 -1.688
3.733 3.741 -1.68
3.74 3.724 -1.677
3.749 3.71 -1.676
3.745 3.683 -1.669
3.743 3.67 -1.665
3.75 3.654 -1.663
3.76 3.641 -1.662
3.76 3.617 -1.656
3.772 3.607 -1.657
3.77 3.582 -1.651
3.771 3.561 -1.646
3.697 4.607 -1.707
3.705 4.588 -1.704
3.71 4.564 -1.699
3.721 4.548 -1.697
3.712 4.523 -1.689
3.723 4.507 -1.688
3.713 4.466 -1.676
3.734 4.463 -1.679
3.734 4.435 -1.673
3.743 4.417 -1.671
3.742 4.401 -1.666
3.754 4.388 -1.666
3.749 4.354 -1.657
3.702 5.572 -1.695
3.713 5.551 -1.692
3.713 5.514 -1.683
3.719 5.486 -1.678
3.731 5.466 -1.675
3.734 5.452 -1.673
3.738 5.422 -1.666
3.748 5.399 -1.663
3.746 5.36 -1.654
3.755 5.337 -1.65
3.75 5.294 -1.64
3.674 6.888 -1.685
3.684 6.854 -1.679
3.703 6.839 -1.678
3.704 6.814 -1.674
3.712 6.779 -1.667
3.71 6.724 -1.656
3.71 6.673 -1.646
3.715 6.634 -1.638
3.72 6.594 -1.631
3.639 8.619 -1.687
3.661 8.595 -1.684
3.68 8.564 -1.68
3.674 8.515 -1.671
3.682 8.458 -1.661
3.691 8.407 -1.653
3.691 8.336 -1.641
3.695 8.274 -1.63
3.601 10.814 -1.685
3.591 10.67 -1.662
3.615 10.632 -1.658
3.624 10.55 -1.646
3.647 10.509 -1.641
3.654 10.421 -1.628
3.588 14.323 -1.689
3.587 14.133 -1.666
3.601 14.006 -1.65
3.604 13.836 -1.629
3.62 13.723 -1.616
3.51 18.97 -1.695
3.532 18.759 -1.675
3.543 18.496 -1.65
3.524 18.084 -1.609
3.574 18.038 -1.606
3.323 25.874 -1.721
3.394 25.79 -1.716
3.447 25.572 -1.7
3.471 25.148 -1.669
3.495 24.74 -1.64
3.558 24.628 -1.632
3.602 24.662 -1.635
3.653 24.473 -1.622
2.998 38.061 -1.713
3.105 37.906 -1.706
3.156 37.794 -1.701
3.204 36.964 -1.659
3.356 36.074 -1.616
3.407 35.403 -1.582
