4.36025 -0.0419071 0.00143172 -7.78663e-06
4.158 3.547 -1.741
4.152 3.519 -1.733
4.153 3.509 -1.731
4.152 3.486 -1.726
4.159 3.469 -1.724
4.162 3.45 -1.721
4.164 3.43 -1.717
4.171 3.413 -1.715
4.153 3.388 -1.705
4.165 3.376 -1.705
4.166 3.356 -1.702
4.17 3.337 -1.698
4.174 3.319 -1.696
4.172 3.296 -1.691
4.174 4.274 -1.727
4.168 4.241 -1.719
4.172 4.219 -1.715
4.172 4.205 -1.712
4.16 4.166 -1.701
4.169 4.149 -1.699
4.191 4.146 -1.703
4.177 4.106 -1.691
4.178 4.08 -1.686
4.173 4.063 -1.681
4.179 4.043 -1.678
4.188 4.026 -1.676
4.139 5.419 -1.73
4.142 5.388 -1.723
4.134 5.36 -1.716
4.131 5.321 -1.707
4.127 5.282 -1.698
4.142 5.266 -1.697
4.147 5.239 -1.693
4.137 5.193 -1.681
4.15 5.175 -1.679
4.106 6.749 -1.707
4.105 6.725 -1.702
4.113 6.69 -1.696
4.117 6.649 -1.688
4.124 6.614 -1.683
4.122 6.565 -1.673
4.13 6.531 -1.667
4.129 6.485 -1.658
4.12 6.447 -1.649
4.053 8.602 -1.717
4.072 8.572 -1.713
4.078 8.515 -1.703
4.082 8.456 -1.693
4.092 8.407 -1.686
4.094 8.345 -1.675
4.101 8.293 -1.667
4.095 8.248 -1.658
3.948 10.825 -1.705
3.965 10.766 -1.697
3.972 10.734 -1.692
4.008 10.727 -1.693
4.019 10.655 -1.683
4.026 10.571 -1.671
4.04 10.508 -1.662
4.041 10.414 -1.649
3.912 14.02 -1.662
3.945 13.969 -1.657
3.92 13.716 -1.625
3.942 13.633 -1.616
3.978 13.598 -1.613
4.014 13.561 -1.61
12.566 7.394 -1.322
12.566 7.342 -1.319
12.565 7.288 -1.316
12.562 7.234 -1.313
12.569 7.186 -1.311
12.562 7.155 -1.309
12.553 7.098 -1.305
12.57 7.056 -1.304
12.568 7.003 -1.301
12.57 6.953 -1.299
12.566 6.899 -1.296
12.568 6.849 -1.294
12.563 6.821 -1.292
12.56 6.768 -1.289
12.569 6.722 -1.288
12.569 6.671 -1.285
12.576 6.624 -1.283
12.568 6.57 -1.28
12.568 6.52 -1.278
12.559 6.49 -1.275
12.565 6.443 -1.274
12.551 6.387 -1.27
3.982 23.167 -1.531
4.011 22.901 -1.512
3.998 22.616 -1.491
4.009 22.266 -1.466
4.024 21.953 -1.443
4.071 21.824 -1.435
9.142 27.233 -1.239
9.216 27.171 -1.237
9.244 26.975 -1.228
9.241 26.691 -1.215
9.262 26.481 -1.205
9.229 26.253 -1.194
9.236 26.013 -1.183
14.212 48.405 -0.853
14.15 47.915 -0.843
14.153 47.378 -0.832
14.115 46.715 -0.818
14.264 46.68 -0.818
14.357 46.461 -0.815
14.394 46.069 -0.807
14.392 45.558 -0.797
