-7.81844 0.0184067 -0.000278728 4.16791e-06
-7.723 3.523 -2.089
-7.728 3.555 -2.093
-7.725 3.583 -2.096
-7.716 3.608 -2.097
-7.724 3.642 -2.102
-7.728 3.659 -2.105
-7.743 3.696 -2.113
-7.717 3.713 -2.109
-7.716 3.743 -2.112
-7.708 3.769 -2.113
-7.71 3.8 -2.117
-7.71 3.83 -2.12
-7.707 3.844 -2.121
-7.707 3.874 -2.125
-7.702 3.902 -2.127
-7.705 3.934 -2.131
-7.708 3.966 -2.136
-7.708 3.997 -2.139
-7.699 4.023 -2.14
-7.688 4.048 -2.141
-7.683 4.061 -2.141
-7.675 4.088 -2.143
-7.737 6.11 -2.074
-7.734 6.148 -2.078
-7.738 6.19 -2.085
-7.729 6.223 -2.088
-7.72 6.256 -2.091
-7.725 6.3 -2.098
-7.733 6.327 -2.103
-7.729 6.365 -2.108
-7.726 6.403 -2.113
-7.719 6.439 -2.117
-7.712 6.474 -2.121
-7.704 6.508 -2.124
-7.698 6.545 -2.128
-7.874 7.562 -1.989
-7.863 7.598 -1.993
-7.848 7.631 -1.995
-7.848 7.679 -2.001
-7.839 7.719 -2.006
-7.841 7.77 -2.013
-7.825 7.778 -2.012
-7.812 7.814 -2.015
-7.787 7.838 -2.015
-7.761 7.861 -2.014
-7.727 7.876 -2.012
-7.716 7.914 -2.015
-7.7 7.948 -2.018
-7.685 7.957 -2.017
-7.685 8.007 -2.024
-7.673 8.045 -2.028
-7.667 8.089 -2.033
-7.667 8.14 -2.04
-7.667 8.191 -2.048
-7.665 8.215 -2.051
-7.666 8.268 -2.058
-7.642 10.781 -1.973
-7.656 10.837 -1.982
-7.65 10.9 -1.989
-7.645 10.966 -1.998
-7.641 11.033 -2.006
-7.627 11.088 -2.012
-7.623 11.156 -2.02
-7.615 11.221 -2.028
-7.602 11.239 -2.03
-7.58 15.59 -1.929
-7.562 15.678 -1.938
-7.558 15.797 -1.951
-7.571 15.887 -1.961
-7.566 16.006 -1.974
-7.554 16.111 -1.985
-7.515 16.159 -1.989
-7.455 16.161 -1.986
-7.515 19.643 -1.866
-7.497 19.784 -1.878
-7.481 19.929 -1.891
-7.475 20.103 -1.906
-7.491 20.244 -1.92
-7.466 20.373 -1.931
-7.419 20.444 -1.936
-7.566 26.238 -1.811
-7.494 26.298 -1.814
-7.438 26.415 -1.821
-7.415 26.656 -1.838
-7.404 26.942 -1.858
-7.428 27.196 -1.876
-7.363 27.295 -1.882
