-8.87818 0.111524 -0.00699058 0.000119949
-8.423 4.744 -2.031
-8.419 4.776 -2.034
-8.416 4.809 -2.037
-8.414 4.843 -2.04
-8.41 4.877 -2.043
-8.412 4.913 -2.047
-8.414 4.932 -2.05
-8.419 4.971 -2.055
-8.412 5.002 -2.057
-8.411 5.037 -2.061
-8.402 5.068 -2.063
-8.407 5.107 -2.069
-8.401 5.14 -2.071
-8.41 5.163 -2.076
-8.403 5.196 -2.078
-8.397 5.229 -2.081
-8.396 7.082 -2.002
-8.387 7.12 -2.006
-8.375 7.155 -2.008
-8.369 7.195 -2.012
-8.394 7.239 -2.021
-8.378 7.272 -2.023
-8.378 7.317 -2.029
-8.375 7.362 -2.034
-8.365 7.4 -2.038
-8.361 7.443 -2.043
-8.368 7.497 -2.051
-8.358 7.511 -2.051
-8.352 7.553 -2.056
-8.368 10.001 -1.945
-8.359 10.054 -1.951
-8.353 10.111 -1.957
-8.352 10.175 -1.965
-8.348 10.235 -1.972
-8.375 10.302 -1.983
-8.36 10.349 -1.988
-8.348 10.4 -1.993
-8.347 10.466 -2.001
-8.319 10.499 -2.002
-8.282 10.52 -2.001
-5.433 12.149 -1.189
-5.434 12.254 -1.199
-5.433 12.356 -1.209
-5.418 12.43 -1.215
-5.415 12.531 -1.225
-5.432 12.623 -1.234
-5.429 12.728 -1.244
-8.338 24.267 -1.689
-8.309 24.433 -1.7
-8.305 24.674 -1.717
-8.284 24.869 -1.73
-8.228 24.963 -1.735
-8.2 25.144 -1.748
-8.195 25.261 -1.756
-8.4 36.769 -1.474
-8.335 37.022 -1.484
-8.227 37.083 -1.486
-8.192 37.485 -1.503
-8.168 37.949 -1.523
-8.151 38.159 -1.532
-8.116 38.589 -1.55
-19.199 66.045 -1.237
-19.137 66.61 -1.248
-19.119 67.347 -1.263
-19.076 68.008 -1.276
-19.097 68.915 -1.294
