-9.68877 0.315333 -0.0219342 0.000491274
-8.338 5.413 -2.092
-8.353 5.46 -2.101
-8.351 5.478 -2.102
-8.347 5.513 -2.106
-8.346 5.55 -2.11
-8.341 5.584 -2.114
-8.347 5.626 -2.12
-8.334 5.655 -2.121
-8.334 5.694 -2.126
-8.336 5.734 -2.131
-8.335 5.753 -2.134
-8.332 5.789 -2.138
-8.326 5.824 -2.141
-8.321 5.86 -2.144
-8.312 5.892 -2.147
-8.292 5.917 -2.147
-8.301 7.65 -2.061
-8.308 7.705 -2.069
-8.313 7.758 -2.077
-8.313 7.807 -2.083
-8.308 7.852 -2.089
-8.302 7.896 -2.094
-8.273 7.918 -2.093
-8.295 7.963 -2.102
-8.288 8.007 -2.107
-8.27 8.04 -2.109
-8.254 8.075 -2.111
-8.24 8.112 -2.114
-8.283 10.797 -2.036
-8.282 10.865 -2.044
-8.301 10.926 -2.054
-8.278 10.967 -2.057
-8.252 11.004 -2.059
-8.24 11.06 -2.065
-8.229 11.118 -2.071
-8.226 11.188 -2.08
-8.212 11.242 -2.086
-8.207 11.273 -2.089
-8.259 15.891 -1.999
-8.226 15.95 -2.004
-8.225 16.071 -2.017
-8.256 16.256 -2.039
-8.222 16.316 -2.044
-8.2 16.4 -2.052
-8.189 16.507 -2.063
-8.258 20.149 -1.939
-8.245 20.297 -1.952
-8.211 20.398 -1.96
-8.229 20.629 -1.981
-8.211 20.771 -1.994
-8.168 20.855 -2
-8.139 20.975 -2.01
-8.404 27.053 -1.886
-8.375 27.26 -1.9
-8.287 27.279 -1.9
-8.249 27.463 -1.912
-8.233 27.728 -1.93
-8.189 27.899 -1.941
-8.159 28.122 -1.956
-8.207 28.455 -1.981
-17.887 45.41 -1.967
-17.812 45.639 -1.975
-17.721 45.831 -1.982
-17.605 45.959 -1.985
-17.522 46.179 -1.993
-17.446 46.417 -2.002
-17.496 46.773 -2.018
-17.355 46.845 -2.018
-19.195 61.663 -1.149
-19.322 62.767 -1.172
-19.18 63.011 -1.176
-19.217 63.852 -1.193
-19.215 64.212 -1.2
