-8.54607 0.018516 -0.00111289 1.33451e-05
-8.433 6.759 -1.968
-8.45 6.794 -1.975
-8.435 6.825 -1.976
-8.419 6.857 -1.978
-8.428 6.908 -1.985
-8.438 6.961 -1.993
-8.429 6.997 -1.996
-8.422 7.036 -2
-8.438 7.072 -2.007
-8.422 7.103 -2.009
-8.422 7.149 -2.014
-8.422 7.194 -2.02
-8.464 10.02 -1.958
-8.462 10.081 -1.965
-8.474 10.128 -1.972
-8.468 10.185 -1.978
-8.466 10.248 -1.986
-8.465 10.312 -1.993
-8.453 10.363 -1.999
-8.454 10.431 -2.007
-8.441 10.482 -2.012
-8.526 14.888 -1.907
-8.52 14.985 -1.917
-8.514 15.086 -1.928
-8.508 15.186 -1.938
-8.5 15.283 -1.948
-8.502 15.344 -1.954
-8.458 15.379 -1.956
-8.415 15.414 -1.957
-8.504 19.026 -1.847
-8.493 19.162 -1.859
-8.527 19.319 -1.874
-8.511 19.448 -1.885
-8.462 19.502 -1.888
-8.494 19.746 -1.911
-8.458 19.833 -1.918
-8.615 25.201 -1.761
-8.635 25.388 -1.775
-8.583 25.496 -1.781
-8.608 25.839 -1.806
-8.596 26.076 -1.822
-8.566 26.262 -1.834
-8.494 26.319 -1.837
-8.779 38.716 -1.562
-8.851 39.32 -1.589
-8.759 39.49 -1.595
-8.703 39.83 -1.61
-8.689 40.377 -1.633
-8.61 40.631 -1.644
-8.517 40.822 -1.651
