-8.11671 0.0112026 -0.000302553 1.50308e-05
-8.042 4.865 -1.695
-8.077 4.921 -1.707
-8.07 4.951 -1.709
-8.071 4.969 -1.711
-8.08 5.01 -1.716
-8.071 5.039 -1.718
-8.08 5.08 -1.723
-8.048 5.095 -1.72
-8.068 5.143 -1.728
-8.062 5.175 -1.73
-8.055 5.207 -1.733
-8.067 5.232 -1.737
-8.052 5.259 -1.738
-8.051 5.294 -1.741
-8.05 5.33 -1.745
-8.042 5.36 -1.747
-8.073 7.963 -1.675
-8.067 8.007 -1.68
-8.055 8.045 -1.683
-8.063 8.104 -1.69
-8.044 8.136 -1.692
-8.061 8.178 -1.698
-8.078 8.247 -1.708
-8.06 8.281 -1.71
-8.056 8.329 -1.715
-8.06 8.386 -1.722
-8.043 8.421 -1.724
-8.029 8.459 -1.727
-8.033 12.793 -1.655
-8.02 12.862 -1.662
-8.021 12.953 -1.671
-8.015 13.033 -1.679
-8.007 13.113 -1.687
-8.014 13.171 -1.694
-8.012 13.261 -1.703
-8.001 13.337 -1.71
-7.949 16.723 -1.618
-7.947 16.854 -1.63
-7.937 16.97 -1.64
-7.948 17.064 -1.649
-7.929 17.163 -1.657
-7.912 17.269 -1.666
-7.883 17.348 -1.671
-7.874 22.806 -1.577
-7.868 23.022 -1.591
-7.887 23.196 -1.604
-7.874 23.399 -1.618
-7.863 23.609 -1.632
-7.825 23.743 -1.641
-7.769 23.826 -1.645
-7.483 36.72 -1.463
-7.453 37.167 -1.482
-7.39 37.468 -1.495
-7.354 37.911 -1.514
-7.305 38.303 -1.531
-7.267 38.77 -1.551
-7.192 39.044 -1.562
-10.228 62.588 -1.125
-10.148 63.35 -1.14
-10.092 64.296 -1.16
-10.118 65.134 -1.177
