-7.85331 -0.0134702 0.00102562 2.70651e-06
-7.967 7.592 -1.622
-7.959 7.632 -1.626
-7.943 7.665 -1.628
-7.953 7.723 -1.635
-7.954 7.773 -1.641
-7.955 7.798 -1.644
-7.958 7.851 -1.65
-7.942 7.884 -1.652
-7.94 7.931 -1.657
-7.947 7.988 -1.664
-7.927 8.019 -1.665
-7.903 8.045 -1.666
-7.921 8.088 -1.673
-7.876 11.596 -1.594
-7.876 11.675 -1.602
-7.885 11.728 -1.608
-7.859 11.77 -1.611
-7.883 11.887 -1.625
-7.871 11.95 -1.631
-7.858 12.013 -1.637
-7.841 12.069 -1.641
-7.814 12.11 -1.644
-7.803 12.136 -1.646
-7.824 16.069 -1.555
-7.816 16.181 -1.565
-7.813 16.305 -1.576
-7.787 16.383 -1.582
-7.776 16.492 -1.591
-7.776 16.628 -1.603
-7.742 16.69 -1.607
-7.686 21.82 -1.503
-7.677 22.014 -1.517
-7.662 22.194 -1.529
-7.622 22.305 -1.536
-7.6 22.47 -1.547
-7.615 22.631 -1.558
-7.568 22.727 -1.564
-7.085 34.481 -1.362
-7.009 34.666 -1.369
-7.02 35.002 -1.384
-6.983 35.396 -1.401
-6.937 35.755 -1.416
-6.905 36.201 -1.436
-6.819 36.368 -1.442
-9.981 56.07 -0.989
-9.907 56.686 -1.002
-9.919 57.287 -1.014
-9.844 57.939 -1.027
-9.769 58.61 -1.041
