4.05819 -0.166088 0.014143 -0.00035948
3.549 2.629 -1.745
3.534 2.6 -1.732
3.54 2.588 -1.731
3.544 2.574 -1.729
3.546 2.558 -1.726
3.545 2.541 -1.721
3.546 2.533 -1.72
3.548 2.518 -1.717
3.53 2.488 -1.703
3.559 2.492 -1.714
3.556 2.474 -1.709
3.55 2.453 -1.702
3.552 2.438 -1.699
3.553 2.43 -1.697
3.566 2.423 -1.7
3.559 2.402 -1.692
3.531 3.354 -1.73
3.519 3.331 -1.721
3.515 3.308 -1.714
3.531 3.302 -1.717
3.527 3.277 -1.709
3.53 3.259 -1.706
3.535 3.243 -1.703
3.527 3.226 -1.696
3.521 3.2 -1.688
3.531 3.189 -1.688
3.529 3.168 -1.682
3.528 3.147 -1.676
4.666 0.399 -1.523
4.631 0.388 -1.51
4.66 0.376 -1.52
4.654 0.361 -1.517
4.629 0.344 -1.508
4.605 0.328 -1.5
4.616 0.314 -1.503
4.537 0.294 -1.475
4.474 0.282 -1.453
3.512 4.827 -1.726
3.512 4.794 -1.718
3.525 4.78 -1.717
3.525 4.749 -1.709
3.525 4.718 -1.701
3.518 4.693 -1.694
3.524 4.671 -1.689
3.53 4.648 -1.685
3.533 4.621 -1.679
3.54 4.601 -1.675
3.514 5.749 -1.708
3.52 5.718 -1.701
3.526 5.688 -1.695
3.521 5.661 -1.688
3.52 5.618 -1.678
3.523 5.584 -1.671
3.533 5.56 -1.667
3.534 5.525 -1.659
3.536 5.489 -1.651
3.476 7.014 -1.69
3.49 6.985 -1.686
3.506 6.964 -1.683
3.501 6.925 -1.674
3.516 6.902 -1.671
3.517 6.849 -1.66
3.524 6.811 -1.653
3.526 6.761 -1.643
3.532 6.721 -1.636
3.409 8.715 -1.687
3.429 8.686 -1.684
3.445 8.648 -1.678
3.448 8.615 -1.672
3.467 8.584 -1.668
3.48 8.539 -1.661
3.503 8.519 -1.659
3.515 8.471 -1.651
3.514 8.393 -1.637
3.388 10.676 -1.653
3.402 10.601 -1.643
3.394 10.52 -1.63
3.417 10.478 -1.625
3.44 10.437 -1.62
3.452 10.364 -1.609
3.469 10.306 -1.602
3.413 13.814 -1.621
3.443 13.752 -1.614
3.466 13.66 -1.603
3.46 13.547 -1.589
3.466 13.396 -1.57
3.474 13.258 -1.554
3.468 13.067 -1.53
8.949 11.265 -1.301
8.927 11.201 -1.295
8.928 11.131 -1.289
8.937 11.071 -1.285
8.938 11.001 -1.279
8.939 10.933 -1.274
8.945 10.87 -1.269
8.938 10.792 -1.262
8.91 10.725 -1.255
8.909 10.656 -1.25
3.252 23.827 -1.571
3.318 23.751 -1.566
3.331 23.306 -1.533
3.357 22.972 -1.509
3.419 22.888 -1.504
3.485 22.844 -1.501
3.499 22.697 -1.491
3.096 34.439 -1.533
3.092 33.795 -1.5
3.162 33.397 -1.481
3.249 33.202 -1.472
3.287 32.532 -1.438
3.319 31.844 -1.404
20.46 28.007 -0.522
20.439 27.886 -0.52
20.456 27.727 -0.517
20.448 27.534 -0.514
20.46 27.37 -0.511
20.492 27.234 -0.51
20.534 27.112 -0.508
20.539 26.943 -0.505
20.548 26.868 -0.504
20.543 26.687 -0.501
20.546 26.518 -0.498
20.514 26.306 -0.494
20.496 26.114 -0.491
20.492 25.941 -0.488
20.526 25.817 -0.486
20.481 25.677 -0.484
20.454 25.479 -0.48
20.49 25.36 -0.479
20.462 25.163 -0.475
20.501 25.051 -0.474
20.519 24.913 -0.472
