-26.328 -0.175517 0.0448519 0.000317791
-12.04 12.486 -1.504
-12.023 12.547 -1.507
-12.031 12.594 -1.511
-12.01 12.652 -1.513
-11.997 12.717 -1.517
-11.976 12.775 -1.52
-11.965 12.845 -1.524
-11.957 12.917 -1.529
-11.938 12.978 -1.532
-11.934 13.014 -1.534
-11.926 13.087 -1.539
-11.91 13.153 -1.543
-11.907 13.233 -1.548
-11.876 13.282 -1.55
-11.861 13.349 -1.554
-11.042 19.46 -1.447
-11.088 19.61 -1.459
-11.076 19.734 -1.466
-11.058 19.847 -1.473
-11.038 19.958 -1.479
-10.992 20.024 -1.482
-10.981 20.153 -1.49
-10.954 20.254 -1.495
-10.946 20.315 -1.499
-10.21 29.537 -1.366
-10.186 29.619 -1.369
-10.13 29.759 -1.375
-10.092 29.957 -1.384
-10.058 30.167 -1.393
-10.031 30.403 -1.404
-9.976 30.559 -1.411
-9.926 30.731 -1.418
-18.465 14.88 -0.414
-18.539 15.036 -0.418
-18.536 15.13 -0.419
-18.577 15.212 -0.421
-18.605 15.332 -0.424
-18.553 15.388 -0.424
-18.669 15.583 -0.429
-18.574 15.603 -0.428
-18.563 15.694 -0.429
-18.497 15.738 -0.429
-18.532 15.817 -0.431
-18.455 15.852 -0.43
-18.553 16.038 -0.435
-18.454 16.054 -0.433
-18.488 16.186 -0.436
-18.554 16.347 -0.44
-18.401 16.315 -0.437
-18.365 16.335 -0.436
-18.372 16.444 -0.438
-18.53 16.69 -0.446
-18.477 16.748 -0.446
-18.634 16.997 -0.453
-18.92 17.366 -0.465
