4.76598 0.0609358 -0.0122093 0.000301482
4.79 4.48 -1.659
4.785 4.446 -1.652
4.79 4.423 -1.649
4.79 4.409 -1.646
4.797 4.388 -1.643
4.802 4.365 -1.64
4.798 4.334 -1.634
4.801 4.308 -1.63
4.798 4.279 -1.624
4.809 4.261 -1.623
4.814 4.239 -1.62
4.812 4.223 -1.617
4.815 4.199 -1.613
4.812 4.17 -1.607
4.713 6.096 -1.662
4.722 6.069 -1.658
4.726 6.034 -1.652
4.728 6.017 -1.65
4.724 5.973 -1.641
4.734 5.948 -1.638
4.74 5.916 -1.633
4.744 5.883 -1.627
4.74 5.841 -1.619
4.742 5.824 -1.617
4.742 5.786 -1.61
4.652 7.799 -1.634
4.65 7.741 -1.624
4.636 7.662 -1.609
4.645 7.622 -1.604
4.658 7.589 -1.6
4.667 7.551 -1.594
4.673 7.534 -1.592
4.674 7.482 -1.584
4.681 7.441 -1.577
4.456 10.136 -1.633
4.47 10.082 -1.626
4.483 10.025 -1.619
4.491 9.958 -1.609
4.495 9.885 -1.599
4.492 9.836 -1.592
4.499 9.77 -1.583
3.996 13.738 -1.631
4.032 13.702 -1.628
4.045 13.665 -1.623
4.025 13.446 -1.596
4.05 13.374 -1.588
4.091 13.358 -1.587
4.132 13.343 -1.587
4.195 13.398 -1.596
4.233 13.371 -1.595
4.249 13.348 -1.592
4.25 13.208 -1.575
3.725 18.058 -1.611
3.73 17.939 -1.6
3.764 17.82 -1.589
3.801 17.721 -1.58
3.82 17.537 -1.563
3.842 17.376 -1.548
10.805 27.262 -1.96
10.802 27.006 -1.942
10.872 26.933 -1.939
10.892 26.74 -1.926
10.922 26.574 -1.916
10.906 26.417 -1.905
15.913 47.418 -2.021
15.997 47.178 -2.012
16.061 46.88 -2
16.12 46.577 -1.989
16.18 46.279 -1.977
16.167 46.01 -1.965
13.811 71.838 -1.329
13.922 71.212 -1.316
14.04 70.636 -1.305
14.164 70.11 -1.295
14.274 69.526 -1.283
14.269 68.954 -1.271
