-7.56889 -0.00448607 -0.000482674 3.54032e-05
-7.59 4.103 -2.125
-7.587 4.133 -2.128
-7.601 4.156 -2.134
-7.598 4.185 -2.137
-7.59 4.212 -2.139
-7.589 4.242 -2.142
-7.582 4.27 -2.144
-7.587 4.304 -2.15
-7.587 4.336 -2.154
-7.59 4.354 -2.157
-7.588 4.384 -2.161
-7.581 4.412 -2.163
-7.579 4.443 -2.166
-7.583 4.477 -2.172
-7.586 4.511 -2.177
-7.646 6.522 -2.116
-7.647 6.564 -2.122
-7.645 6.604 -2.128
-7.64 6.642 -2.133
-7.636 6.681 -2.138
-7.644 6.709 -2.143
-7.635 6.744 -2.147
-7.643 6.794 -2.155
-7.631 6.827 -2.158
-7.626 6.865 -2.163
-7.614 6.898 -2.166
-7.608 6.937 -2.171
-7.602 6.953 -2.172
-7.602 8.65 -2.105
-7.606 8.71 -2.114
-7.615 8.748 -2.121
-7.606 8.793 -2.126
-7.603 8.845 -2.134
-7.595 8.893 -2.14
-7.588 8.94 -2.146
-7.591 9.002 -2.155
-7.583 9.049 -2.161
-7.643 11.531 -2.072
-7.641 11.607 -2.082
-7.628 11.668 -2.089
-7.654 11.747 -2.101
-7.646 11.815 -2.11
-7.637 11.883 -2.118
-7.631 11.955 -2.127
-7.609 12.004 -2.132
-7.659 16.467 -2.03
-7.647 16.577 -2.042
-7.659 16.672 -2.053
-7.661 16.815 -2.069
-7.647 16.924 -2.081
-7.64 17.05 -2.094
-7.589 17.081 -2.095
-14.11 20.298 -2.228
-14.072 20.379 -2.232
-14.032 20.458 -2.237
-14.029 20.523 -2.242
-13.96 20.56 -2.241
-13.861 20.554 -2.235
-13.856 20.685 -2.245
-13.851 20.82 -2.256
-13.852 20.963 -2.268
-13.81 20.971 -2.266
-13.814 21.121 -2.279
-7.391 41.984 -1.692
-7.303 42.265 -1.704
-7.203 42.477 -1.713
-7.208 42.918 -1.732
-7.173 43.554 -1.76
-7.101 43.978 -1.778
-6.983 44.129 -1.784
