-2.81116 0.232581 -0.0216198 0.000513834
-2.014 3.649 -1.64
-2.034 3.714 -1.668
-2.013 3.702 -1.659
-2.01 3.725 -1.667
-2.005 3.729 -1.668
-1.996 3.742 -1.671
-1.977 3.734 -1.664
-1.979 3.766 -1.676
-1.968 3.774 -1.677
-1.97 3.808 -1.69
-1.966 3.831 -1.698
-1.97 3.854 -1.707
-2.501 3.559 -1.533
-2.52 3.598 -1.549
-2.489 3.577 -1.536
-2.481 3.589 -1.538
-2.423 3.577 -1.522
-2.446 3.674 -1.557
-2.478 3.749 -1.588
-2.48 3.777 -1.597
-2.474 3.794 -1.601
-2.026 4.832 -1.664
-2.015 4.849 -1.668
-2.014 4.891 -1.681
-2.023 4.934 -1.696
-2.023 4.979 -1.71
-2.013 5.001 -1.716
-2.084 5.351 -1.656
-2.086 5.405 -1.672
-2.07 5.416 -1.673
-2.064 5.449 -1.682
-2.055 5.477 -1.689
-2.054 5.501 -1.696
-2.041 5.52 -1.7
-2.031 5.545 -1.706
-2.021 5.571 -1.713
-2.012 5.6 -1.72
-2.095 7.338 -1.645
-2.097 7.435 -1.666
-2.087 7.486 -1.677
-2.067 7.506 -1.68
-2.057 7.561 -1.692
-2.061 7.623 -1.706
-2.046 7.663 -1.714
-2.297 8.912 -1.657
-2.276 8.943 -1.662
-2.253 8.972 -1.666
-2.215 8.939 -1.658
-2.179 8.913 -1.652
-2.158 8.95 -1.658
-2.146 9.024 -1.671
-2.14 9.062 -1.678
-2.129 9.141 -1.693
-2.12 9.236 -1.71
-2.627 10.149 -1.539
-2.615 10.234 -1.552
-2.586 10.253 -1.554
-2.579 10.363 -1.571
-2.55 10.386 -1.573
-2.542 10.425 -1.579
-2.528 10.508 -1.591
-2.413 13.852 -1.599
-2.419 14.153 -1.637
-2.4 14.314 -1.657
-2.376 14.446 -1.673
-2.348 14.563 -1.687
-2.341 14.671 -1.701
-2.301 14.717 -1.706
-2.736 18.101 -1.598
-2.735 18.49 -1.636
-2.685 18.547 -1.641
-2.628 18.572 -1.642
-2.619 18.712 -1.656
-2.591 18.943 -1.678
-2.551 19.099 -1.692
-4.222 22.592 -1.492
-4.234 23.054 -1.526
-4.202 23.293 -1.543
-4.129 23.308 -1.543
-4.139 23.577 -1.563
-4.103 23.81 -1.579
-4.075 24.095 -1.599
-15.417 38.77 -1.652
-15.418 39.133 -1.667
-15.374 39.384 -1.677
-15.39 39.607 -1.686
-15.367 39.92 -1.699
-15.31 40.148 -1.707
-15.254 40.382 -1.716
