-7.88973 -0.0421389 0.00405288 -8.04894e-05
-8.007 4.964 -1.7
-8.023 5.009 -1.707
-8.02 5.043 -1.71
-8.026 5.064 -1.713
-8.023 5.097 -1.716
-8.027 5.135 -1.72
-8.021 5.167 -1.723
-8.023 5.203 -1.727
-8.013 5.233 -1.728
-7.996 5.258 -1.728
-8.009 5.285 -1.733
-8.004 5.317 -1.736
-7.999 5.35 -1.739
-8.002 5.388 -1.743
-8.003 5.425 -1.747
-8.002 5.462 -1.751
-8.02 7.861 -1.658
-8.032 7.923 -1.666
-8.03 7.946 -1.669
-8.018 7.984 -1.672
-8.031 8.047 -1.68
-8.025 8.092 -1.684
-8.016 8.134 -1.688
-8.01 8.178 -1.693
-8.015 8.209 -1.697
-8.02 8.266 -1.704
-8.021 8.319 -1.71
-7.927 11.791 -1.618
-7.922 11.864 -1.625
-7.934 11.923 -1.632
-7.924 11.99 -1.639
-7.923 12.07 -1.647
-7.914 12.14 -1.654
-7.905 12.21 -1.661
-7.882 12.26 -1.665
-7.865 12.318 -1.67
-7.863 16.212 -1.57
-7.835 16.285 -1.575
-7.844 16.435 -1.589
-7.82 16.519 -1.595
-7.805 16.621 -1.603
-7.793 16.732 -1.613
-7.761 16.8 -1.617
-7.751 16.848 -1.621
-7.771 21.733 -1.499
-7.758 21.913 -1.512
-7.74 22.082 -1.523
-7.73 22.278 -1.536
-7.697 22.408 -1.545
-7.686 22.605 -1.558
-7.627 22.667 -1.561
-7.401 30.854 -1.39
-7.325 30.966 -1.394
-7.263 31.139 -1.402
-7.265 31.596 -1.424
-7.279 31.882 -1.438
-7.227 32.119 -1.449
-7.164 32.313 -1.458
-9.734 55.18 -0.97
-9.774 55.922 -0.985
-9.727 56.705 -1.001
-9.636 57.254 -1.012
-9.552 57.87 -1.025
-9.451 58.399 -1.035
