-7.90285 -0.00252039 0.0010964 1.32873e-06
-7.89 4.892 -1.673
-7.904 4.936 -1.68
-7.904 4.97 -1.683
-7.899 4.984 -1.684
-7.895 5.017 -1.687
-7.888 5.047 -1.688
-7.898 5.088 -1.695
-7.892 5.119 -1.697
-7.893 5.155 -1.701
-7.893 5.19 -1.704
-7.894 5.209 -1.707
-7.876 5.233 -1.706
-7.868 5.263 -1.708
-7.86 5.293 -1.71
-7.866 5.333 -1.715
-7.868 5.371 -1.72
-7.839 5.387 -1.717
-7.859 5.419 -1.724
-7.86 5.456 -1.728
-7.885 7.852 -1.642
-7.882 7.899 -1.647
-7.872 7.938 -1.65
-7.874 7.99 -1.656
-7.867 8.033 -1.66
-7.873 8.064 -1.664
-7.853 8.094 -1.666
-7.878 8.172 -1.677
-7.872 8.216 -1.682
-7.858 8.254 -1.684
-7.847 8.294 -1.688
-7.815 8.313 -1.687
-7.802 8.325 -1.687
-7.803 8.379 -1.693
-7.788 8.415 -1.695
-7.751 11.889 -1.616
-7.729 11.938 -1.62
-7.733 12.026 -1.629
-7.757 12.106 -1.64
-7.739 12.162 -1.645
-7.722 12.22 -1.65
-7.735 12.327 -1.662
-7.716 12.382 -1.667
-7.691 12.429 -1.67
-7.623 16.368 -1.573
-7.626 16.441 -1.58
-7.618 16.561 -1.59
-7.608 16.675 -1.6
-7.607 16.813 -1.612
-7.586 16.908 -1.62
-7.553 16.977 -1.625
-7.513 17.03 -1.628
-7.471 22.32 -1.533
-7.426 22.419 -1.539
-7.385 22.533 -1.546
-7.383 22.767 -1.562
-7.376 22.989 -1.578
-7.331 23.098 -1.584
-7.301 23.13 -1.586
-6.589 35.445 -1.4
-6.585 35.737 -1.413
-6.543 36.15 -1.43
-6.49 36.511 -1.446
-6.433 36.864 -1.461
-6.371 37.199 -1.475
-6.29 37.432 -1.485
-8.726 59.215 -1.05
-8.626 59.846 -1.063
-8.53 60.522 -1.077
-8.433 61.232 -1.091
-8.424 61.887 -1.105
