-8.1498 0.0225488 -0.000936822 2.60448e-05
-8.067 7.736 -1.65
-8.053 7.771 -1.652
-8.051 7.818 -1.657
-8.059 7.875 -1.664
-8.053 7.918 -1.668
-8.054 7.97 -1.674
-8.045 7.985 -1.675
-8.034 8.024 -1.678
-8.052 8.093 -1.688
-8.041 8.134 -1.691
-8.03 8.173 -1.694
-8.029 8.223 -1.7
-7.982 11.754 -1.618
-7.977 11.826 -1.625
-7.971 11.898 -1.632
-7.961 11.964 -1.639
-7.983 12.038 -1.648
-7.972 12.104 -1.654
-7.966 12.179 -1.662
-7.953 12.242 -1.668
-7.934 12.297 -1.672
-7.911 16.312 -1.581
-7.913 16.446 -1.592
-7.927 16.541 -1.601
-7.914 16.649 -1.61
-7.912 16.78 -1.622
-7.904 16.9 -1.632
-7.874 16.974 -1.638
-7.835 17.031 -1.641
-7.867 21.999 -1.52
-7.844 22.156 -1.531
-7.87 22.341 -1.544
-7.851 22.511 -1.555
-7.841 22.71 -1.569
-7.821 22.886 -1.581
-7.765 22.957 -1.585
-7.57 35.159 -1.396
-7.478 35.268 -1.4
-7.413 35.517 -1.41
-7.376 35.904 -1.427
-7.341 36.313 -1.444
-7.308 36.743 -1.463
-7.244 37.031 -1.475
-10.457 57.697 -1.024
-10.401 58.432 -1.039
-10.341 59.174 -1.054
-10.268 59.866 -1.069
-10.208 60.664 -1.085
