2.23842 -0.00010635 0.0165075 -0.000838466
2.3659 3.61409 -1.15744
2.37318 3.59775 -1.15485
2.38145 3.58301 -1.15278
2.39824 3.58109 -1.15485
2.39822 3.5555 -1.14916
2.39324 3.52154 -1.14087
2.38151 3.4781 -1.12949
2.38266 3.45387 -1.12431
2.38699 3.43442 -1.12069
2.38456 3.4055 -1.11396
2.38752 3.38452 -1.10982
2.38029 3.3494 -1.10102
2.44547 4.26312 -1.13465
2.4496 4.236 -1.1297
2.45554 4.21227 -1.12566
2.45937 4.18519 -1.12071
2.45509 4.14473 -1.11216
2.44728 4.09722 -1.10181
2.43975 4.05402 -1.09236
2.43873 4.02049 -1.08561
2.4497 4.00696 -1.08426
2.52887 5.16664 -1.11814
2.54255 5.14898 -1.11623
2.54736 5.11591 -1.11089
2.5511 5.07892 -1.10478
2.5484 5.02971 -1.09601
2.54093 4.97183 -1.08532
2.53668 4.92105 -1.07616
2.52577 4.85817 -1.06433
2.63633 6.36153 -1.09066
2.65124 6.33178 -1.08722
2.66563 6.30429 -1.08409
2.67056 6.25498 -1.07721
2.66188 6.17487 -1.06501
2.6574 6.10577 -1.05468
2.64612 6.02231 -1.04185
2.63325 5.93946 -1.02903
2.78744 8.11833 -1.05393
2.80459 8.08091 -1.05027
2.82226 8.0411 -1.04637
2.83969 8.00127 -1.04247
2.8368 7.90113 -1.03077
2.82711 7.78855 -1.01737
2.81672 7.68458 -1.00493
2.80421 7.5686 -0.991042
3.04057 10.9048 -0.990438
3.06995 10.8634 -0.987649
3.10236 10.8335 -0.985906
3.13405 10.8016 -0.983988
3.1296 10.6472 -0.970915
3.09909 10.409 -0.950172
3.08306 10.2245 -0.93431
3.52363 16.27 -0.87244
3.5731 16.2244 -0.870661
3.61182 16.1319 -0.866369
3.64241 16.0063 -0.860299
3.60827 15.6043 -0.839364
3.57684 15.226 -0.819686
