3.11498 -0.363441 0.0423635 -0.000990726
2.12595 3.74692 -1.15433
2.13518 3.73277 -1.15226
2.1334 3.69815 -1.14398
2.12979 3.66229 -1.13518
2.13216 3.63854 -1.13
2.1285 3.60483 -1.12172
2.12723 3.57414 -1.11447
2.11684 3.52859 -1.10257
2.17409 4.41639 -1.13645
2.18256 4.39481 -1.13285
2.19265 4.37671 -1.13015
2.19385 4.3412 -1.12296
2.19483 4.30574 -1.11576
2.19113 4.26166 -1.10631
2.18178 4.20728 -1.09416
2.17495 4.1603 -1.08381
2.27168 5.24201 -1.11051
2.28131 5.21426 -1.10631
2.28046 5.16317 -1.09715
2.26729 5.08524 -1.08227
2.26334 5.02677 -1.07158
2.25975 4.97237 -1.06166
2.25496 4.91845 -1.05174
2.33556 6.39604 -1.07846
2.34556 6.35449 -1.07283
2.35944 6.32406 -1.06907
2.37871 6.30839 -1.06782
2.38102 6.24836 -1.05906
2.37016 6.15522 -1.04467
2.35975 6.06181 -1.03028
2.35125 5.97817 -1.01745
2.51287 7.97467 -1.02663
2.53044 7.93369 -1.02248
2.53007 7.83791 -1.01127
2.5118 7.6894 -0.993235
2.50187 7.56938 -0.978855
2.49365 7.45706 -0.965449
2.7476 10.5937 -0.957493
2.77226 10.5522 -0.95453
2.78035 10.4347 -0.944768
2.76583 10.2364 -0.927686
2.7368 9.99035 -0.906245
4.8662 9.2023 -0.54555
4.88137 9.15353 -0.543666
4.87829 9.07135 -0.539793
4.86042 8.96297 -0.53435
4.85048 8.8706 -0.529849
4.8438 8.7854 -0.525767
4.8449 8.71173 -0.522418
4.83471 8.62593 -0.518231
4.8245 8.53771 -0.513939
4.80781 8.43925 -0.50902
4.80242 8.3618 -0.505356
4.80401 8.29402 -0.502321
4.79668 8.21511 -0.498552
4.77933 8.12341 -0.493947
