41.8261 -5.03385 -0.355405 0.0430081
0.085574 10.4318 -0.912695
0.121801 10.4155 -0.9113
0.157794 10.3911 -0.909209
0.193209 10.3447 -0.9052
0.228037 10.2862 -0.900144
0.261435 10.2575 -0.897704
0.296373 10.2266 -0.895089
0.333008 10.1996 -0.892823
0.367314 10.1625 -0.889686
0.400181 10.0955 -0.883933
0.432585 10.0283 -0.878181
0.467031 10.0148 -0.877135
0.498947 9.98735 -0.874869
0.533912 9.98754 -0.875044
0.566053 9.93787 -0.87086
0.598094 9.89208 -0.867025
0.63064 9.88607 -0.866677
0.663941 9.86591 -0.865108
0.696265 9.83373 -0.862493
23.793 6.84501 -1.29751
23.8167 6.76191 -1.29751
23.7671 6.65826 -1.29354
23.5735 6.51978 -1.28181
23.3533 6.37122 -1.26862
23.1632 6.23258 -1.25711
22.9764 6.09636 -1.24581
22.8111 5.96311 -1.23565
41.6218 12.1159 -0.756667
41.1603 11.8259 -0.747521
41.1013 11.6537 -0.745706
40.2616 11.2715 -0.72979
40.0501 11.0617 -0.725252
39.7296 10.8241 -0.71876
39.4196 10.5919 -0.712477
39.1509 10.3734 -0.706962
38.7573 10.1244 -0.699213
