2.69197 -0.257121 0.0424546 -0.00113878
2.22848 3.58718 -1.13156
2.22151 3.54827 -1.12172
2.22357 3.52415 -1.11655
2.21556 3.48578 -1.10671
2.2106 3.44999 -1.09791
2.21215 3.42602 -1.09273
2.20935 3.39561 -1.08549
2.21106 3.37372 -1.08083
2.28844 4.25009 -1.11441
2.29396 4.22495 -1.10991
2.29091 4.18444 -1.10136
2.28334 4.13968 -1.09146
2.27884 4.09762 -1.08246
2.27788 4.06245 -1.07527
2.27862 4.03072 -1.06897
2.27986 3.99864 -1.06267
2.34677 5.05338 -1.08303
2.36528 5.04475 -1.08303
2.36692 5.00274 -1.07578
2.36067 4.94702 -1.06548
2.36259 4.9091 -1.05899
2.35913 4.85843 -1.04983
2.35534 4.80786 -1.04067
2.34776 4.75032 -1.02999
2.45464 6.21556 -1.05844
2.4712 6.19411 -1.05625
2.47804 6.1488 -1.04999
2.4831 6.09987 -1.04311
2.47809 6.02722 -1.03215
2.47336 5.9565 -1.02152
2.47809 5.90958 -1.01495
2.47252 5.83904 -1.00431
2.63386 7.83088 -1.01444
2.65031 7.78969 -1.0103
2.64389 7.68278 -0.997623
2.62241 7.53477 -0.979586
2.61445 7.43241 -0.967399
2.61842 7.36151 -0.959356
2.8642 10.3913 -0.943025
2.88866 10.339 -0.93919
2.90682 10.2656 -0.933438
2.88933 10.0697 -0.91653
2.87496 9.88924 -0.901016
2.88413 9.79314 -0.893172
2.88413 9.66845 -0.882713
6.29427 10.492 -0.64122
6.29572 10.4119 -0.637661
6.29253 10.325 -0.633684
6.17625 10.059 -0.618611
6.17034 9.97115 -0.614529
6.17234 9.89702 -0.611284
6.17284 9.8213 -0.607935
6.17866 9.75859 -0.605318
6.1912 9.70329 -0.603224
6.20296 9.64358 -0.600922
6.2029 9.56991 -0.597677
6.21386 9.51751 -0.595688
6.2218 9.45739 -0.59328
6.23216 9.40507 -0.591292
6.23775 9.33898 -0.58857
4.23885 27.7984 -0.490831
4.31921 27.6767 -0.488947
4.40634 27.6022 -0.487899
4.49139 27.5176 -0.486678
4.56965 27.3953 -0.484793
4.62561 27.1465 -0.480674
4.62917 26.6062 -0.47139
4.68565 26.3851 -0.467759
4.75419 26.2387 -0.465456
4.81595 26.0607 -0.462593
4.88838 25.9455 -0.460848
4.95327 25.7947 -0.458475
5.01961 25.68 -0.45673
5.09906 25.6114 -0.455822
5.16459 25.4758 -0.453728
5.23005 25.344 -0.451703
5.30451 25.2591 -0.450516
5.36758 25.1231 -0.448422
5.42892 24.983 -0.446258
5.48762 24.8351 -0.443954
5.55061 24.7104 -0.442069
5.60745 24.5622 -0.439766
