2.22828 0.0423504 0.000469586 0.000315466
2.38799 3.82011 -1.20713
2.37248 3.76598 -1.19264
2.37112 3.73484 -1.18539
2.36644 3.69888 -1.17659
2.37096 3.67761 -1.17245
2.37116 3.64987 -1.16624
2.35955 3.60439 -1.15433
2.43956 4.53834 -1.18954
2.44795 4.51609 -1.18594
2.44127 4.46648 -1.17514
2.43239 4.41355 -1.16345
2.42809 4.37139 -1.15445
2.42544 4.33271 -1.14635
2.42905 4.30385 -1.14095
2.4219 4.25639 -1.1306
2.52089 5.43575 -1.1647
2.51998 5.38203 -1.15516
2.51527 5.3235 -1.14447
2.51609 5.27747 -1.13646
2.51146 5.22309 -1.12654
2.50568 5.16484 -1.11585
2.50381 5.1177 -1.10746
2.62241 6.72267 -1.14291
2.63427 6.68407 -1.1379
2.6174 6.5739 -1.1207
2.61601 6.50424 -1.11037
2.62085 6.45115 -1.10286
2.6115 6.36749 -1.09004
2.78436 8.38965 -1.08537
2.78754 8.30697 -1.07586
2.77616 8.18301 -1.06099
2.76154 8.04747 -1.04466
2.75122 7.92713 -1.03028
3.03237 11.4933 -1.03994
3.0565 11.423 -1.03454
3.05045 11.243 -1.0192
3.02732 11.0056 -0.99863
3.01221 10.8031 -0.981199
