2.65533 -0.251108 0.0541071 -0.00262447
2.36821 4.96953 -1.07006
2.37534 4.94 -1.06548
2.384 4.9162 -1.06204
2.39597 4.89726 -1.05975
2.42087 4.90471 -1.06319
2.42835 4.8769 -1.05899
2.41804 4.81401 -1.04716
2.41093 4.76043 -1.03724
2.41331 4.72618 -1.03151
2.4163 4.69155 -1.02579
2.41276 4.64475 -1.01739
2.54774 5.9702 -1.02809
2.54355 5.90322 -1.01808
2.53735 5.83271 -1.00744
2.53148 5.76414 -0.997113
2.53157 5.71012 -0.989292
2.52145 5.63678 -0.978028
2.64903 7.6327 -0.992017
2.66711 7.59906 -0.988848
2.68697 7.56678 -0.985923
2.69593 7.50878 -0.979586
2.71337 7.47928 -0.976905
2.72859 7.44414 -0.973492
2.71594 7.33033 -0.959843
2.7003 7.20694 -0.944975
2.69591 7.1195 -0.934738
2.97799 10.0022 -0.913044
3.00483 9.96506 -0.910603
3.00934 9.85543 -0.901539
2.98782 9.66403 -0.884979
2.96024 9.4577 -0.867025
2.9487 9.30675 -0.854126
1.08087 16.0195 -0.841458
1.13593 16.0037 -0.840829
1.1903 15.9797 -0.839783
1.24359 15.9436 -0.838108
1.29241 15.8896 -0.835491
1.34381 15.8373 -0.832979
1.39451 15.7808 -0.830258
1.44484 15.7241 -0.827536
1.49706 15.6911 -0.826071
1.55065 15.6739 -0.825443
1.60413 15.6564 -0.824815
1.66045 15.6666 -0.825652
1.71252 15.6369 -0.824396
1.7662 15.6229 -0.823977
1.81748 15.5889 -0.822512
1.87069 15.5725 -0.821989
1.92379 15.5781 -0.822617
1.97564 15.5515 -0.82157
2.02578 15.5128 -0.819895
2.0762 15.4779 -0.81843
2.13185 15.4825 -0.819058
2.1828 15.4532 -0.817906
2.23559 15.4376 -0.817488
2.2877 15.4178 -0.81686
2.33971 15.3979 -0.816232
2.38861 15.3762 -0.815499
2.44478 15.3836 -0.816336
2.50102 15.3907 -0.817174
2.55408 15.3779 -0.816964
2.60239 15.3374 -0.81529
2.65455 15.3204 -0.814871
2.70419 15.2894 -0.81372
2.75719 15.2779 -0.813615
2.80435 15.2348 -0.811835
2.85346 15.2033 -0.810684
2.89863 15.1521 -0.808486
2.95151 15.1419 -0.808486
2.99579 15.0884 -0.806183
3.04487 15.0602 -0.805241
3.0934 15.0299 -0.804194
3.14052 14.9936 -0.802834
3.18909 14.965 -0.801892
3.23616 14.9426 -0.801264
3.281 14.8981 -0.799484
3.33037 14.8748 -0.798856
3.37341 14.8242 -0.796763
3.41748 14.7792 -0.794983
3.4622 14.738 -0.793413
3.48627 14.6112 -0.787238
