-51.6057 26.0023 -4.12257 0.215718
2.35766 5.10243 -1.09257
2.36715 5.07638 -1.08876
2.36392 5.02587 -1.0796
2.3629 4.98075 -1.07158
2.36502 4.9406 -1.06471
2.35663 4.87927 -1.05327
2.34697 4.81413 -1.04105
2.46218 6.27628 -1.06782
2.47606 6.24745 -1.06438
2.49418 6.2296 -1.06282
2.4978 6.17917 -1.05562
2.48351 6.08263 -1.0406
2.47461 6.00088 -1.02809
2.46896 5.92838 -1.01714
2.56962 7.9795 -1.02931
2.58869 7.94829 -1.02638
2.61131 7.92835 -1.02492
2.62943 7.89516 -1.02175
2.65084 7.85867 -1.01834
2.67258 7.82824 -1.01566
2.6636 7.71379 -1.00201
2.66758 7.64306 -0.993966
2.68698 7.61311 -0.991285
2.70753 7.58686 -0.989092
2.72524 7.55309 -0.985923
2.74682 7.53047 -0.984217
2.76554 7.50035 -0.981536
2.79586 7.50181 -0.982998
2.81783 7.48086 -0.981536
2.84545 7.4789 -0.982511
2.85587 7.42816 -0.977149
5.40395 6.39698 -0.732631
5.40689 6.35532 -0.730016
5.38367 6.28345 -0.723916
5.37953 6.23445 -0.720429
5.3124 6.11337 -0.708576
5.28778 6.04231 -0.702475
5.35363 6.07464 -0.708402
5.3629 6.0425 -0.706833
5.38396 6.02374 -0.706833
5.37296 5.96937 -0.70265
5.33489 5.88563 -0.69498
5.3366 5.84637 -0.69254
5.30742 5.77583 -0.686264
5.34109 5.77189 -0.688007
5.3286 5.71823 -0.683824
5.31035 5.65891 -0.678943
5.36302 6.76403 -0.452392
5.35794 6.70937 -0.449985
5.3587 6.66012 -0.447996
5.35425 6.60724 -0.445693
5.3674 6.53206 -0.443076
5.36725 6.48559 -0.441192
5.39497 6.47295 -0.441611
5.37918 6.41065 -0.438575
5.36156 6.34455 -0.435331
5.3796 6.31877 -0.434912
5.36522 6.2575 -0.431981
5.38181 6.23269 -0.431562
5.36684 6.17166 -0.428632
5.36729 6.12885 -0.426957
5.37809 6.0981 -0.426119
5.37812 6.05539 -0.424445
5.35662 5.98895 -0.421095
5.36947 5.96131 -0.420467
5.35804 5.90702 -0.417955
5.35707 5.86469 -0.41628
5.33864 5.80573 -0.413349
5.32902 5.75482 -0.411047
5.33818 5.72449 -0.410209
5.3636 5.71165 -0.410628
5.33684 5.64355 -0.407069
5.31697 5.58532 -0.404138
5.31708 5.54654 -0.402673
5.30963 5.49828 -0.400579
