-12.2357 0.174592 -0.00479935 0.000103599
-11.2199 7.10116 -1.63037
-11.2164 7.15113 -1.63329
-11.203 7.19775 -1.635
-11.1812 7.23897 -1.63549
-11.1808 7.29422 -1.63914
-11.1785 7.34848 -1.64256
-11.1792 7.40499 -1.64645
-11.1698 7.45499 -1.64889
-11.1556 7.50474 -1.65084
-11.1553 7.55839 -1.6545
-11.1551 7.6152 -1.6584
-11.1543 7.66901 -1.66205
-11.1356 7.71355 -1.66327
-11.1266 7.76488 -1.66595
-11.1189 7.81737 -1.66888
-11.132 7.88482 -1.67497
-11.1289 7.94402 -1.67887
-11.1025 7.98088 -1.67887
-11.0778 8.02191 -1.67936
-11.0593 8.06755 -1.68082
-11.0313 8.10921 -1.68107
-12.5534 17.9815 -1.1493
-12.7099 18.3349 -1.16919
-12.7011 18.4526 -1.174
-12.6862 18.5694 -1.17861
-12.6706 18.6863 -1.18321
-12.6633 18.8166 -1.18865
-12.6452 18.9321 -1.19316
-12.6287 19.051 -1.19787
-12.6126 19.1717 -1.20268
-12.5991 19.3048 -1.20812
-12.588 19.4358 -1.21357
