121.239 -26.9672 1.38099 -0.00155001
-10.6748 10.8514 -1.33174
-10.6661 10.9185 -1.3354
-10.6668 10.9957 -1.34028
-10.6648 11.0669 -1.34464
-10.6592 11.1386 -1.34882
-10.634 11.1902 -1.35057
-10.6181 11.2519 -1.35353
-10.6128 11.3252 -1.35789
-10.6261 11.4191 -1.36468
-10.6092 11.481 -1.36765
-10.5987 11.5502 -1.37148
-10.5811 11.6122 -1.37445
-10.5633 11.6742 -1.37741
-10.5637 11.7569 -1.38281
-10.5173 11.7878 -1.38212
-12.8801 13.3751 -0.973135
-12.8771 13.461 -0.976275
-12.8758 13.5588 -0.979939
-12.8819 13.6603 -0.984021
-12.86 13.7329 -0.986009
-12.8365 13.804 -0.987894
-12.8451 13.9104 -0.99229
-12.7992 13.9581 -0.992499
-12.7921 14.0485 -0.995744
-12.7724 14.1256 -0.998047
-12.7924 14.2474 -1.00349
-12.7745 14.3277 -1.006
-12.7574 14.4044 -1.00841
-12.7689 14.5141 -1.01312
-12.7524 14.5977 -1.01584
-12.7445 14.6919 -1.0193
-12.7101 14.7612 -1.02087
-12.713 14.8693 -1.02526
-10.3857 33.8011 -0.617222
-10.335 34.0591 -0.621271
-10.2883 34.3363 -0.625669
-10.2388 34.6098 -0.629997
-10.1773 34.8488 -0.633697
-10.1254 35.1262 -0.638095
-10.0574 35.3537 -0.641585
-10.002 35.6311 -0.645983
-9.92885 35.8508 -0.649334
-9.88058 36.1669 -0.65443
-9.81879 36.4406 -0.658759
-9.73055 36.6215 -0.661411
-9.68006 36.9244 -0.666298
-9.58714 37.0974 -0.668811
