2.24468 -0.0942982 0.0443067 -0.00333038
2.30594 3.62519 -1.15123
2.3092 3.60248 -1.14657
2.29703 3.55748 -1.13466
2.2989 3.53324 -1.12949
2.29639 3.50258 -1.12224
2.29643 3.4748 -1.11603
2.29998 3.4539 -1.11189
2.29265 3.41697 -1.10257
2.2845 3.38054 -1.09325
2.35473 4.30279 -1.1324
2.36033 4.27749 -1.1279
2.36577 4.25219 -1.12341
2.3575 4.20101 -1.11216
2.34743 4.15076 -1.10091
2.3496 4.12264 -1.09551
2.35136 4.09244 -1.08966
2.35196 4.0606 -1.08336
2.34127 4.0082 -1.07167
2.43913 5.15536 -1.1086
2.44358 5.11847 -1.10249
2.4478 5.08161 -1.09639
2.43634 5.013 -1.08341
2.43308 4.96216 -1.07425
2.43559 4.92372 -1.06777
2.4326 4.87478 -1.05899
2.41694 4.80138 -1.04487
2.52565 6.26379 -1.0697
2.53036 6.21286 -1.0625
2.54151 6.17841 -1.05812
2.53957 6.11295 -1.04842
2.53462 6.04438 -1.0381
2.52874 5.97183 -1.02715
2.51851 5.89032 -1.01463
2.64485 7.9507 -1.02882
2.66435 7.91696 -1.02565
2.68429 7.88507 -1.02273
2.695 7.82685 -1.01639
2.68636 7.7185 -1.00347
2.68494 7.62856 -0.992992
2.67495 7.51628 -0.979586
2.65681 7.38362 -0.963499
2.86156 10.6646 -0.966034
2.89458 10.6391 -0.96464
2.92534 10.6059 -0.962548
2.94625 10.5381 -0.957319
2.93305 10.3514 -0.941282
2.91418 10.1496 -0.923851
2.89999 9.97533 -0.90886
