-20.4962 9.01499 -2.34047 0.196752
-5.56341 5.46905 -0.957893
-5.56968 5.51358 -0.96228
-5.63756 5.61988 -0.977392
-5.5665 5.58986 -0.968618
-5.57554 5.75351 -0.983729
-5.57019 5.78627 -0.986167
-5.54997 5.80567 -0.986167
-5.5652 5.86244 -0.992504
-5.59372 5.93384 -1.00128
-5.57297 5.95332 -1.00128
-5.53128 5.99208 -1.00128
-5.53447 6.0377 -1.00567
-5.54382 6.08831 -1.01103
-5.51721 6.10173 -1.01005
-5.51444 6.14163 -1.01347
-5.55903 6.23493 -1.02565
-5.53644 6.38694 -1.03784
-5.51411 6.40622 -1.03784
-5.49172 6.42543 -1.03784
-5.51807 6.50207 -1.0471
-5.49278 6.51826 -1.04661
-5.51445 6.5882 -1.0549
-5.49142 6.60741 -1.0549
-5.49865 6.66328 -1.06075
