4.43795 -0.382487 0.0372529 -0.00284775
2.34322 7.39123 -0.952043
2.35991 7.35465 -0.948387
2.36529 7.28826 -0.940831
2.36348 7.19279 -0.929619
2.36665 7.11856 -0.921089
2.36997 7.04629 -0.912801
2.37345 6.97595 -0.904758
2.38228 6.92258 -0.898908
4.84469 6.07318 0.135605
4.90343 6.103 0.136652
4.92722 6.08896 0.136722
4.95456 6.07705 0.136862
4.99752 6.08841 0.13749
5.01874 6.07093 0.13749
5.03629 6.05118 0.13742
5.06252 6.03969 0.13756
5.09752 6.03638 0.137909
5.14035 6.04202 0.138467
5.15515 6.01887 0.138328
5.18292 6.01083 0.138537
5.22747 6.01988 0.139165
5.26688 6.02267 0.139654
5.30213 6.01833 0.140003
5.33743 6.01381 0.140352
5.3621 5.99719 0.140422
5.37987 5.98125 0.140422
5.40877 5.97133 0.140631
5.42689 5.94946 0.140562
5.4855 5.97171 0.141539
5.50088 5.94666 0.141399
5.53251 5.93912 0.141679
5.61067 5.98103 0.143145
5.6425 5.97304 0.143424
5.66607 5.9562 0.143494
5.73005 5.9836 0.144611
5.73147 5.94341 0.144122
5.77168 5.94345 0.144611
5.80078 5.93184 0.14482
5.83268 5.92296 0.145099
5.87866 5.92812 0.145728
5.91524 5.92558 0.146146
5.9529 5.92182 0.146565
5.97354 5.901 0.146565
6.0094 5.89307 0.146914
6.02891 5.87311 0.146914
6.0695 5.87149 0.147403
6.10149 5.86135 0.147682
6.174 5.88971 0.148939
6.1771 5.85162 0.14852
6.26158 5.89031 0.150056
6.29672 5.88206 0.150405
6.34067 5.88181 0.150963
6.39543 5.89327 0.151801
6.41596 5.87091 0.151801
6.46898 5.87807 0.152569
6.5429 5.90368 0.153826
6.59921 5.91283 0.154663
6.61085 5.88178 0.154454
6.64033 5.86661 0.154663
6.70587 5.88296 0.15571
6.78366 5.90943 0.157037
6.80424 5.88571 0.157037
6.86722 5.89841 0.158014
6.90603 5.88997 0.158433
6.94078 5.87996 0.158782
6.97963 5.87115 0.159201
7.0277 5.86982 0.159829
7.10972 5.89632 0.161225
7.13026 5.87146 0.161225
7.16 5.85413 0.161435
7.21663 5.86061 0.162272
7.23704 5.83539 0.162272
7.30318 5.84886 0.16332
7.3976 5.878 0.164925
7.37624 5.82122 0.164018
7.44688 5.83491 0.165135
7.51771 5.84817 0.166252
7.59506 5.86589 0.167508
7.58375 5.81501 0.16681
7.63582 5.81273 0.167508
7.65606 5.78604 0.167508
7.70821 5.78328 0.168206
7.69627 5.73245 0.167508
7.77412 5.74835 0.168765
7.89629 5.79828 0.170999
7.91649 5.77069 0.170999
7.9787 5.7735 0.171906
8.05728 5.78761 0.173163
8.05789 5.74552 0.172744
8.15951 5.77512 0.174489
8.17962 5.7466 0.174489
8.28759 5.7386 0.175955
8.33724 5.73003 0.176583
8.46622 5.77526 0.178887
8.44327 5.71653 0.17798
8.58945 5.72845 0.180214
8.66943 5.73817 0.18147
8.81548 5.74893 0.183704
8.91498 5.72771 0.184961
8.9865 5.72724 0.186008
