-10.3954 -0.345478 0.0311015 -0.00061461
-9.85153 19.3598 -1.13841
-9.82798 19.4814 -1.14354
-9.81351 19.6228 -1.14982
-9.78931 19.7464 -1.15505
-9.78199 19.9059 -1.16238
-9.76142 20.0405 -1.16824
-9.74872 20.1932 -1.17515
-9.72472 20.3244 -1.1808
-9.70249 20.461 -1.18677
-9.65225 20.54 -1.18939
-9.59083 20.5864 -1.19022
-11.4966 29.9654 -0.560222
-11.4704 30.2279 -0.564341
-11.4163 30.7139 -0.57195
-11.3932 30.9826 -0.576209
-11.378 31.2777 -0.580956
-11.3432 31.5242 -0.584795
-11.3231 31.799 -0.589193
-11.2841 32.025 -0.592684
-11.267 32.3361 -0.59771
-11.2465 32.6437 -0.602666
-11.1938 32.8816 -0.606297
-11.181 33.2237 -0.611881
-11.0965 33.3574 -0.613627
