3.88158 -0.946714 0.153383 -0.00640633
2.11535 3.6996 -1.14191
2.10992 3.6604 -1.13207
2.11007 3.63129 -1.12535
2.11297 3.60724 -1.12017
2.1118 3.57655 -1.11292
2.11142 3.54758 -1.10619
2.10292 3.5054 -1.09532
2.09976 3.47122 -1.08704
2.17182 4.33702 -1.11981
2.17389 4.30544 -1.11351
2.17033 4.26136 -1.10406
2.17184 4.22776 -1.09731
2.17118 4.18862 -1.08921
2.16069 4.13477 -1.07707
2.16511 4.10824 -1.07212
2.15749 4.05936 -1.06132
2.23565 5.16134 -1.09334
2.23871 5.11932 -1.08608
2.24229 5.07915 -1.07922
2.23283 5.01032 -1.06624
2.23581 4.97027 -1.05937
2.23286 4.91774 -1.04983
2.22956 4.8653 -1.04029
2.30151 6.30963 -1.06375
2.3119 6.27005 -1.05844
2.32826 6.24714 -1.05593
2.34796 6.23343 -1.05499
2.33878 6.14396 -1.04123
2.33539 6.07123 -1.03028
2.32437 5.98019 -1.0162
2.31996 5.90769 -1.00525
2.44452 7.86294 -1.01103
2.46658 7.83732 -1.00883
2.47163 7.75867 -0.999816
2.48713 7.7141 -0.995185
2.48325 7.61101 -0.982998
2.4762 7.50051 -0.969836
2.47092 7.39768 -0.957649
2.70358 10.3128 -0.932741
2.73342 10.2802 -0.930649
2.72364 10.1013 -0.91531
2.70372 9.88992 -0.897007
2.68821 9.69994 -0.880622
3.44683 13.3183 -0.72098
3.48113 13.2598 -0.718468
3.52071 13.2225 -0.717107
3.55904 13.1812 -0.715537
3.59712 13.1398 -0.713967
3.63174 13.0868 -0.711769
3.66334 13.024 -0.709048
3.70057 12.9824 -0.707478
3.74531 12.9674 -0.707373
3.78046 12.9198 -0.705489
3.81248 12.8625 -0.703081
3.84874 12.8204 -0.701511
3.88078 12.7732 -0.699627
3.91771 12.7347 -0.698266
3.95679 12.7038 -0.697324
3.9879 12.648 -0.695022
4.02049 12.5979 -0.693033
4.05769 12.5628 -0.691881
4.09469 12.5277 -0.69073
4.13275 12.4963 -0.689788
4.1662 12.4515 -0.688113
4.19555 12.3952 -0.68581
4.23491 12.3692 -0.685182
4.27153 12.3354 -0.684136
4.30598 12.296 -0.682775
4.33688 12.247 -0.680891
4.36737 12.2043 -0.679321
4.40315 12.1702 -0.678274
4.43943 12.1379 -0.677332
4.47623 12.1073 -0.676495
4.50099 12.0448 -0.673878
4.52889 11.9917 -0.671784
4.56075 11.9497 -0.670319
