1.67059 0.0115912 0.00679389 -0.000147324
1.739 4.615 -1.754
1.755 4.613 -1.755
1.758 4.598 -1.75
1.769 4.585 -1.747
1.778 4.564 -1.741
1.789 4.551 -1.738
1.804 4.548 -1.739
1.813 4.53 -1.734
1.82 4.505 -1.726
1.828 4.504 -1.727
1.841 4.496 -1.726
1.853 4.485 -1.724
1.864 4.473 -1.721
1.878 4.467 -1.721
1.861 4.389 -1.691
2.082 11.439 -1.721
2.115 11.415 -1.718
2.144 11.376 -1.713
2.174 11.34 -1.708
2.202 11.292 -1.702
2.231 11.252 -1.696
2.247 11.239 -1.695
2.28 11.218 -1.693
2.31 11.188 -1.689
2.347 11.19 -1.69
2.375 11.15 -1.685
2.409 11.137 -1.684
2.447 11.141 -1.686
2.46 11.119 -1.683
2.491 11.092 -1.68
2.522 11.067 -1.677
2.554 11.046 -1.675
2.585 11.024 -1.673
2.621 11.02 -1.673
2.631 10.987 -1.669
1.793 14.898 -1.72
1.813 14.863 -1.716
1.858 14.85 -1.715
1.902 14.816 -1.711
1.947 14.801 -1.71
1.992 14.783 -1.708
2.036 14.762 -1.707
2.082 14.754 -1.706
2.105 14.747 -1.706
2.148 14.719 -1.703
2.194 14.712 -1.703
2.239 14.697 -1.702
2.284 14.684 -1.701
2.335 14.704 -1.705
2.357 14.693 -1.704
2.408 14.718 -1.708
2.451 14.687 -1.705
2.482 14.595 -1.694
2.543 14.674 -1.705
2.584 14.636 -1.702
2.625 14.599 -1.698
2.644 14.575 -1.695
2.69 14.569 -1.696
2.73 14.529 -1.691
2.772 14.501 -1.689
2.815 14.48 -1.687
2.859 14.464 -1.686
2.895 14.408 -1.68
2.918 14.405 -1.681
2.958 14.371 -1.677
2.998 14.334 -1.674
3.042 14.321 -1.673
3.08 14.278 -1.669
6.063 6.841 -0.814
6.07 6.806 -0.812
6.065 6.757 -0.807
6.076 6.726 -0.805
6.065 6.672 -0.8
6.095 6.663 -0.802
6.069 6.592 -0.794
6.094 6.599 -0.796
6.068 6.529 -0.789
6.091 6.513 -0.789
6.071 6.45 -0.783
6.084 6.424 -0.781
6.07 6.368 -0.776
6.059 6.337 -0.773
6.083 6.322 -0.773
6.07 6.269 -0.768
6.08 6.24 -0.766
6.066 6.186 -0.761
3.588 24.295 -1.608
3.637 24.104 -1.595
3.674 23.84 -1.576
3.744 23.791 -1.573
3.809 23.722 -1.569
3.836 23.651 -1.564
3.908 23.625 -1.563
3.973 23.556 -1.559
4.04 23.506 -1.556
6.071 32.633 -1.463
6.149 32.481 -1.456
6.186 32.124 -1.439
6.233 31.83 -1.425
6.322 31.753 -1.422
6.41 31.674 -1.419
6.503 31.623 -1.417
6.543 31.565 -1.415
6.62 31.437 -1.41
