2.62193 -0.748067 0.0480893 -0.00083091
2.64 0.291 -0.76
2.609 0.279 -0.749
2.596 0.27 -0.745
2.595 0.261 -0.744
2.577 0.251 -0.738
2.557 0.245 -0.731
2.554 0.236 -0.73
2.543 0.227 -0.726
2.519 0.217 -0.718
2.501 0.207 -0.711
2.522 0.201 -0.718
2.499 0.191 -0.71
1.055 10.847 -1.605
1.086 10.816 -1.601
1.099 10.777 -1.595
1.129 10.736 -1.589
1.163 10.731 -1.589
1.193 10.698 -1.584
1.224 10.668 -1.58
1.256 10.649 -1.577
1.289 10.643 -1.577
1.302 10.613 -1.573
1.334 10.599 -1.571
1.369 10.605 -1.573
1.401 10.591 -1.571
1.432 10.567 -1.568
1.462 10.541 -1.565
1.479 10.54 -1.565
1.51 10.524 -1.563
1.541 10.505 -1.561
1.573 10.493 -1.56
1.606 10.49 -1.56
1.641 10.496 -1.562
1.669 10.462 -1.557
1.686 10.461 -1.557
1.718 10.448 -1.556
1.75 10.437 -1.555
1.782 10.427 -1.555
1.813 10.41 -1.553
1.843 10.389 -1.55
1.871 10.357 -1.546
0.533999 14.051 -1.599
0.577999 14.031 -1.597
0.597999 14.005 -1.594
0.641999 13.997 -1.593
0.685999 13.989 -1.592
0.727999 13.961 -1.589
0.771999 13.954 -1.588
0.812999 13.904 -1.582
0.855999 13.9 -1.582
0.876999 13.883 -1.58
0.917999 13.844 -1.575
0.961999 13.841 -1.575
1.002 13.795 -1.57
1.046 13.797 -1.57
1.088 13.778 -1.568
1.131 13.771 -1.568
1.149 13.729 -1.563
1.19 13.698 -1.559
1.23 13.659 -1.555
1.275 13.68 -1.558
1.312 13.615 -1.55
1.353 13.591 -1.548
0.373999 17.586 -1.528
0.429999 17.595 -1.529
0.483999 17.552 -1.524
0.537999 17.516 -1.521
0.591999 17.469 -1.517
0.644999 17.425 -1.512
0.671999 17.398 -1.51
0.725999 17.38 -1.508
0.777999 17.318 -1.503
0.829999 17.264 -1.497
0.883999 17.275 -1.499
0.937999 17.26 -1.498
0.990999 17.227 -1.495
1.017 17.21 -1.493
1.069 17.181 -1.491
1.121 17.146 -1.487
1.175 17.138 -1.487
1.228 17.126 -1.486
1.282 17.118 -1.486
1.306 17.085 -1.483
1.359 17.07 -1.482
1.411 17.042 -1.479
1.465 17.044 -1.48
1.516 17.015 -1.478
1.567 16.987 -1.475
0.300999 22.797 -1.479
0.371999 22.78 -1.477
0.442999 22.743 -1.475
0.511999 22.652 -1.468
0.581999 22.566 -1.462
0.614999 22.49 -1.456
0.682999 22.398 -1.45
0.751999 22.36 -1.447
0.819999 22.277 -1.441
0.888999 22.265 -1.441
0.957999 22.236 -1.439
1.026 22.199 -1.436
1.059 22.138 -1.432
1.125 22.062 -1.426
