-4.65463 0.984056 -0.160018 0.00841668
-2.718 4.669 -1.72
-2.711 4.691 -1.725
-2.698 4.703 -1.726
-2.689 4.721 -1.73
-2.668 4.718 -1.725
-2.663 4.744 -1.732
-2.651 4.758 -1.734
-2.651 4.777 -1.74
-2.642 4.795 -1.744
-2.639 4.827 -1.753
-2.63 4.847 -1.758
-2.63 4.883 -1.769
-2.621 4.903 -1.773
-5.583 0.98 -1.633
-5.613 1.003 -1.643
-5.636 1.016 -1.651
-5.601 1.028 -1.641
-5.632 1.052 -1.652
-5.647 1.073 -1.658
-5.649 1.092 -1.659
-5.706 1.121 -1.678
-5.65 1.129 -1.662
-5.678 1.144 -1.671
-5.695 1.166 -1.678
-5.659 1.177 -1.668
-5.673 1.198 -1.673
-5.676 1.218 -1.675
-5.712 1.244 -1.688
-2.71 6.243 -1.726
-2.693 6.256 -1.728
-2.686 6.268 -1.73
-2.67 6.285 -1.732
-2.66 6.316 -1.739
-2.65 6.346 -1.745
-2.636 6.369 -1.75
-2.628 6.407 -1.759
-2.628 6.464 -1.773
-2.617 6.466 -1.772
-2.599 6.48 -1.774
-2.582 6.497 -1.776
-2.82 7.357 -1.702
-2.811 7.366 -1.703
-2.789 7.379 -1.704
-2.767 7.389 -1.705
-2.756 7.433 -1.713
-2.737 7.45 -1.715
-2.712 7.455 -1.715
-2.691 7.471 -1.716
-2.674 7.461 -1.713
-2.65 7.469 -1.713
-2.634 7.496 -1.717
-2.615 7.519 -1.721
-2.597 7.542 -1.725
-2.591 7.603 -1.738
-2.581 7.652 -1.748
-2.578 7.682 -1.754
-2.566 7.725 -1.762
-2.606 9.039 -1.697
-2.58 9.059 -1.699
-2.556 9.08 -1.702
-2.544 9.148 -1.714
-2.533 9.219 -1.726
-2.52 9.285 -1.738
-2.505 9.344 -1.749
-2.501 10.999 -1.666
-2.494 11.126 -1.685
-2.489 11.269 -1.707
-2.473 11.367 -1.722
-2.449 11.427 -1.731
-2.413 11.437 -1.731
-4.345 12.193 -1.456
-4.312 12.222 -1.458
-4.298 12.244 -1.46
-4.262 12.264 -1.461
-4.232 12.304 -1.465
-4.201 12.34 -1.468
-4.167 12.366 -1.47
-4.132 12.391 -1.471
-4.119 12.418 -1.474
-4.085 12.448 -1.476
-4.054 12.485 -1.48
-4.022 12.52 -1.483
-3.988 12.55 -1.485
-3.953 12.576 -1.487
-3.918 12.601 -1.489
-3.902 12.623 -1.491
-3.869 12.654 -1.493
-3.837 12.694 -1.497
-3.798 12.708 -1.497
-3.762 12.733 -1.499
-3.727 12.762 -1.501
-3.713 12.789 -1.504
-3.676 12.812 -1.506
