4.09636 0.164891 0.0344666 -0.000960244
4.617 0.946 -1.007
4.618 0.938 -1.007
4.61 0.922 -1.005
4.569 0.899 -0.994
4.57 0.884 -0.993
4.574 0.87 -0.994
4.564 0.853 -0.991
4.562 0.838 -0.99
4.577 0.833 -0.993
4.545 0.813 -0.985
4.517 0.793 -0.977
4.427 0.764 -0.955
5.78 7.492 -1.707
5.792 7.46 -1.704
5.811 7.435 -1.703
5.82 7.398 -1.698
5.846 7.383 -1.699
5.864 7.359 -1.697
5.871 7.32 -1.692
5.864 7.288 -1.687
5.892 7.276 -1.688
5.896 7.234 -1.682
5.916 7.213 -1.682
5.931 7.185 -1.679
5.957 7.169 -1.68
5.964 7.132 -1.676
5.979 7.127 -1.677
5.989 7.094 -1.673
6.006 7.069 -1.671
6.015 7.035 -1.668
6.03 7.007 -1.665
6.057 6.994 -1.667
6.074 6.969 -1.665
6.078 6.952 -1.663
6.125 6.961 -1.671
6.127 6.92 -1.665
6.132 6.881 -1.66
6.144 6.852 -1.657
4.9 1.129 -0.723
4.871 1.106 -0.717
4.857 1.087 -0.714
4.837 1.067 -0.71
4.806 1.052 -0.704
4.798 1.035 -0.702
4.76 1.011 -0.695
4.74 0.992 -0.691
4.74 0.976 -0.691
4.714 0.955 -0.686
4.697 0.937 -0.682
4.694 0.921 -0.681
4.661 0.907 -0.675
4.648 0.889 -0.673
9.372 11.071 -1.656
9.39 11.022 -1.653
9.417 11.018 -1.654
9.424 10.956 -1.649
9.418 10.88 -1.641
9.414 10.807 -1.634
9.417 10.742 -1.628
9.469 10.733 -1.631
9.48 10.678 -1.627
9.497 10.663 -1.627
9.52 10.622 -1.625
9.534 10.571 -1.621
9.589 10.565 -1.625
9.594 10.504 -1.62
9.613 10.459 -1.618
9.641 10.423 -1.617
9.625 10.373 -1.611
9.644 10.328 -1.608
9.672 10.293 -1.607
9.684 10.241 -1.603
11.877 14.85 -1.668
11.914 14.8 -1.666
11.926 14.721 -1.661
11.935 14.637 -1.655
11.929 14.536 -1.647
11.927 14.487 -1.643
11.92 14.386 -1.635
11.959 14.341 -1.634
11.981 14.276 -1.63
12.028 14.241 -1.631
12.058 14.185 -1.628
12.079 14.12 -1.625
12.075 14.071 -1.621
12.084 13.992 -1.616
14.808 20.907 -1.687
14.837 20.81 -1.682
14.892 20.749 -1.681
14.922 20.653 -1.676
14.982 20.6 -1.676
14.988 20.539 -1.672
15.02 20.448 -1.668
15.039 20.34 -1.663
15.107 20.298 -1.663
15.161 20.237 -1.662
15.244 20.215 -1.664
15.334 20.202 -1.668
15.342 20.148 -1.665
15.384 20.071 -1.662
15.38 19.936 -1.654
15.383 19.81 -1.647
15.414 19.722 -1.643
15.456 19.649 -1.641
15.509 19.589 -1.64
15.576 19.546 -1.64
15.618 19.536 -1.642
15.661 19.465 -1.64
15.697 19.385 -1.637
20.923 28.508 -1.572
20.897 28.285 -1.562
20.868 28.06 -1.552
20.879 27.892 -1.546
20.904 27.743 -1.541
20.909 27.569 -1.534
20.894 27.46 -1.529
20.88 27.263 -1.521
