-2.58138 -2.28305 0.643282 -0.0604604
-5.657 5.96 -1.466
-5.641 5.981 -1.467
-5.652 6.03 -1.476
-5.648 6.063 -1.48
-5.645 6.098 -1.484
-5.656 6.149 -1.493
-5.65 6.181 -1.497
-5.668 6.22 -1.505
-5.679 6.272 -1.514
-5.666 6.297 -1.516
-3.185 31.149 -1.369
-3.09 31.193 -1.37
-2.994 31.218 -1.371
-2.901 31.285 -1.374
-2.806 31.324 -1.376
-2.712 31.388 -1.378
-2.665 31.419 -1.38
-2.571 31.482 -1.382
-2.476 31.544 -1.385
-2.379 31.574 -1.386
-2.284 31.641 -1.389
-2.188 31.694 -1.392
-2.09 31.73 -1.393
-2.044 31.789 -1.396
-1.947 31.847 -1.399
-1.849 31.887 -1.4
-1.752 31.953 -1.403
-1.658 32.074 -1.409
-1.56 32.141 -1.412
-1.463 32.221 -1.416
-1.415 32.281 -1.419
