30.979 -0.368639 -0.0675527 0.0131326
1.38 11.109 -1.652
1.396 11.101 -1.651
1.429 11.077 -1.648
1.457 11.022 -1.64
1.485 10.97 -1.633
1.515 10.93 -1.627
1.548 10.916 -1.625
1.568 10.931 -1.628
1.597 10.889 -1.622
1.632 10.895 -1.624
1.665 10.876 -1.622
1.697 10.861 -1.62
1.729 10.84 -1.618
1.765 10.849 -1.62
1.775 10.801 -1.613
1.812 10.817 -1.616
1.843 10.793 -1.614
1.876 10.782 -1.613
1.902 10.731 -1.605
1.94 10.744 -1.609
1.972 10.731 -1.607
1.989 10.727 -1.607
2.021 10.713 -1.606
2.056 10.713 -1.607
2.085 10.681 -1.603
2.117 10.667 -1.602
2.149 10.652 -1.6
2.18 10.634 -1.598
2.074 14.066 -1.619
2.081 13.964 -1.606
2.115 13.889 -1.598
2.153 13.849 -1.593
2.191 13.807 -1.589
2.226 13.749 -1.582
2.252 13.638 -1.569
2.306 13.698 -1.577
2.326 13.686 -1.576
2.367 13.669 -1.575
2.401 13.611 -1.568
2.866 17.819 -1.573
2.892 17.801 -1.571
2.935 17.713 -1.563
2.958 17.509 -1.544
3.003 17.443 -1.538
3.054 17.412 -1.536
3.108 17.394 -1.535
3.151 17.324 -1.529
3.176 17.303 -1.528
3.223 17.256 -1.524
3.276 17.24 -1.523
3.324 17.194 -1.52
30.829 6.935 -1.383
30.85 6.839 -1.383
30.764 6.718 -1.378
30.664 6.595 -1.371
30.585 6.478 -1.366
30.519 6.414 -1.362
30.494 6.308 -1.36
30.486 6.207 -1.359
30.433 6.096 -1.355
30.421 5.995 -1.353
30.397 5.891 -1.351
30.374 5.787 -1.349
30.34 5.731 -1.347
30.322 5.629 -1.345
30.312 5.529 -1.344
30.27 5.423 -1.341
30.248 5.321 -1.339
30.202 5.215 -1.335
30.194 5.116 -1.334
30.153 5.06 -1.332
