1.91969 -0.203913 0.0963472 -0.00604516
1.807 0.733 -0.773
1.793 0.72 -0.764
1.775 0.706 -0.754
1.775 0.7 -0.754
1.763 0.692 -0.747
1.755 0.682 -0.742
1.75 0.674 -0.739
1.727 0.658 -0.726
1.699 0.641 -0.711
1.924 2.142 -1.042
1.927 2.131 -1.039
1.926 2.117 -1.035
1.918 2.102 -1.028
1.917 2.088 -1.024
1.925 2.083 -1.024
1.913 2.058 -1.014
1.917 2.049 -1.013
1.924 2.043 -1.013
1.911 2.017 -1.001
1.903 2.004 -0.995
1.906 1.994 -0.993
1.907 1.982 -0.99
1.885 1.939 -0.878
1.886 1.928 -0.875
1.886 1.922 -0.874
1.874 1.897 -0.864
1.878 1.889 -0.862
1.883 1.883 -0.862
1.876 1.864 -0.856
1.873 1.848 -0.851
1.872 1.841 -0.849
1.869 1.828 -0.845
1.874 1.82 -0.844
1.873 1.808 -0.84
1.872 1.795 -0.837
1.871 1.783 -0.833
1.874 1.775 -0.832
1.863 1.759 -0.825
1.864 2.077 -0.805
1.866 2.065 -0.802
1.868 2.055 -0.8
1.861 2.041 -0.795
1.851 2.017 -0.787
1.859 2.012 -0.788
1.864 2.005 -0.787
1.856 1.984 -0.78
1.864 1.979 -0.781
1.856 1.958 -0.774
1.859 1.955 -0.774
1.858 1.942 -0.771
1.858 1.93 -0.767
1.853 1.913 -0.762
1.859 1.907 -0.762
1.851 1.886 -0.755
1.845 1.874 -0.751
1.854 2.042 -0.699
1.846 2.021 -0.693
1.851 2.014 -0.692
1.856 2.006 -0.692
1.848 1.985 -0.686
1.86 1.985 -0.688
1.857 1.969 -0.684
1.848 1.954 -0.679
1.838 1.932 -0.672
1.853 1.936 -0.676
1.849 1.919 -0.671
1.842 1.901 -0.666
1.848 1.895 -0.666
1.842 1.877 -0.661
1.838 1.867 -0.658
1.836 1.853 -0.655
1.854 1.86 -0.66
1.841 1.835 -0.652
1.835 1.819 -0.647
1.861 2.088 -0.606
1.851 2.063 -0.6
1.86 2.06 -0.601
1.857 2.044 -0.597
1.858 2.033 -0.595
1.849 2.017 -0.591
1.853 2.009 -0.59
1.85 1.993 -0.586
1.855 1.986 -0.586
1.852 1.97 -0.582
1.855 1.961 -0.581
1.845 1.945 -0.576
1.85 1.937 -0.576
1.844 1.919 -0.571
1.848 1.912 -0.571
1.847 1.899 -0.568
1.847 1.887 -0.566
1.843 1.871 -0.562
1.844 1.867 -0.562
1.837 1.848 -0.557
1.84 1.839 -0.556
1.848 1.745 -0.466
1.843 1.734 -0.463
1.847 1.727 -0.463
1.839 1.709 -0.459
1.836 1.695 -0.456
1.842 1.689 -0.456
1.844 1.681 -0.455
1.836 1.663 -0.451
1.848 1.668 -0.454
1.834 1.645 -0.448
1.848 1.647 -0.451
1.847 1.636 -0.449
1.84 1.619 -0.445
1.832 1.601 -0.441
1.847 1.605 -0.444
1.822 1.577 -0.435
1.832 1.577 -0.437
1.828 1.563 -0.434
1.83 1.555 -0.433
1.826 1.541 -0.431
1.83 1.534 -0.43
1.827 1.522 -0.428
1.821 1.512 -0.425
1.833 1.512 -0.427
1.833 1.503 -0.426
1.826 1.487 -0.423
1.822 1.474 -0.42
1.82 1.463 -0.418
1.807 1.448 -0.413
2.441 6.467 -1.04
2.459 6.453 -1.039
2.423 6.33 -1.018
2.41 6.24 -1.003
2.404 6.166 -0.991
2.397 6.092 -0.979
0.743999 13.112 -1.48
0.782999 13.066 -1.475
0.803999 13.066 -1.475
0.843999 13.048 -1.473
0.881999 13.015 -1.469
0.923999 13.015 -1.469
0.962999 12.996 -1.467
1.001 12.959 -1.463
1.042 12.952 -1.463
1.058 12.899 -1.456
1.099 12.903 -1.457
1.139 12.9 -1.457
1.18 12.894 -1.457
1.216 12.841 -1.45
1.254 12.819 -1.448
1.295 12.817 -1.448
1.312 12.794 -1.446
1.353 12.797 -1.447
1.393 12.789 -1.446
1.43 12.753 -1.442
1.468 12.729 -1.44
1.505 12.703 -1.437
1.522 12.68 -1.434
1.561 12.662 -1.432
1.602 12.667 -1.434
1.64 12.648 -1.432
1.675 12.611 -1.428
