-7.01031 0.968662 -0.0570375 0.000852515
-3.7 3.719 -1.873
-3.693 3.736 -1.876
-3.691 3.757 -1.881
-3.685 3.775 -1.884
-3.688 3.802 -1.892
-3.683 3.821 -1.897
-3.678 3.84 -1.9
-3.686 3.86 -1.908
-3.688 3.887 -1.916
-3.681 3.904 -1.919
-3.671 3.918 -1.92
-3.665 3.937 -1.924
-3.665 4.452 -1.843
-3.665 4.481 -1.851
-3.664 4.509 -1.858
-3.669 4.529 -1.865
-3.672 4.563 -1.874
-3.668 4.588 -1.88
-3.668 4.617 -1.888
-3.67 4.65 -1.897
-3.172 4.789 -1.656
-3.172 4.821 -1.665
-3.164 4.842 -1.669
-3.163 4.875 -1.677
-3.174 4.925 -1.692
-3.193 4.971 -1.707
-4.323 19.403 -1.752
-4.271 19.456 -1.756
-4.213 19.487 -1.758
-4.157 19.521 -1.76
-4.101 19.563 -1.763
-4.046 19.603 -1.766
-3.981 19.602 -1.765
-3.96 19.657 -1.769
-3.937 19.863 -1.789
-3.903 20.018 -1.803
-3.84 20.032 -1.803
-4.063 25.221 -1.681
-4.036 25.56 -1.706
-4.037 26.097 -1.745
-4.045 26.425 -1.769
-3.995 26.65 -1.784
