2.16208 -0.455771 0.082158 -0.00321115
3.833 5.876 -1.965
3.836 5.84 -1.956
3.842 5.809 -1.949
3.837 5.782 -1.942
3.838 5.745 -1.933
3.841 5.71 -1.925
3.853 5.69 -1.922
3.87 5.677 -1.921
3.886 5.661 -1.92
3.893 5.633 -1.915
3.167 6.235 -1.777
3.166 6.185 -1.765
3.149 6.129 -1.749
3.149 6.081 -1.738
3.164 6.062 -1.735
3.179 6.044 -1.732
3.194 6.027 -1.73
3.197 5.986 -1.721
6.446 6.002 -1.917
6.447 5.965 -1.911
6.432 5.932 -1.904
6.419 5.883 -1.894
6.44 5.865 -1.895
6.423 5.812 -1.883
6.431 5.783 -1.88
6.434 5.749 -1.876
6.425 5.705 -1.867
3.846 12.903 -2.013
3.877 12.861 -2.008
3.914 12.837 -2.006
3.92 12.713 -1.988
3.908 12.602 -1.97
3.92 12.502 -1.956
6.455 9.311 -1.25
6.451 9.243 -1.242
6.474 9.215 -1.241
6.481 9.164 -1.236
6.573 9.262 -1.253
6.482 9.074 -1.227
6.469 8.997 -1.218
6.461 8.927 -1.21
6.472 8.882 -1.206
6.487 8.844 -1.204
6.464 8.756 -1.193
6.404 9.846 -1.026
6.406 9.783 -1.02
6.425 9.744 -1.018
6.406 9.683 -1.012
6.429 9.651 -1.01
6.405 9.55 -1
6.421 9.51 -0.997
6.42 9.444 -0.992
6.464 9.445 -0.994
6.394 9.281 -0.976
6.405 10.892 -0.813
6.415 10.831 -0.809
6.396 10.761 -0.803
6.409 10.707 -0.8
6.413 10.637 -0.795
6.428 10.586 -0.792
6.459 10.563 -0.792
6.417 10.422 -0.781
6.408 10.334 -0.774
6.416 10.31 -0.773
6.444 10.283 -0.772
6.429 10.189 -0.765
6.433 10.125 -0.761
6.566 22.828 -0.989
6.566 22.559 -0.976
6.511 22.109 -0.954
6.483 21.886 -0.943
6.489 21.655 -0.932
