-111.439 25.6368 -1.9071 0.0467567
1.343 9.092 -1.655
1.37 9.073 -1.652
1.399 9.072 -1.653
1.425 9.054 -1.65
1.452 9.042 -1.649
1.475 9 -1.641
1.499 8.969 -1.636
1.506 8.928 -1.628
1.527 8.88 -1.62
1.554 8.87 -1.619
1.58 8.855 -1.617
1.607 8.844 -1.616
1.634 8.835 -1.615
1.657 8.803 -1.61
1.676 8.829 -1.615
1.703 8.818 -1.614
1.729 8.807 -1.613
1.75 8.767 -1.606
1.785 8.798 -1.614
1.811 8.783 -1.612
1.831 8.74 -1.604
2.003 13.593 -1.558
2.035 13.373 -1.531
2.07 13.32 -1.525
2.107 13.286 -1.521
2.152 13.297 -1.524
2.191 13.274 -1.521
2.228 13.238 -1.518
2.243 13.205 -1.514
2.282 13.181 -1.512
2.305 13.07 -1.498
2.574 17.016 -1.49
2.613 16.912 -1.481
2.644 16.764 -1.467
2.694 16.74 -1.465
2.725 16.761 -1.468
2.772 16.723 -1.465
2.816 16.659 -1.459
2.868 16.648 -1.459
2.914 16.608 -1.456
2.963 16.579 -1.454
2.991 16.582 -1.455
3.031 16.51 -1.449
3.086 16.516 -1.45
3.133 16.481 -1.448
3.181 16.45 -1.445
3.221 16.383 -1.44
3.273 16.373 -1.44
3.293 16.342 -1.437
3.344 16.33 -1.437
3.39 16.292 -1.434
3.433 16.244 -1.431
3.825 21.435 -1.403
3.849 21.182 -1.385
3.91 21.136 -1.383
3.969 21.088 -1.38
4.003 21.086 -1.38
4.056 21.005 -1.375
4.117 20.963 -1.373
4.18 20.938 -1.372
4.234 20.868 -1.368
4.299 20.849 -1.367
4.354 20.784 -1.363
4.383 20.76 -1.362
4.447 20.742 -1.362
4.504 20.693 -1.359
4.563 20.648 -1.357
4.618 20.59 -1.354
4.672 20.527 -1.35
