3.19783 -0.102214 0.00172826 2.08444e-05
0.921 6.597 -1.687
0.935 6.55 -1.675
0.958 6.559 -1.678
0.975 6.533 -1.672
0.993 6.51 -1.666
1.011 6.492 -1.662
1.029 6.473 -1.658
1.039 6.47 -1.657
1.056 6.446 -1.652
1.071 6.414 -1.644
1.094 6.426 -1.648
1.115 6.43 -1.65
1.133 6.411 -1.646
1.142 6.402 -1.644
1.162 6.4 -1.644
1.177 6.37 -1.637
1.195 6.351 -1.633
1.217 6.36 -1.636
1.234 6.343 -1.633
1.25 6.315 -1.626
0.897 9.12 -1.65
0.922 9.084 -1.643
0.932 9.037 -1.635
0.961 9.044 -1.636
0.989 9.035 -1.635
1.015 9.014 -1.632
1.037 8.949 -1.62
1.064 8.943 -1.619
1.09 8.919 -1.615
1.106 8.933 -1.618
1.13 8.896 -1.612
1.157 8.886 -1.611
1.181 8.852 -1.604
1.207 8.836 -1.602
1.238 8.856 -1.607
1.265 8.844 -1.605
1.278 8.84 -1.605
1.303 8.811 -1.6
1.332 8.818 -1.602
1.356 8.793 -1.598
1.378 8.75 -1.59
1.402 8.726 -1.587
1.417 8.727 -1.587
1.443 8.713 -1.585
1.472 8.72 -1.588
1.498 8.71 -1.587
1.517 8.653 -1.576
2.63 6.274 -1.022
2.626 6.21 -1.012
2.62 6.142 -1.001
2.625 6.129 -0.999
2.619 6.062 -0.988
2.617 6.005 -0.979
2.625 5.974 -0.975
2.631 5.937 -0.97
1.627 13.899 -1.59
1.668 13.872 -1.588
1.705 13.813 -1.581
1.727 13.815 -1.581
1.76 13.727 -1.571
1.8 13.697 -1.568
1.835 13.637 -1.561
1.874 13.599 -1.556
1.908 13.534 -1.549
1.949 13.519 -1.548
1.966 13.49 -1.544
2.004 13.45 -1.54
1.716 17.992 -1.575
1.74 17.948 -1.571
1.795 17.925 -1.569
1.843 17.844 -1.562
1.894 17.784 -1.556
1.944 17.727 -1.551
1.995 17.677 -1.547
2.012 17.577 -1.538
2.057 17.484 -1.529
2.103 17.402 -1.521
1.384 24.204 -1.585
1.453 24.086 -1.577
1.522 23.976 -1.569
1.553 23.866 -1.561
1.621 23.761 -1.554
1.689 23.666 -1.547
1.762 23.637 -1.545
1.833 23.59 -1.542
1.905 23.552 -1.54
1.976 23.51 -1.537
2.011 23.491 -1.536
2.078 23.405 -1.53
2.039 34.041 -1.509
2.139 33.923 -1.503
2.226 33.615 -1.488
2.279 33.621 -1.488
2.377 33.503 -1.483
2.476 33.413 -1.479
2.575 33.322 -1.475
2.666 33.144 -1.466
2.75 32.887 -1.453
