-86.8985 20.986 -1.15494 -0.0106744
0.370999 17.413 -1.511
0.423999 17.346 -1.504
0.477999 17.311 -1.501
0.530999 17.283 -1.498
0.584999 17.248 -1.495
0.609999 17.189 -1.489
0.662999 17.163 -1.487
0.716999 17.155 -1.486
0.768999 17.111 -1.482
0.820999 17.073 -1.479
0.873999 17.064 -1.478
0.926999 17.042 -1.476
0.950999 16.992 -1.471
1.005 17.007 -1.473
1.059 17.008 -1.474
1.11 16.973 -1.47
1.162 16.945 -1.468
1.214 16.926 -1.467
1.24 16.916 -1.466
1.291 16.888 -1.463
1.342 16.858 -1.461
4.301 24.696 -0.449
4.308 24.283 -0.438
4.317 23.891 -0.428
4.33 23.541 -0.419
4.344 23.201 -0.411
4.354 22.86 -0.402
4.364 22.522 -0.394
