-0.2374 1.21525 -0.122149 0.0035549
1.939 14.569 -1.681
1.984 14.553 -1.679
2.03 14.549 -1.68
2.07 14.507 -1.675
2.11 14.459 -1.67
2.148 14.406 -1.664
2.164 14.361 -1.658
2.202 14.303 -1.652
2.246 14.292 -1.651
2.289 14.274 -1.65
2.333 14.264 -1.649
2.374 14.235 -1.647
2.419 14.226 -1.646
2.443 14.234 -1.648
2.482 14.195 -1.644
2.535 14.232 -1.65
2.571 14.177 -1.644
2.615 14.165 -1.643
2.657 14.141 -1.641
2.673 14.106 -1.637
2.72 14.113 -1.639
2.754 14.05 -1.632
2.799 14.045 -1.632
2.836 14.001 -1.628
2.441 18.059 -1.59
2.479 17.919 -1.577
2.527 17.852 -1.571
2.544 17.765 -1.563
2.599 17.755 -1.562
2.651 17.719 -1.56
2.708 17.723 -1.561
2.758 17.679 -1.557
2.813 17.664 -1.557
2.865 17.632 -1.554
2.894 17.639 -1.556
2.943 17.591 -1.552
2.996 17.569 -1.55
3.045 17.523 -1.547
3.097 17.497 -1.545
3.143 17.435 -1.54
3.261 23.076 -1.516
3.325 23.001 -1.511
3.344 22.633 -1.485
3.402 22.53 -1.478
3.441 22.55 -1.48
3.509 22.521 -1.478
3.574 22.475 -1.476
3.642 22.45 -1.475
3.706 22.393 -1.471
3.773 22.363 -1.47
3.804 22.336 -1.468
3.87 22.3 -1.466
5.498 30.612 -1.358
5.588 30.561 -1.356
5.621 30.204 -1.339
5.707 30.139 -1.337
5.786 30.038 -1.332
5.819 29.957 -1.329
5.898 29.86 -1.325
5.982 29.79 -1.322
6.068 29.738 -1.32
6.148 29.654 -1.317
6.232 29.59 -1.315
6.323 29.562 -1.314
6.342 29.421 -1.308
