336.778 -55.0716 2.94175 -0.0511753
3.942 0.25 -1.548
3.925 0.236 -1.54
3.903 0.223 -1.531
3.875 0.209 -1.518
3.842 0.196 -1.504
3.797 0.182 -1.485
1.02 5.286 -1.713
1.023 5.257 -1.703
1.038 5.246 -1.701
1.052 5.232 -1.697
1.071 5.241 -1.702
1.087 5.234 -1.7
1.101 5.222 -1.697
1.107 5.209 -1.693
1.121 5.194 -1.689
1.137 5.189 -1.689
1.153 5.185 -1.689
1.167 5.172 -1.685
1.181 5.157 -1.682
1.195 5.143 -1.678
1.204 5.146 -1.68
1.218 5.133 -1.676
1.236 5.137 -1.679
1.251 5.129 -1.678
1.268 5.127 -1.678
1.284 5.123 -1.678
1.294 5.097 -1.671
1.302 5.093 -1.67
1.317 5.087 -1.669
1.329 5.068 -1.664
1.349 5.079 -1.669
1.363 5.067 -1.667
1.378 5.058 -1.665
1.388 5.035 -1.658
0.395999 11.678 -1.73
0.432999 11.665 -1.728
0.469 11.659 -1.728
0.483999 11.584 -1.716
0.518 11.527 -1.707
0.552999 11.484 -1.7
0.588 11.466 -1.698
0.626 11.5 -1.704
0.66 11.466 -1.699
0.696 11.46 -1.698
0.714 11.451 -1.697
0.749 11.439 -1.695
0.784 11.417 -1.692
0.819 11.402 -1.69
0.853999 11.39 -1.689
0.889 11.377 -1.687
0.904999 11.36 -1.684
0.943 11.375 -1.687
0.976 11.35 -1.684
1.01 11.327 -1.681
1.047 11.332 -1.682
1.082 11.323 -1.681
1.116 11.304 -1.678
0.644999 15.043 -1.726
0.664999 14.979 -1.718
0.706999 14.872 -1.705
0.750999 14.814 -1.698
0.799999 14.853 -1.703
0.845999 14.844 -1.702
0.885999 14.735 -1.689
0.959999 14.796 -1.697
0.997999 14.676 -1.682
1.05 14.752 -1.692
1.096 14.742 -1.691
1.14 14.705 -1.687
1.184 14.676 -1.684
1.228 14.652 -1.681
1.251 14.645 -1.681
1.296 14.629 -1.679
1.339 14.597 -1.675
0.892999 19.283 -1.696
0.945999 19.115 -1.68
1.003 19.055 -1.674
1.059 18.978 -1.667
1.087 18.954 -1.665
1.144 18.903 -1.66
1.203 18.897 -1.66
1.259 18.838 -1.654
1.315 18.792 -1.65
1.376 18.806 -1.652
1.404 18.786 -1.65
1.462 18.765 -1.649
1.518 18.721 -1.645
1.129 25.369 -1.67
1.169 25.373 -1.67
1.244 25.258 -1.662
1.31 24.997 -1.643
1.385 24.933 -1.639
1.459 24.845 -1.633
1.532 24.766 -1.627
1.607 24.71 -1.623
1.639 24.612 -1.616
5.658 30.138 -1.336
5.614 29.392 -1.299
5.62 28.927 -1.276
