-2.03227 0.351437 -0.0873024 0.00252089
-3.877 27 -1.166
-3.805 27.107 -1.171
-3.723 27.138 -1.172
-3.645 27.201 -1.174
-3.608 27.257 -1.177
-3.53 27.325 -1.18
-3.449 27.376 -1.182
-3.364 27.391 -1.182
-3.28 27.421 -1.183
-3.197 27.455 -1.184
-3.119 27.542 -1.188
-3.078 27.565 -1.189
-2.995 27.608 -1.191
-2.912 27.647 -1.192
-2.825 27.662 -1.193
-2.743 27.717 -1.195
-2.663 27.795 -1.198
-2.578 27.835 -1.2
-2.542 27.922 -1.204
-2.458 27.972 -1.206
-2.377 28.057 -1.21
-2.29 28.078 -1.211
-2.207 28.155 -1.215
-2.122 28.2 -1.216
-2.081 28.243 -1.218
-1.993 28.265 -1.219
