-10.655 -2.88274 1.7225 -0.202265
-11.335 10.348 -1.685
-11.312 10.391 -1.686
-11.286 10.433 -1.688
-11.25 10.466 -1.687
-11.229 10.512 -1.689
-11.216 10.533 -1.69
-11.194 10.579 -1.692
-11.148 10.601 -1.689
-11.124 10.646 -1.691
-11.108 10.697 -1.694
-11.084 10.742 -1.696
-11.069 10.795 -1.699
-11.051 10.811 -1.699
-11.037 10.865 -1.702
-11.008 10.905 -1.703
-11.009 10.974 -1.709
-11 11.034 -1.714
-10.969 11.073 -1.714
-10.969 11.143 -1.72
-10.981 11.19 -1.725
-10.957 11.235 -1.727
-10.952 11.301 -1.733
-10.909 11.328 -1.732
-10.871 11.36 -1.731
-10.846 11.405 -1.733
-10.824 11.454 -1.735
