-5.21647 -1.4538 0.609726 -0.0555926
-3.801 5.806 -1.942
-3.82 5.855 -1.957
-3.82 5.896 -1.968
-3.833 5.957 -1.985
-3.832 5.996 -1.994
-3.337 5.793 -1.694
-3.329 5.821 -1.699
-3.315 5.839 -1.701
-3.32 5.868 -1.709
-3.31 5.894 -1.714
-3.307 5.933 -1.722
-3.333 6.022 -1.747
-4.4 7.03 -0.92
-4.383 7.151 -0.932
-4.383 7.202 -0.938
-4.374 7.238 -0.942
-4.385 7.282 -0.947
-4.374 7.316 -0.951
-4.367 7.357 -0.955
-4.365 7.405 -0.96
-4.364 7.457 -0.966
-4.354 7.493 -0.97
-4.357 7.553 -0.977
-6.298 21.224 -1.974
-6.241 21.276 -1.978
-6.221 21.333 -1.983
-6.171 21.412 -1.989
-6.103 21.426 -1.988
-6.076 21.588 -2.003
-6.073 21.839 -2.026
-2.158 28.124 -1.877
-2.072 28.17 -1.88
-1.987 28.22 -1.883
-1.899 28.244 -1.885
-1.814 28.298 -1.888
-1.728 28.353 -1.892
-1.686 28.402 -1.895
-1.602 28.499 -1.902
-1.517 28.587 -1.908
-1.431 28.667 -1.914
-1.344 28.732 -1.918
-1.257 28.803 -1.923
-1.215 28.901 -1.93
