-1.08201 -2.87175 0.509961 -0.0305528
-6.532 4.384 -1.124
-6.533 4.399 -1.125
-6.532 4.429 -1.128
-6.525 4.454 -1.129
-6.532 4.488 -1.133
-6.529 4.517 -1.135
-6.522 4.542 -1.137
-6.533 4.58 -1.142
-6.539 4.6 -1.144
-6.538 4.629 -1.147
-6.538 4.66 -1.149
-6.532 4.687 -1.151
-6.539 4.723 -1.155
-6.535 4.751 -1.158
-6.536 4.784 -1.161
-6.546 4.807 -1.164
-6.539 4.833 -1.166
-6.533 4.861 -1.168
-6.537 4.895 -1.171
-6.537 4.928 -1.175
-3.111 13.453 -1.241
-3.097 13.491 -1.245
-3.082 13.621 -1.257
-3.074 13.786 -1.274
-3.098 14.105 -1.307
