-203.749 151.757 -34.1459 2.43332
3.084 0.629 -1.24
3.043 0.611 -1.221
3.031 0.598 -1.215
3.043 0.591 -1.22
3.004 0.573 -1.201
2.981 0.564 -1.191
2.976 0.553 -1.188
3.208 5.009 -1.905
3.157 4.895 -1.863
3.15 4.852 -1.85
3.157 4.83 -1.845
3.157 4.814 -1.84
3.164 4.791 -1.835
3.169 4.765 -1.828
3.229 4.6 -1.618
3.206 4.537 -1.598
3.149 4.425 -1.559
3.164 4.43 -1.183
3.162 4.398 -1.176
3.161 4.368 -1.17
3.167 4.347 -1.167
3.169 4.321 -1.162
3.167 4.291 -1.156
3.161 4.269 -1.151
3.162 4.242 -1.146
3.167 4.221 -1.143
3.166 4.192 -1.137
3.166 4.165 -1.132
13.585 3.254 -1.258
13.491 3.187 -1.247
13.417 3.125 -1.238
13.396 3.076 -1.234
13.32 3.015 -1.225
13.283 2.962 -1.22
13.224 2.906 -1.213
13.161 2.87 -1.206
