-4.86708 3.41432 -0.326956 0.010187
2.911 4.101 -1.435
2.888 4.041 -1.416
2.841 3.961 -1.388
2.831 3.921 -1.376
2.84 3.908 -1.374
3.911 7.683 -1.874
3.927 7.655 -1.87
3.943 7.627 -1.866
3.955 7.592 -1.86
3.96 7.543 -1.85
3.959 7.513 -1.844
3.962 7.461 -1.834
3.97 7.419 -1.826
3.975 7.372 -1.817
6.644 5.224 -0.738
6.545 5.112 -0.721
6.501 5.061 -0.714
6.515 5.04 -0.714
6.487 4.985 -0.708
6.485 4.952 -0.705
6.493 4.925 -0.704
6.504 4.901 -0.703
6.504 4.885 -0.702
6.481 4.836 -0.697
6.482 4.805 -0.695
6.484 4.775 -0.693
6.499 4.754 -0.693
6.507 4.729 -0.692
6.501 4.694 -0.69
6.505 4.681 -0.689
6.505 4.65 -0.687
3.531 19.421 -1.253
3.578 19.333 -1.247
3.553 18.863 -1.213
3.587 18.719 -1.203
6.56 12.907 -0.616
6.557 12.85 -0.613
6.549 12.738 -0.607
6.557 12.655 -0.603
6.545 12.535 -0.597
6.589 12.523 -0.597
6.573 12.399 -0.591
6.614 12.381 -0.591
6.55 12.216 -0.581
6.558 12.141 -0.577
6.573 12.077 -0.575
6.574 11.99 -0.57
6.555 11.868 -0.564
