276.532 -54.7993 3.28565 -0.0521874
10.214 2.799 -1.556
10.232 2.769 -1.558
10.027 2.679 -1.523
10.005 2.64 -1.518
10.009 2.624 -1.518
9.991 2.585 -1.513
9.972 2.547 -1.509
9.961 2.511 -1.506
9.957 2.477 -1.504
2.236 14.677 -1.7
2.241 14.554 -1.684
2.278 14.492 -1.677
2.312 14.415 -1.668
2.351 14.374 -1.664
2.392 14.341 -1.66
2.434 14.316 -1.658
2.451 14.279 -1.654
2.474 14.146 -1.637
3.254 18.733 -1.667
3.269 18.474 -1.643
3.317 18.406 -1.637
3.373 18.39 -1.636
3.395 18.348 -1.633
3.457 18.356 -1.635
3.497 18.252 -1.625
3.548 18.209 -1.622
3.587 18.108 -1.613
21.575 7.108 -1.472
21.508 7.011 -1.466
21.435 6.912 -1.458
21.357 6.85 -1.451
21.361 6.777 -1.45
21.325 6.692 -1.446
21.294 6.609 -1.442
21.296 6.536 -1.44
21.29 6.461 -1.438
21.266 6.417 -1.435
21.284 6.35 -1.435
21.284 6.277 -1.434
21.254 6.196 -1.43
21.254 6.124 -1.429
21.27 6.056 -1.428
21.271 5.984 -1.427
21.263 5.946 -1.426
21.284 5.879 -1.426
21.279 5.806 -1.424
21.276 5.734 -1.422
21.294 5.667 -1.422
21.287 5.593 -1.42
