1.62006 0.202121 0.00439581 -7.8903e-05
3.501 8.145 -1.592
3.512 8.065 -1.579
3.533 8.043 -1.576
3.552 8.019 -1.574
3.572 7.996 -1.571
3.605 8.002 -1.575
3.641 8.014 -1.58
3.665 8.001 -1.579
3.669 7.976 -1.575
3.694 7.964 -1.575
3.717 7.949 -1.574
3.739 7.932 -1.573
3.769 7.931 -1.576
3.793 7.915 -1.575
3.811 7.889 -1.572
3.821 7.88 -1.571
3.838 7.85 -1.567
3.865 7.843 -1.568
3.889 7.831 -1.568
3.9 7.79 -1.562
3.922 7.773 -1.561
3.944 7.755 -1.56
3.944 7.726 -1.555
3.96 7.698 -1.552
3.987 7.691 -1.553
4.004 7.664 -1.55
4.022 7.64 -1.547
4.045 7.625 -1.547
4.042 7.562 -1.536
4.338 9.618 -1.55
4.358 9.582 -1.546
4.387 9.565 -1.546
4.409 9.533 -1.543
4.433 9.507 -1.54
4.463 9.495 -1.541
4.467 9.464 -1.537
4.495 9.445 -1.536
4.526 9.434 -1.536
4.538 9.383 -1.53
4.556 9.345 -1.526
4.578 9.317 -1.523
4.592 9.27 -1.518
4.599 9.249 -1.515
4.615 9.208 -1.51
4.636 9.178 -1.507
4.663 9.159 -1.507
4.692 9.145 -1.507
4.703 9.095 -1.501
4.725 9.068 -1.498
4.825 12.759 -1.545
4.859 12.729 -1.543
4.888 12.684 -1.539
4.922 12.654 -1.537
4.955 12.621 -1.535
4.974 12.612 -1.535
4.993 12.545 -1.528
5.016 12.488 -1.522
5.042 12.439 -1.517
5.073 12.405 -1.515
5.117 12.402 -1.517
5.146 12.362 -1.513
5.17 12.365 -1.515
5.2 12.327 -1.512
5.235 12.303 -1.511
5.278 12.296 -1.512
5.317 12.281 -1.512
5.346 12.242 -1.509
5.382 12.218 -1.508
5.402 12.161 -1.503
5.412 12.131 -1.5
5.454 12.125 -1.501
5.472 12.063 -1.495
5.502 12.029 -1.493
6.162 16.342 -1.515
6.182 16.24 -1.507
6.206 16.15 -1.499
6.235 16.075 -1.493
6.284 16.05 -1.493
6.309 15.967 -1.486
6.347 15.988 -1.489
6.391 15.954 -1.488
6.438 15.924 -1.487
6.476 15.874 -1.484
6.511 15.819 -1.48
6.56 15.797 -1.48
6.598 15.748 -1.477
6.604 15.692 -1.472
6.635 15.629 -1.468
6.654 15.539 -1.46
7.808 21.647 -1.494
7.826 21.484 -1.484
7.863 21.375 -1.477
7.909 21.294 -1.472
7.946 21.189 -1.466
8.014 21.167 -1.466
8.039 21.134 -1.465
8.104 21.105 -1.465
8.173 21.085 -1.465
8.219 21.009 -1.461
8.259 20.917 -1.456
8.287 20.796 -1.448
8.323 20.696 -1.442
8.328 20.614 -1.437
10.209 29.645 -1.371
10.274 29.532 -1.366
10.337 29.416 -1.362
10.317 29.212 -1.352
10.373 29.079 -1.347
10.441 28.981 -1.343
10.505 28.873 -1.339
10.589 28.821 -1.338
10.642 28.686 -1.333
10.702 28.572 -1.328
10.706 28.449 -1.323
10.728 28.236 -1.313
