1.57901 -0.318704 0.041993 -0.00130369
5.97 2.524 -1.638
5.949 2.504 -1.631
5.907 2.464 -1.616
5.94 2.456 -1.623
5.917 2.425 -1.614
5.912 2.401 -1.611
5.907 2.356 -1.605
5.89 2.317 -1.597
5.834 2.273 -1.578
5.776 3.074 -0.978
5.771 3.049 -0.975
5.762 3.032 -0.973
5.766 3.012 -0.972
5.757 2.984 -0.968
5.754 2.959 -0.966
5.765 2.942 -0.966
5.751 2.912 -0.962
5.765 2.897 -0.963
5.749 2.877 -0.959
5.747 2.854 -0.957
5.744 2.83 -0.955
5.747 2.809 -0.954
5.742 2.784 -0.951
5.749 2.765 -0.951
5.737 2.749 -0.948
5.742 2.729 -0.947
5.74 2.706 -0.945
5.734 2.681 -0.942
5.737 2.661 -0.941
5.735 2.638 -0.939
5.727 2.613 -0.936
5.724 2.6 -0.935
5.728 2.581 -0.934
5.715 2.553 -0.93
5.728 2.538 -0.931
5.725 2.515 -0.929
5.711 2.488 -0.925
5.776 2.966 -0.75
5.762 2.936 -0.746
5.76 2.923 -0.745
5.771 2.906 -0.746
5.766 2.88 -0.743
5.76 2.855 -0.741
5.757 2.831 -0.739
5.748 2.804 -0.736
5.739 2.777 -0.733
5.751 2.772 -0.734
5.754 2.751 -0.733
5.746 2.725 -0.731
5.744 2.702 -0.729
5.731 2.674 -0.726
5.736 2.654 -0.725
5.746 2.637 -0.725
5.738 2.622 -0.723
5.73 2.597 -0.721
5.731 2.575 -0.72
5.733 2.555 -0.719
5.73 2.532 -0.717
5.737 2.513 -0.717
5.734 2.491 -0.715
5.727 2.477 -0.713
5.725 2.455 -0.712
5.726 2.434 -0.711
5.719 2.41 -0.708
5.715 2.387 -0.707
5.725 2.37 -0.707
5.71 2.343 -0.703
5.703 2.329 -0.702
5.708 2.31 -0.701
5.708 2.289 -0.7
1.641 17.791 -1.555
1.697 17.79 -1.555
1.752 17.781 -1.555
1.796 17.65 -1.542
1.842 17.556 -1.534
1.864 17.499 -1.528
1.914 17.448 -1.524
1.968 17.436 -1.523
2.015 17.366 -1.517
2.068 17.342 -1.515
2.121 17.324 -1.514
2.177 17.329 -1.515
2.199 17.282 -1.511
2.249 17.243 -1.508
2.3 17.214 -1.506
2.356 17.219 -1.507
2.407 17.194 -1.505
2.46 17.176 -1.504
2.147 22.948 -1.497
2.218 22.933 -1.496
2.252 22.902 -1.494
2.36 22.546 -1.469
2.43 22.527 -1.468
2.498 22.497 -1.467
2.557 22.384 -1.459
2.626 22.362 -1.458
2.658 22.332 -1.456
2.724 22.296 -1.454
2.79 22.254 -1.451
2.857 22.217 -1.449
2.92 22.157 -1.445
3.023 31.384 -1.38
3.108 31.239 -1.373
3.146 31.125 -1.367
3.228 30.962 -1.36
3.315 30.856 -1.355
3.411 30.836 -1.354
3.5 30.758 -1.351
3.593 30.717 -1.349
3.636 30.665 -1.347
3.723 30.576 -1.343
3.808 30.477 -1.339
3.899 30.424 -1.337
3.981 30.308 -1.331
4.074 30.28 -1.331
4.162 30.217 -1.328
