2.49053 0.776429 -0.410051 0.0440365
2.201 2.573 -1.343
2.205 2.561 -1.34
2.198 2.537 -1.33
2.204 2.528 -1.329
2.204 2.511 -1.323
2.195 2.484 -1.312
2.188 2.469 -1.305
2.194 2.46 -1.304
2.196 2.447 -1.3
2.199 2.434 -1.297
2.207 2.429 -1.298
2.194 2.398 -1.285
2.254 3.08 -1.1
2.256 3.064 -1.097
2.253 3.04 -1.09
2.244 3.018 -1.083
2.253 3.009 -1.082
2.245 2.98 -1.073
2.243 2.957 -1.067
2.244 2.94 -1.062
2.242 2.919 -1.057
2.239 2.896 -1.05
2.06 7.677 -1.718
2.085 7.673 -1.719
2.099 7.628 -1.71
2.114 7.592 -1.702
2.128 7.549 -1.694
2.138 7.537 -1.692
2.159 7.52 -1.689
2.179 7.504 -1.687
2.204 7.501 -1.688
2.233 7.511 -1.692
2.255 7.498 -1.691
2.262 7.482 -1.688
2.287 7.478 -1.688
2.31 7.469 -1.688
2.33 7.451 -1.685
2.345 7.416 -1.678
2.367 7.406 -1.678
2.388 7.39 -1.676
2.4 7.389 -1.677
2.421 7.373 -1.674
2.44 7.354 -1.672
2.459 7.333 -1.669
2.481 7.322 -1.668
6.96 7.732 -1.204
6.96 7.683 -1.199
6.885 7.575 -1.181
6.831 7.469 -1.166
6.743 7.326 -1.144
7.078 7.94 -0.713
6.958 7.78 -0.696
6.884 7.648 -0.684
6.798 7.503 -0.669
6.725 7.376 -0.657
7.352 8.416 -0.489
7.305 8.309 -0.482
7.205 8.144 -0.47
7.116 7.991 -0.459
7.029 7.844 -0.449
6.935 7.689 -0.438
