45.1624 -3.75237 -0.0457379 0.00653846
1.182 6.51 -1.675
1.197 6.478 -1.667
1.214 6.459 -1.663
1.236 6.463 -1.665
1.254 6.445 -1.661
1.266 6.4 -1.65
1.276 6.396 -1.649
1.294 6.382 -1.646
1.309 6.356 -1.64
1.316 6.285 -1.622
1.901 13.485 -1.543
1.92 13.465 -1.54
1.951 13.382 -1.53
1.983 13.313 -1.522
2.022 13.285 -1.519
2.043 13.149 -1.503
2.093 13.196 -1.51
2.131 13.168 -1.507
2.135 13.063 -1.494
2.184 13.105 -1.5
2.224 13.09 -1.499
2.249 12.995 -1.487
5.344 13.473 -1.313
5.371 13.42 -1.308
5.41 13.393 -1.307
5.43 13.383 -1.307
5.465 13.349 -1.305
5.501 13.317 -1.304
5.53 13.269 -1.3
5.58 13.272 -1.302
5.603 13.21 -1.297
5.645 13.194 -1.298
5.655 13.16 -1.295
5.686 13.12 -1.292
5.719 13.082 -1.29
5.753 13.05 -1.288
5.794 13.031 -1.288
5.819 12.977 -1.284
5.853 12.944 -1.283
5.858 12.9 -1.279
5.896 12.877 -1.278
5.929 12.842 -1.276
5.961 12.807 -1.274
5.979 12.739 -1.269
6.01 12.703 -1.267
6.048 12.68 -1.266
6.068 12.671 -1.266
6.094 12.623 -1.263
6.129 12.593 -1.262
6.557 15.316 -0.739
6.552 15.173 -0.732
6.547 15.033 -0.724
6.548 14.907 -0.718
6.548 14.78 -0.711
6.516 14.648 -0.704
6.518 14.529 -0.697
6.506 14.383 -0.69
6.506 14.263 -0.683
