205.113 -29.2563 1.34611 -0.0201049
1.084 14.893 -1.71
1.107 14.881 -1.709
1.15 14.838 -1.704
1.196 14.818 -1.702
1.24 14.795 -1.7
1.284 14.755 -1.695
1.329 14.737 -1.693
1.372 14.703 -1.689
1.392 14.666 -1.685
1.434 14.624 -1.68
1.481 14.623 -1.681
1.523 14.589 -1.677
1.567 14.564 -1.674
1.612 14.549 -1.673
1.66 14.57 -1.676
1.678 14.522 -1.67
1.722 14.507 -1.669
1.766 14.485 -1.667
1.811 14.476 -1.667
1.854 14.449 -1.664
1.897 14.429 -1.662
1.94 14.401 -1.659
0.537999 25.698 -1.693
0.617999 25.688 -1.692
0.696999 25.63 -1.688
0.777999 25.64 -1.689
0.856999 25.589 -1.685
0.935999 25.549 -1.683
0.973999 25.493 -1.679
1.054 25.472 -1.677
1.13 25.385 -1.671
1.205 25.278 -1.663
1.282 25.218 -1.659
1.358 25.164 -1.656
1.435 25.124 -1.653
1.474 25.104 -1.652
1.551 25.073 -1.65
1.627 25.03 -1.647
1.706 25.033 -1.648
1.782 24.984 -1.644
1.857 24.934 -1.641
0.886998 43.194 -1.718
0.956998 43.273 -1.722
1.091 43.21 -1.719
1.223 43.084 -1.713
1.351 42.854 -1.703
1.477 42.582 -1.691
1.597 42.226 -1.676
1.719 41.981 -1.665
5.484 38.228 -0.605
5.488 37.423 -0.588
5.485 36.601 -0.571
5.415 35.754 -0.553
