19.7441 -1.82543 -0.0325317 0.00391896
2.154 13.311 -1.525
2.193 13.284 -1.523
2.217 13.174 -1.509
2.249 13.114 -1.502
2.263 13.073 -1.498
2.285 12.96 -1.484
2.334 13 -1.49
2.372 12.977 -1.488
2.393 12.862 -1.474
6.505 11.647 -1.192
6.518 11.585 -1.187
6.515 11.495 -1.179
6.495 11.418 -1.171
6.49 11.327 -1.162
6.495 11.253 -1.156
6.489 11.162 -1.147
6.487 11.078 -1.14
3.12 21.338 -1.388
3.168 21.199 -1.378
3.218 21.081 -1.37
3.241 21.005 -1.365
3.297 20.935 -1.36
3.362 20.915 -1.36
3.416 20.834 -1.354
3.475 20.783 -1.351
3.528 20.7 -1.346
3.557 20.674 -1.344
3.614 20.62 -1.341
3.674 20.581 -1.339
3.727 20.503 -1.334
4.129 28.314 -1.233
4.167 27.957 -1.216
4.238 27.835 -1.21
4.266 27.725 -1.205
4.349 27.686 -1.204
4.425 27.601 -1.2
4.52 27.637 -1.203
4.593 27.542 -1.198
4.673 27.488 -1.196
4.745 27.392 -1.192
4.781 27.343 -1.19
4.857 27.275 -1.188
4.935 27.212 -1.185
5.013 27.156 -1.183
