14.6393 -2.36 0.111599 -0.00157385
0.207 9.154 -1.648
0.235 9.133 -1.644
0.264 9.142 -1.646
0.278 9.126 -1.643
0.306 9.107 -1.64
0.335 9.105 -1.639
0.363 9.101 -1.639
0.392 9.096 -1.638
0.42 9.085 -1.636
0.434 9.085 -1.636
0.462 9.066 -1.633
0.491 9.074 -1.635
0.519 9.066 -1.634
0.545 9.029 -1.627
0.573 9.01 -1.623
0.601 9.01 -1.624
0.614 8.992 -1.62
0.642 8.99 -1.62
0.67 8.974 -1.618
0.698 8.974 -1.618
0.725 8.962 -1.616
0.753 8.955 -1.615
0.78 8.939 -1.613
0.794 8.934 -1.612
0.82 8.91 -1.608
0.848 8.904 -1.607
0.876 8.907 -1.608
0.902 8.886 -1.605
0.928 8.862 -1.601
0.957 8.871 -1.603
0.969 8.852 -1.6
0.994 8.821 -1.594
0.288999 13.955 -1.586
0.331999 13.932 -1.583
0.375999 13.917 -1.581
0.396999 13.887 -1.578
0.439999 13.868 -1.575
0.480999 13.813 -1.568
0.525999 13.837 -1.572
0.568999 13.827 -1.571
0.608999 13.764 -1.563
0.650999 13.724 -1.558
0.670999 13.701 -1.555
0.712999 13.674 -1.552
0.754999 13.651 -1.549
0.797999 13.655 -1.55
0.839999 13.642 -1.549
0.882999 13.642 -1.549
0.923999 13.617 -1.546
0.945999 13.618 -1.547
0.988999 13.617 -1.547
1.029 13.582 -1.543
1.072 13.58 -1.543
1.116 13.595 -1.545
1.155 13.552 -1.54
1.178 13.56 -1.542
1.22 13.554 -1.541
1.262 13.538 -1.54
1.302 13.516 -1.537
1.345 13.516 -1.538
1.387 13.504 -1.537
1.427 13.476 -1.534
0.351999 17.873 -1.556
0.378999 17.835 -1.552
0.434999 17.8 -1.549
0.488999 17.739 -1.543
0.542999 17.675 -1.537
0.597999 17.666 -1.536
0.651999 17.624 -1.532
0.705999 17.59 -1.529
0.731999 17.551 -1.525
0.786999 17.531 -1.523
0.842999 17.552 -1.526
0.896999 17.52 -1.523
0.950999 17.497 -1.521
1.006 17.506 -1.522
1.06 17.48 -1.52
1.086 17.459 -1.518
1.14 17.44 -1.516
1.194 17.428 -1.516
1.249 17.418 -1.515
1.303 17.41 -1.515
1.357 17.4 -1.514
1.382 17.37 -1.511
1.435 17.342 -1.509
1.49 17.337 -1.509
1.539 17.279 -1.504
1.595 17.294 -1.506
1.646 17.245 -1.501
1.698 17.222 -1.5
0.200999 23.881 -1.558
0.237999 23.785 -1.551
0.311999 23.707 -1.546
0.383999 23.566 -1.535
0.456999 23.491 -1.53
0.528999 23.4 -1.523
0.599999 23.312 -1.517
0.670999 23.22 -1.51
0.705999 23.163 -1.506
