0.670793 0.909137 -0.115251 0.0044004
2.335 2.833 -1.315
2.342 2.824 -1.314
2.337 2.8 -1.305
2.313 2.762 -1.288
2.313 2.744 -1.283
2.325 2.741 -1.285
2.311 2.707 -1.271
2.309 2.687 -1.265
2.945 4.432 -1.692
2.948 4.407 -1.685
2.943 4.385 -1.678
2.947 4.362 -1.673
2.956 4.345 -1.669
2.96 4.322 -1.663
2.96 4.294 -1.656
2.96 4.264 -1.647
2.96 4.236 -1.64
2.919 5.016 -1.675
2.921 4.982 -1.666
2.936 4.973 -1.666
2.939 4.942 -1.658
2.929 4.908 -1.648
2.93 4.874 -1.639
2.952 4.876 -1.643
2.943 4.826 -1.628
2.946 4.797 -1.621
3.729 7.106 -1.429
3.727 7.049 -1.419
3.66 6.867 -1.382
3.676 6.845 -1.38
3.668 6.78 -1.368
3.676 6.743 -1.362
1.711 13.461 -0.887
1.723 13.224 -0.869
1.729 12.96 -0.848
1.737 12.715 -0.828
1.746 12.491 -0.811
