1.94642 -0.101935 0.0028572 -1.55206e-06
1.841 0.737 -0.788
1.838 0.729 -0.785
1.822 0.716 -0.776
1.798 0.703 -0.764
1.791 0.694 -0.759
1.775 0.681 -0.75
1.752 0.665 -0.738
2.145 1.09 -0.434
2.129 1.073 -0.429
2.153 1.077 -0.435
2.115 1.049 -0.424
2.104 1.035 -0.42
2.123 1.037 -0.424
2.1 1.021 -0.418
2.083 1.004 -0.413
2.096 1.003 -0.415
2.064 0.979 -0.406
2.048 0.963 -0.401
2.058 0.96 -0.403
2.039 0.947 -0.398
2.033 0.936 -0.395
2.034 0.929 -0.395
2.023 0.916 -0.391
2.022 0.908 -0.39
2.03 0.904 -0.392
2.001 0.883 -0.384
1.99 0.874 -0.381
2.045 0.88 -0.333
2.032 0.867 -0.329
2.04 0.863 -0.331
2.026 0.85 -0.327
2.002 0.833 -0.321
1.999 0.828 -0.32
1.982 0.814 -0.316
1.964 0.8 -0.311
1.974 0.796 -0.313
1.951 0.78 -0.307
1.95 0.773 -0.307
1.946 0.768 -0.305
1.939 0.758 -0.303
1.923 0.745 -0.299
1.927 0.74 -0.3
1.938 0.737 -0.302
1.926 0.726 -0.299
1.912 0.714 -0.295
1.898 0.705 -0.292
1.897 0.698 -0.291
1.902 0.693 -0.292
1.906 0.688 -0.292
1.901 0.68 -0.29
1.898 0.672 -0.289
1.887 0.661 -0.286
1.893 0.66 -0.288
1.901 0.656 -0.289
1.888 0.645 -0.286
1.887 0.638 -0.285
1.887 0.632 -0.284
1.877 0.622 -0.282
0.356999 16.687 -1.439
0.408999 16.692 -1.44
0.459999 16.638 -1.435
0.513999 16.673 -1.438
0.565999 16.661 -1.437
0.616999 16.635 -1.435
0.668999 16.623 -1.434
0.694999 16.628 -1.434
0.745999 16.59 -1.431
0.795999 16.548 -1.427
0.846999 16.514 -1.424
0.896999 16.481 -1.421
0.946999 16.452 -1.418
0.971999 16.425 -1.416
1.019 16.358 -1.41
1.07 16.347 -1.409
1.121 16.332 -1.408
1.17 16.3 -1.405
1.221 16.287 -1.404
1.269 16.251 -1.401
1.291 16.203 -1.396
1.342 16.197 -1.396
1.392 16.183 -1.395
1.44 16.151 -1.392
1.491 16.142 -1.392
1.54 16.116 -1.39
1.563 16.091 -1.388
0.477999 21.044 -1.35
0.542999 21.005 -1.347
0.608999 21.009 -1.347
0.640999 20.964 -1.344
0.705999 20.92 -1.341
0.769999 20.888 -1.339
0.834999 20.868 -1.338
0.898999 20.825 -1.335
0.961999 20.774 -1.331
0.994999 20.767 -1.331
1.057 20.7 -1.326
1.119 20.649 -1.322
1.182 20.617 -1.32
1.246 20.597 -1.319
1.307 20.538 -1.315
1.37 20.504 -1.313
1.4 20.474 -1.311
1.463 20.445 -1.309
1.523 20.385 -1.305
1.585 20.352 -1.303
1.646 20.309 -1.3
