2.07927 0.171648 0.00881526 -0.000163989
3.613 1.676 -0.582
3.618 1.664 -0.582
3.589 1.637 -0.575
3.563 1.618 -0.569
3.506 1.579 -0.557
3.437 1.534 -0.543
3.402 1.505 -0.535
3.394 1.489 -0.533
3.412 1.484 -0.535
3.377 1.456 -0.527
6.818 15.923 -1.501
6.83 15.881 -1.498
6.867 15.83 -1.495
6.903 15.776 -1.491
6.914 15.667 -1.482
6.935 15.581 -1.475
6.98 15.55 -1.474
7.034 15.541 -1.475
7.047 15.505 -1.473
7.08 15.448 -1.469
7.136 15.442 -1.471
7.17 15.389 -1.467
7.217 15.363 -1.467
7.249 15.306 -1.463
7.281 15.249 -1.46
7.295 15.217 -1.457
7.311 15.128 -1.45
9.175 19.951 -1.417
9.171 19.858 -1.41
9.183 19.721 -1.402
9.192 19.578 -1.392
9.213 19.464 -1.385
9.239 19.361 -1.379
9.264 19.259 -1.373
9.279 19.134 -1.366
11.297 28.514 -1.336
11.352 28.391 -1.332
11.404 28.265 -1.327
11.42 28.049 -1.317
11.476 27.934 -1.313
11.504 27.877 -1.311
11.575 27.802 -1.309
11.633 27.695 -1.305
11.692 27.592 -1.301
11.745 27.477 -1.297
11.775 27.309 -1.29
11.795 27.12 -1.281
