0.110361 0.334678 -0.0143228 0.00030463
2.776 5.001 -1.649
2.736 4.892 -1.613
2.727 4.84 -1.598
2.026 9.245 -1.708
2.051 9.223 -1.705
2.074 9.188 -1.699
2.101 9.174 -1.698
2.118 9.115 -1.687
2.139 9.076 -1.681
2.148 9.05 -1.676
2.17 9.018 -1.671
2.196 9 -1.669
2.233 9.027 -1.676
2.253 8.988 -1.669
2.277 8.963 -1.666
2.314 8.991 -1.673
2.322 8.962 -1.668
2.342 8.926 -1.662
2.367 8.907 -1.66
2.39 8.879 -1.656
3.097 10.494 -1.612
3.13 10.485 -1.612
3.147 10.42 -1.603
3.101 10.153 -1.561
2.608 18.428 -1.628
2.664 18.406 -1.626
2.689 18.378 -1.624
2.746 18.363 -1.624
2.791 18.268 -1.615
2.839 18.202 -1.609
2.894 18.177 -1.608
2.948 18.149 -1.606
2.995 18.078 -1.6
3.023 18.072 -1.6
3.074 18.031 -1.596
3.13 18.015 -1.596
3.182 17.98 -1.593
3.235 17.95 -1.591
3.288 17.92 -1.589
3.341 17.894 -1.588
3.365 17.867 -1.586
3.418 17.837 -1.584
3.472 17.816 -1.583
3.522 17.776 -1.58
3.569 17.72 -1.575
3.458 23.409 -1.542
3.552 23.04 -1.516
3.586 23.02 -1.515
3.651 22.962 -1.512
3.714 22.897 -1.508
3.789 22.899 -1.509
3.857 22.865 -1.507
3.929 22.857 -1.508
3.997 22.819 -1.506
4.021 22.746 -1.501
4.079 22.66 -1.495
4.137 22.571 -1.49
5.463 31.263 -1.39
5.541 31.136 -1.384
5.557 30.938 -1.375
5.619 30.73 -1.365
5.703 30.646 -1.362
5.785 30.551 -1.358
5.851 30.378 -1.35
5.939 30.322 -1.348
6.018 30.219 -1.344
6.053 30.147 -1.34
6.129 30.036 -1.336
