0.328789 2.30086 -0.184117 0.00411199
4.634 7.523 -1.586
4.639 7.506 -1.584
4.659 7.485 -1.582
4.686 7.475 -1.584
4.698 7.442 -1.579
4.709 7.409 -1.575
4.725 7.382 -1.573
4.76 7.386 -1.577
4.753 7.348 -1.57
4.768 7.322 -1.567
4.787 7.3 -1.566
4.813 7.29 -1.567
4.817 7.247 -1.56
4.822 7.204 -1.554
4.836 7.176 -1.551
4.871 7.204 -1.559
4.866 7.148 -1.55
4.888 7.133 -1.55
4.906 7.111 -1.548
4.921 7.084 -1.546
4.929 7.048 -1.541
4.948 7.029 -1.54
4.948 7.005 -1.536
4.965 6.982 -1.534
6.158 12.22 -1.551
6.183 12.174 -1.547
6.215 12.143 -1.545
6.235 12.088 -1.54
6.266 12.056 -1.538
6.267 12.011 -1.533
6.28 11.945 -1.527
6.302 11.896 -1.522
6.357 11.909 -1.527
6.384 11.87 -1.525
6.423 11.853 -1.525
6.458 11.83 -1.525
6.451 11.773 -1.518
6.492 11.759 -1.519
6.532 11.744 -1.519
6.562 11.711 -1.518
6.602 11.696 -1.518
6.625 11.653 -1.515
6.658 11.625 -1.514
6.667 11.599 -1.512
6.68 11.537 -1.506
6.697 11.483 -1.501
6.72 11.44 -1.498
8.149 15.184 -1.492
8.158 15.086 -1.484
8.188 15.029 -1.481
8.176 14.951 -1.474
8.2 14.884 -1.469
8.217 14.804 -1.463
8.239 14.734 -1.458
8.252 14.649 -1.451
8.262 14.559 -1.444
8.277 14.48 -1.438
10.281 20.146 -1.465
10.301 20.03 -1.458
10.307 19.888 -1.449
10.316 19.753 -1.441
10.333 19.634 -1.434
10.325 19.543 -1.427
10.331 19.407 -1.419
10.353 19.302 -1.413
12.877 28.624 -1.372
12.894 28.542 -1.369
12.942 28.409 -1.364
12.959 28.21 -1.355
13.001 28.069 -1.35
13.037 27.916 -1.343
13.083 27.786 -1.339
13.125 27.65 -1.333
13.145 27.58 -1.331
13.194 27.46 -1.326
13.243 27.341 -1.322
13.273 27.186 -1.315
