13.4814 -2.92296 0.162887 -0.00304718
-5.834 0.281 -1.23
-5.841 0.3 -1.232
-5.851 0.319 -1.234
-5.87 0.338 -1.239
-5.884 0.358 -1.243
-5.915 0.369 -1.25
-5.933 0.388 -1.254
-5.94 0.407 -1.256
-5.956 0.427 -1.26
-5.974 0.447 -1.265
-6.006 0.469 -1.272
-6.006 0.488 -1.273
-6.043 0.51 -1.282
-4.264 14.595 -1.667
-4.222 14.62 -1.669
-4.201 14.634 -1.67
-4.162 14.67 -1.673
-4.12 14.7 -1.675
-4.08 14.734 -1.678
-4.046 14.791 -1.683
-3.995 14.788 -1.681
-3.945 14.787 -1.68
-3.924 14.803 -1.681
-3.905 14.919 -1.694
-3.9 15.091 -1.714
-3.86 15.133 -1.718
-4.355 17.955 -1.615
-4.304 17.992 -1.617
-4.283 18.028 -1.62
-4.237 18.084 -1.624
-4.18 18.097 -1.624
-4.122 18.108 -1.624
-4.102 18.282 -1.64
-4.091 18.503 -1.661
-4.043 18.562 -1.666
-4.529 22.654 -1.501
-4.469 22.727 -1.505
-4.41 22.802 -1.51
-4.404 23.16 -1.536
-4.428 23.687 -1.574
-4.464 24.088 -1.604
