-5.53577 0.917001 -0.30264 0.0178158
-4.63 2.17 -1.267
-4.64 2.193 -1.272
-4.668 2.215 -1.281
-4.696 2.246 -1.292
-4.755 2.292 -1.312
-4.753 2.31 -1.313
-4.796 2.349 -1.328
-8.338 11.122 -2.444
-8.338 11.158 -2.45
-8.304 11.186 -2.45
-8.282 11.23 -2.454
-8.263 11.278 -2.459
-8.227 11.304 -2.459
-8.22 11.368 -2.468
-8.202 11.419 -2.474
-8.2 11.455 -2.479
-8.222 11.562 -2.497
-25.318 18.85 -3.495
-25.286 18.95 -3.499
-25.267 19.06 -3.505
-25.239 19.164 -3.51
-25.218 19.273 -3.515
-25.171 19.363 -3.517
-25.101 19.435 -3.516
-25.074 19.476 -3.517
-25.004 19.549 -3.515
-24.941 19.626 -3.515
-24.897 19.718 -3.518
-24.864 19.82 -3.522
-24.811 19.905 -3.524
-24.813 20.036 -3.533
-24.811 20.098 -3.538
-24.8 20.219 -3.546
-24.792 20.342 -3.554
-24.743 20.433 -3.556
-24.72 20.544 -3.563
