-11.2727 -0.180017 0.0438081 0.00415164
-4.787 7.057 -1.527
-4.781 7.095 -1.532
-4.774 7.132 -1.537
-4.788 7.177 -1.546
-4.783 7.219 -1.552
-4.797 7.289 -1.565
-4.815 7.367 -1.579
-1.79 11.261 -1.685
-1.758 11.286 -1.689
-1.721 11.281 -1.687
-1.688 11.302 -1.689
-1.671 11.311 -1.69
-1.636 11.322 -1.691
-1.603 11.341 -1.694
-1.566 11.336 -1.692
-1.533 11.364 -1.696
-1.5 11.391 -1.699
-1.463 11.385 -1.698
-1.449 11.411 -1.701
-1.414 11.429 -1.704
-1.379 11.436 -1.704
-1.345 11.462 -1.707
-1.31 11.474 -1.709
-1.275 11.484 -1.71
-1.239 11.49 -1.71
-1.224 11.519 -1.714
-1.189 11.531 -1.716
-1.153 11.544 -1.717
-1.117 11.548 -1.717
-1.082 11.565 -1.719
-1.047 11.58 -1.721
-1.011 11.591 -1.722
-0.992 11.587 -1.721
-0.958001 11.61 -1.725
-0.922001 11.626 -1.727
-0.887001 11.649 -1.73
-0.850001 11.644 -1.729
-0.815001 11.662 -1.731
-0.779001 11.674 -1.733
-0.761001 11.68 -1.733
-0.725001 11.69 -1.735
