11.3932 3.31016 -0.453809 0.0134785
0.932 7.668 -1.666
0.955 7.66 -1.665
0.968 7.666 -1.667
0.991 7.653 -1.664
1.011 7.619 -1.657
1.031 7.583 -1.65
1.051 7.553 -1.643
1.072 7.536 -1.64
1.095 7.523 -1.638
1.106 7.517 -1.637
1.132 7.531 -1.641
1.153 7.506 -1.636
1.175 7.495 -1.634
1.198 7.489 -1.634
1.224 7.497 -1.637
1.243 7.466 -1.63
1.254 7.46 -1.629
1.273 7.431 -1.623
1.298 7.437 -1.626
1.323 7.439 -1.627
1.346 7.432 -1.627
1.37 7.434 -1.628
1.381 7.428 -1.627
1.403 7.418 -1.626
1.422 7.389 -1.62
1.442 7.369 -1.616
1.464 7.36 -1.615
1.489 7.361 -1.617
1.508 7.339 -1.613
22.89 0.921001 -1.487
22.867 0.848001 -1.485
22.715 0.807001 -1.474
22.6 0.731001 -1.465
22.486 0.657001 -1.456
22.355 0.583001 -1.446
22.217 0.509001 -1.436
