3.58403 -0.468074 0.0393256 -0.000947839
2.725 2.606 -1.086
2.727 2.593 -1.083
2.733 2.581 -1.082
2.739 2.572 -1.081
2.729 2.546 -1.073
2.742 2.55 -1.077
2.727 2.52 -1.067
2.728 2.506 -1.064
2.731 2.493 -1.062
2.721 2.468 -1.054
2.709 2.442 -1.046
2.723 2.44 -1.049
2.703 2.414 -1.039
2.718 2.412 -1.042
2.702 2.383 -1.032
1.876 13.465 -1.539
1.907 13.38 -1.529
1.938 13.3 -1.52
1.966 13.199 -1.508
2 13.148 -1.502
2.045 13.163 -1.504
2.087 13.159 -1.505
2.104 13.136 -1.502
2.144 13.121 -1.501
2.185 13.111 -1.501
2.225 13.1 -1.5
2.266 13.091 -1.5
2.307 13.08 -1.499
2.346 13.063 -1.498
2.362 13.035 -1.495
2.4 13.012 -1.493
2.444 13.02 -1.495
2.479 12.983 -1.491
2.52 12.976 -1.491
2.559 12.96 -1.49
2.596 12.934 -1.488
2.312 16.694 -1.455
2.364 16.685 -1.455
2.392 16.506 -1.438
2.436 16.449 -1.433
2.475 16.353 -1.424
2.499 16.339 -1.423
2.543 16.282 -1.418
2.585 16.221 -1.413
2.637 16.219 -1.414
2.689 16.218 -1.415
2.731 16.153 -1.409
2.78 16.136 -1.408
2.805 16.126 -1.407
2.85 16.088 -1.405
3.245 21.032 -1.367
3.303 20.973 -1.363
3.344 20.807 -1.351
3.362 20.707 -1.344
3.416 20.631 -1.34
3.482 20.626 -1.34
3.544 20.6 -1.339
3.607 20.581 -1.338
3.667 20.54 -1.336
3.689 20.479 -1.332
3.753 20.467 -1.332
3.817 20.449 -1.331
3.876 20.41 -1.329
3.939 20.396 -1.329
3.997 20.35 -1.327
4.059 20.326 -1.326
4.078 20.255 -1.321
4.133 20.203 -1.318
4.194 20.178 -1.317
4.247 20.116 -1.314
