0.863239 0.150007 -0.0090551 0.000177627
1.269 7.628 -1.668
1.291 7.61 -1.665
1.309 7.572 -1.657
1.33 7.552 -1.653
1.341 7.544 -1.652
1.36 7.515 -1.646
1.381 7.495 -1.642
1.403 7.483 -1.641
1.422 7.456 -1.635
1.454 7.493 -1.645
1.473 7.468 -1.64
1.482 7.45 -1.637
1.508 7.459 -1.64
1.529 7.441 -1.637
1.553 7.442 -1.638
1.576 7.435 -1.637
1.595 7.409 -1.632
1.618 7.404 -1.632
1.627 7.386 -1.629
1.651 7.387 -1.63
1.668 7.351 -1.623
1.694 7.359 -1.626
1.714 7.34 -1.623
1.735 7.327 -1.621
1.747 7.326 -1.622
1.766 7.306 -1.618
1.786 7.287 -1.615
1.807 7.274 -1.613
1.304 9.122 -1.66
1.317 9.114 -1.658
1.339 9.063 -1.649
1.363 9.028 -1.643
1.386 8.989 -1.636
1.413 8.979 -1.635
1.44 8.964 -1.633
1.452 8.948 -1.631
1.479 8.936 -1.629
1.506 8.928 -1.628
1.532 8.907 -1.625
1.559 8.897 -1.624
1.587 8.892 -1.624
1.613 8.879 -1.623
1.623 8.855 -1.619
1.65 8.846 -1.618
1.675 8.824 -1.614
1.703 8.822 -1.615
1.731 8.815 -1.615
1.756 8.796 -1.612
1.778 8.763 -1.607
1.307 10.941 -1.625
1.332 10.862 -1.613
1.365 10.846 -1.611
1.397 10.83 -1.609
1.428 10.802 -1.605
1.463 10.802 -1.606
1.496 10.793 -1.605
1.509 10.758 -1.6
1.539 10.731 -1.596
1.571 10.709 -1.593
1.602 10.69 -1.591
1.633 10.667 -1.588
1.663 10.641 -1.585
1.679 10.63 -1.584
1.709 10.606 -1.581
1.738 10.575 -1.577
1.768 10.548 -1.573
1.396 14.018 -1.602
1.428 13.903 -1.588
1.447 13.865 -1.584
1.485 13.815 -1.578
1.522 13.749 -1.57
1.564 13.74 -1.569
1.603 13.694 -1.564
1.645 13.685 -1.564
1.686 13.66 -1.561
1.702 13.618 -1.556
1.741 13.585 -1.552
1.783 13.57 -1.551
1.423 17.884 -1.562
1.47 17.772 -1.551
1.517 17.663 -1.541
1.566 17.582 -1.534
1.621 17.575 -1.533
1.642 17.505 -1.527
1.693 17.457 -1.522
1.747 17.443 -1.522
1.799 17.408 -1.519
1.841 17.277 -1.506
1.581 23.166 -1.51
1.702 22.816 -1.485
1.763 22.677 -1.475
1.825 22.552 -1.466
1.887 22.443 -1.458
1.922 22.436 -1.458
1.986 22.354 -1.452
2.684 32.098 -1.414
2.785 32.092 -1.414
2.834 32.062 -1.413
2.935 32.056 -1.413
3.027 31.956 -1.408
3.094 31.6 -1.391
3.161 31.272 -1.375
3.235 31.028 -1.363
