-4.98822 -0.170865 0.0780032 -0.0173103
-1.845 14.799 -1.632
-1.803 14.842 -1.636
-1.756 14.846 -1.636
-1.734 14.86 -1.637
-1.69 14.887 -1.64
-1.639 14.859 -1.636
-1.596 14.894 -1.64
-1.551 14.912 -1.641
-1.506 14.941 -1.644
-1.484 14.957 -1.646
-1.438 14.971 -1.647
-1.392 14.984 -1.648
-1.346 14.998 -1.649
-1.299 15.008 -1.65
-1.254 15.042 -1.654
-1.208 15.056 -1.655
-1.185 15.065 -1.656
-1.139 15.087 -1.658
-1.093 15.112 -1.661
-1.045 15.111 -1.66
-0.999001 15.133 -1.663
-0.950001 15.106 -1.659
-0.904001 15.135 -1.662
-0.881001 15.148 -1.664
-0.834001 15.174 -1.666
-0.786001 15.167 -1.665
-0.741001 15.211 -1.67
-0.691001 15.178 -1.666
-0.646001 15.227 -1.672
-0.598001 15.229 -1.672
-0.574001 15.244 -1.674
-0.527001 15.262 -1.676
-0.480001 15.301 -1.68
-0.433001 15.338 -1.685
-3.857 23.953 -1.586
-3.79 24.018 -1.59
-3.721 24.065 -1.593
-3.657 24.157 -1.599
-3.577 24.137 -1.597
-3.503 24.162 -1.598
-3.468 24.187 -1.599
-3.4 24.259 -1.604
-3.326 24.286 -1.605
-3.255 24.334 -1.608
-3.182 24.373 -1.61
-3.107 24.395 -1.611
-3.034 24.431 -1.613
-3 24.467 -1.615
-2.925 24.496 -1.617
-2.85 24.521 -1.618
-2.775 24.55 -1.619
-2.7 24.58 -1.621
-2.626 24.616 -1.623
-2.551 24.65 -1.625
-2.511 24.64 -1.624
-2.435 24.658 -1.624
-2.356 24.648 -1.623
-2.28 24.671 -1.624
-2.204 24.694 -1.626
-2.127 24.708 -1.626
-2.048 24.707 -1.626
-2.009 24.708 -1.625
-1.933 24.726 -1.626
-1.858 24.768 -1.629
-1.781 24.79 -1.63
-1.706 24.833 -1.633
-1.627 24.83 -1.632
-1.592 24.889 -1.636
-1.514 24.893 -1.636
-1.436 24.912 -1.637
-2.857 40.389 -1.597
-2.735 40.468 -1.6
-2.611 40.534 -1.603
-2.488 40.612 -1.606
-2.366 40.709 -1.61
-2.309 40.846 -1.616
-2.188 40.995 -1.622
-2.064 41.086 -1.626
-1.94 41.216 -1.632
-1.818 41.391 -1.639
-1.692 41.505 -1.644
-1.631 41.603 -1.648
-1.502 41.654 -1.65
