1.05054 0.132028 0.00019573 -2.37318e-05
2.012 9.396 -1.736
2.04 9.382 -1.734
2.054 9.377 -1.734
2.083 9.367 -1.733
2.106 9.332 -1.728
2.122 9.265 -1.716
2.147 9.243 -1.713
2.176 9.235 -1.712
2.193 9.241 -1.714
2.218 9.217 -1.711
2.234 9.156 -1.7
2.258 9.132 -1.697
2.282 9.106 -1.693
2.316 9.12 -1.697
2.341 9.099 -1.695
2.347 9.063 -1.688
2.375 9.052 -1.687
2.398 9.025 -1.684
2.714 5.007 -0.835
2.717 4.976 -0.831
2.729 4.96 -0.829
2.726 4.919 -0.823
2.728 4.886 -0.818
2.732 4.857 -0.814
2.724 4.825 -0.809
2.718 4.781 -0.802
2.72 4.748 -0.798
2.726 4.725 -0.795
2.729 4.697 -0.791
2.727 4.66 -0.785
2.737 4.643 -0.784
2.576 14.591 -1.696
2.594 14.558 -1.692
2.627 14.481 -1.683
2.659 14.399 -1.673
2.694 14.336 -1.666
2.741 14.339 -1.668
2.783 14.317 -1.666
2.805 14.31 -1.666
2.841 14.257 -1.66
2.88 14.219 -1.656
2.923 14.204 -1.655
2.964 14.175 -1.653
3.01 14.172 -1.654
3.048 14.133 -1.65
3.071 14.132 -1.65
3.112 14.109 -1.649
3.153 14.083 -1.647
3.194 14.058 -1.645
2.788 18.848 -1.671
2.812 18.808 -1.668
2.864 18.754 -1.663
2.922 18.737 -1.662
2.982 18.738 -1.663
3.026 18.634 -1.654
3.071 18.54 -1.646
3.106 18.572 -1.649
3.17 18.594 -1.652
3.219 18.533 -1.647
3.269 18.478 -1.643
3.33 18.481 -1.644
3.379 18.421 -1.639
3.438 18.415 -1.64
3.462 18.384 -1.637
3.516 18.355 -1.635
3.569 18.317 -1.633
3.62 18.274 -1.63
3.68 18.274 -1.631
3.726 18.21 -1.626
3.781 18.185 -1.624
3.803 18.149 -1.621
3.854 18.11 -1.618
3.741 24.274 -1.608
3.752 24.091 -1.595
3.806 23.945 -1.585
3.875 23.891 -1.582
3.932 23.771 -1.574
4.004 23.742 -1.573
4.077 23.724 -1.572
4.145 23.674 -1.57
4.178 23.64 -1.568
4.241 23.565 -1.563
4.304 23.493 -1.559
4.375 23.462 -1.557
