4.77603 -0.312056 0.0512408 -0.00105487
4.109 4.993 -1.634
4.122 4.977 -1.633
4.14 4.967 -1.634
4.162 4.961 -1.636
4.158 4.941 -1.632
4.178 4.933 -1.633
4.188 4.914 -1.631
4.196 4.892 -1.628
4.211 4.878 -1.628
4.228 4.867 -1.629
4.233 4.842 -1.624
4.233 4.826 -1.621
4.243 4.807 -1.619
4.262 4.798 -1.621
4.271 4.777 -1.618
4.279 4.757 -1.616
4.285 4.733 -1.612
4.296 4.715 -1.61
4.311 4.717 -1.613
4.323 4.701 -1.612
4.332 4.68 -1.61
4.34 4.659 -1.607
4.339 4.629 -1.601
4.36 4.622 -1.603
4.366 4.6 -1.6
4.371 4.59 -1.599
4.375 4.565 -1.595
4.38 4.542 -1.591
4.399 4.534 -1.594
4.404 4.51 -1.59
4.413 4.491 -1.588
4.424 4.474 -1.587
4.426 4.462 -1.585
4.432 4.44 -1.581
4.509 6.125 -1.639
4.51 6.086 -1.632
4.523 6.064 -1.629
4.54 6.046 -1.628
4.558 6.031 -1.628
4.573 6.031 -1.63
4.577 5.997 -1.624
4.593 5.979 -1.623
4.608 5.96 -1.622
4.613 5.927 -1.617
4.628 5.908 -1.615
4.639 5.884 -1.613
4.651 5.88 -1.613
4.667 5.862 -1.613
4.672 5.831 -1.608
4.679 5.802 -1.604
4.697 5.788 -1.604
4.718 5.776 -1.604
4.719 5.74 -1.598
4.739 5.746 -1.602
4.741 5.711 -1.596
4.744 5.679 -1.591
4.762 5.664 -1.591
4.771 5.638 -1.588
4.787 5.622 -1.587
4.796 5.596 -1.584
3.759 1.396 -0.737
3.752 1.38 -0.735
3.749 1.372 -0.733
3.736 1.354 -0.73
3.737 1.341 -0.729
3.736 1.327 -0.727
3.727 1.311 -0.724
3.722 1.296 -0.722
3.713 1.28 -0.719
3.715 1.274 -0.719
3.704 1.257 -0.716
3.693 1.24 -0.713
3.686 1.225 -0.71
3.684 1.211 -0.709
3.681 1.197 -0.707
3.675 1.183 -0.705
3.684 1.179 -0.707
3.657 1.157 -0.7
3.64 1.139 -0.695
3.66 1.133 -0.699
3.649 1.117 -0.696
3.648 1.104 -0.695
3.656 1.094 -0.696
3.637 1.082 -0.691
3.623 1.066 -0.687
7.486 11.788 -1.587
7.499 11.728 -1.581
7.529 11.694 -1.58
7.536 11.664 -1.577
7.55 11.605 -1.571
7.577 11.568 -1.569
7.586 11.503 -1.563
7.611 11.463 -1.561
7.626 11.407 -1.556
7.631 11.337 -1.549
7.632 11.301 -1.545
7.655 11.259 -1.542
7.693 11.238 -1.543
7.706 11.181 -1.537
8.904 16.287 -1.623
8.939 16.229 -1.62
8.97 16.166 -1.616
8.988 16.079 -1.609
8.979 16.004 -1.602
9.006 15.934 -1.598
9.046 15.888 -1.596
9.082 15.835 -1.593
9.133 15.808 -1.593
9.17 15.757 -1.591
9.205 15.704 -1.588
9.216 15.666 -1.585
9.256 15.621 -1.583
9.279 15.549 -1.578
9.309 15.488 -1.575
9.331 15.414 -1.57
11.94 21.06 -1.583
11.922 20.951 -1.575
11.953 20.853 -1.57
11.962 20.717 -1.561
11.961 20.565 -1.552
11.966 20.426 -1.543
11.954 20.259 -1.532
15.41 30.117 -1.495
15.442 29.946 -1.488
15.442 29.716 -1.478
15.497 29.595 -1.474
15.545 29.459 -1.469
15.593 29.328 -1.464
15.636 29.187 -1.459
15.683 29.055 -1.454
15.657 28.897 -1.447
15.649 28.667 -1.436
