-5.54444 -0.840802 0.0827708 0.00218064
-5.003 6.881 -1.848
-5.006 6.93 -1.857
-5.016 6.99 -1.87
-5.029 7.031 -1.879
-5.037 7.09 -1.891
-5.048 7.152 -1.905
-0.979 11.114 -2.036
-0.948 11.16 -2.044
-0.916 11.198 -2.051
-0.882001 11.214 -2.053
-0.848 11.235 -2.057
-0.812 11.228 -2.055
-0.776 11.224 -2.054
-0.759 11.235 -2.056
-0.725001 11.257 -2.06
-0.69 11.267 -2.061
-0.655 11.263 -2.06
-0.619 11.259 -2.059
-0.584 11.277 -2.062
-0.569 11.327 -2.071
-0.536 11.368 -2.079
-0.502 11.413 -2.087
-1.969 13.589 -2.055
-1.93 13.62 -2.059
-1.902 13.728 -2.076
-1.863 13.767 -2.081
-1.848 13.821 -2.089
-1.81 13.866 -2.095
-1.772 13.915 -2.102
-1.734 13.961 -2.109
-1.69 13.969 -2.109
-6.717 1.641 -0.781
-6.784 1.68 -0.791
-6.862 1.723 -0.803
-7.026 1.776 -0.828
-7.189 1.842 -0.852
-13.693 40.015 -2.708
-13.599 40.152 -2.715
-13.582 40.31 -2.724
-13.476 40.416 -2.729
-13.377 40.542 -2.735
-13.287 40.7 -2.744
-13.199 40.865 -2.752
-13.117 41.052 -2.763
