0.739362 0.718905 -0.113607 0.00453334
4.106 0.259 -1.617
4.078 0.232 -1.605
4 0.215 -1.571
3.993 0.202 -1.568
4.023 0.191 -1.581
4.004 0.178 -1.572
3.989 0.171 -1.566
3.973 0.158 -1.559
0.602 9.49 -1.717
0.629 9.453 -1.71
0.658 9.431 -1.706
0.683 9.371 -1.695
0.712 9.362 -1.693
0.726 9.352 -1.692
0.752 9.302 -1.682
0.784 9.337 -1.69
0.81 9.291 -1.681
0.839 9.283 -1.68
0.866 9.267 -1.677
0.895 9.252 -1.675
0.909 9.247 -1.674
0.938 9.248 -1.675
0.967 9.243 -1.675
0.995 9.234 -1.674
1.023 9.217 -1.671
1.05 9.2 -1.668
1.076 9.171 -1.663
0.676 11.431 -1.693
0.711 11.41 -1.69
0.744 11.36 -1.683
0.776 11.302 -1.674
0.81 11.272 -1.669
0.844 11.25 -1.666
0.861 11.251 -1.667
0.897 11.25 -1.667
0.931 11.227 -1.664
0.964 11.207 -1.661
1 11.205 -1.661
1.031 11.157 -1.654
1.067 11.167 -1.656
1.085 11.166 -1.656
1.153 11.139 -1.653
1.186 11.12 -1.651
1.219 11.096 -1.647
1.252 11.073 -1.644
1.287 11.073 -1.645
1.304 11.067 -1.644
1.339 11.068 -1.645
1.373 11.054 -1.644
1.404 11.025 -1.64
0.856999 14.641 -1.676
0.902999 14.628 -1.675
0.949999 14.639 -1.677
0.991999 14.581 -1.67
1.03 14.479 -1.657
1.07 14.404 -1.648
1.117 14.419 -1.65
1.137 14.381 -1.646
1.179 14.34 -1.641
1.224 14.338 -1.641
1.266 14.305 -1.637
1.312 14.311 -1.639
1.357 14.308 -1.639
1.398 14.257 -1.633
1.419 14.244 -1.632
1.464 14.238 -1.631
1.508 14.227 -1.631
1.551 14.209 -1.629
1.595 14.196 -1.628
1.641 14.203 -1.629
1.681 14.162 -1.625
1.067 18.591 -1.629
1.124 18.563 -1.626
1.181 18.538 -1.624
1.235 18.463 -1.617
1.314 18.355 -1.607
1.368 18.29 -1.601
1.42 18.226 -1.595
1.477 18.207 -1.594
1.529 18.149 -1.589
1.585 18.132 -1.588
1.638 18.083 -1.583
1.663 18.041 -1.579
1.717 18.006 -1.576
1.457 24.153 -1.582
1.533 24.147 -1.582
1.607 24.126 -1.58
1.681 24.091 -1.578
1.737 23.811 -1.558
1.805 23.718 -1.551
1.875 23.644 -1.546
1.905 23.558 -1.54
1.975 23.506 -1.537
2.047 23.474 -1.535
2.116 23.42 -1.531
