4.05407 0.566184 -0.0952022 0.00293054
0.112 4.915 -1.748
0.126 4.898 -1.742
0.134 4.9 -1.743
0.149 4.884 -1.737
0.164 4.869 -1.731
0.179 4.865 -1.73
0.194 4.862 -1.729
0.208 4.832 -1.718
0.224 4.84 -1.721
0.227 4.767 -1.694
0.457999 15.313 -1.682
0.504999 15.3 -1.68
0.552999 15.275 -1.677
0.600999 15.291 -1.679
0.647999 15.259 -1.676
0.694999 15.245 -1.674
0.742999 15.231 -1.673
0.765999 15.22 -1.672
0.812999 15.195 -1.669
0.857999 15.147 -1.663
0.904999 15.127 -1.661
0.951999 15.118 -1.66
0.996999 15.085 -1.657
1.044 15.066 -1.655
1.067 15.064 -1.655
1.112 15.027 -1.651
1.158 15 -1.648
1.206 15.008 -1.649
1.249 14.959 -1.644
1.296 14.953 -1.643
1.343 14.952 -1.644
1.365 14.932 -1.642
1.411 14.912 -1.64
1.458 14.918 -1.641
1.503 14.885 -1.637
1.545 14.835 -1.632
0.394999 18.623 -1.629
0.452999 18.596 -1.627
0.510999 18.586 -1.626
0.567999 18.541 -1.622
0.624999 18.487 -1.617
0.651999 18.448 -1.613
0.708999 18.409 -1.609
0.764999 18.37 -1.606
0.820999 18.318 -1.601
0.876999 18.282 -1.598
0.932999 18.255 -1.595
0.988999 18.226 -1.593
1.017 18.217 -1.592
1.075 18.223 -1.593
1.129 18.162 -1.587
1.185 18.145 -1.586
1.241 18.127 -1.584
1.297 18.109 -1.583
1.353 18.097 -1.582
1.38 18.065 -1.579
1.436 18.053 -1.579
1.491 18.034 -1.577
0.474999 24.502 -1.605
0.550999 24.456 -1.601
0.625999 24.359 -1.594
0.661999 24.3 -1.59
0.735999 24.218 -1.584
0.809999 24.144 -1.579
0.883999 24.097 -1.576
0.959999 24.079 -1.574
1.034 24.036 -1.571
1.071 24.026 -1.571
1.145 24.001 -1.569
1.218 23.939 -1.565
1.292 23.911 -1.563
1.365 23.867 -1.56
1.436 23.793 -1.555
0.342998 35.998 -1.604
0.453998 35.849 -1.597
0.562998 35.612 -1.585
0.669998 35.338 -1.571
0.776998 35.15 -1.562
0.882998 34.966 -1.553
