-0.907656 3.00767 -0.45866 0.0227149
2.355 2.982 -1.365
2.338 2.941 -1.348
2.313 2.889 -1.326
2.287 2.838 -1.305
2.284 2.817 -1.297
2.259 2.767 -1.276
5.494 6.901 -1.275
5.487 6.848 -1.268
5.485 6.801 -1.262
5.49 6.764 -1.258
5.488 6.717 -1.252
5.492 6.679 -1.248
5.486 6.65 -1.244
5.484 6.606 -1.238
5.492 6.573 -1.235
5.486 6.524 -1.228
5.496 6.495 -1.226
5.489 6.444 -1.219
5.665 7.404 -1.058
5.665 7.356 -1.053
5.662 7.329 -1.05
5.605 7.207 -1.032
5.579 7.127 -1.022
5.65 7.172 -1.032
5.654 7.131 -1.028
5.642 7.069 -1.021
5.573 6.937 -1.001
