1.42607 0.0769945 -0.000864672 6.81039e-05
2.757 3.773 -1.519
2.764 3.757 -1.516
2.747 3.722 -1.503
2.782 3.745 -1.517
2.796 3.74 -1.518
2.753 3.657 -1.486
2.754 3.634 -1.48
2.752 3.608 -1.472
2.745 3.575 -1.461
2.119 14.845 -1.719
2.141 14.834 -1.718
2.18 14.778 -1.711
2.219 14.72 -1.705
2.257 14.66 -1.698
2.3 14.631 -1.695
2.346 14.624 -1.695
2.389 14.601 -1.693
2.398 14.513 -1.682
2.458 14.59 -1.693
2.502 14.572 -1.692
2.546 14.554 -1.69
2.59 14.538 -1.689
2.631 14.501 -1.686
2.672 14.471 -1.683
2.69 14.44 -1.679
2.731 14.408 -1.676
2.779 14.417 -1.679
2.813 14.351 -1.671
2.856 14.331 -1.67
2.903 14.329 -1.671
2.937 14.27 -1.664
2.54 18.578 -1.642
2.575 18.404 -1.625
2.631 18.382 -1.624
2.675 18.279 -1.614
2.734 18.279 -1.615
2.786 18.238 -1.612
2.843 18.226 -1.612
2.871 18.217 -1.611
2.926 18.192 -1.61
2.981 18.171 -1.609
3.035 18.144 -1.607
3.087 18.105 -1.604
3.137 18.056 -1.6
3.198 18.072 -1.602
3.206 17.951 -1.591
3.49 23.886 -1.577
3.573 23.422 -1.545
3.639 23.365 -1.541
3.717 23.377 -1.543
3.781 23.31 -1.539
3.851 23.277 -1.537
3.883 23.247 -1.535
3.95 23.199 -1.533
4.017 23.153 -1.53
4.082 23.091 -1.527
6.026 32.107 -1.437
6.115 32.025 -1.434
6.173 31.786 -1.422
6.246 31.63 -1.415
6.33 31.532 -1.411
6.406 31.398 -1.405
6.489 31.305 -1.402
6.525 31.232 -1.399
6.613 31.163 -1.396
6.687 31.029 -1.39
6.77 30.943 -1.387
