1.57311 0.0271748 0.00691792 -0.000148332
2.114 9.368 -1.735
2.134 9.317 -1.726
2.152 9.265 -1.717
2.181 9.256 -1.717
2.204 9.224 -1.712
2.226 9.187 -1.706
2.234 9.156 -1.7
2.264 9.155 -1.701
2.287 9.123 -1.696
2.311 9.101 -1.693
2.343 9.107 -1.696
2.371 9.095 -1.695
2.388 9.044 -1.687
2.401 9.035 -1.685
2.262 11.409 -1.722
2.282 11.417 -1.724
2.304 11.342 -1.713
2.332 11.296 -1.706
2.361 11.256 -1.701
2.386 11.198 -1.693
2.415 11.162 -1.688
2.433 11.16 -1.689
2.457 11.102 -1.68
2.488 11.079 -1.678
2.518 11.052 -1.675
2.551 11.034 -1.673
2.58 11.001 -1.669
2.639 14.679 -1.708
2.677 14.624 -1.702
2.678 14.502 -1.687
2.713 14.437 -1.68
2.758 14.431 -1.68
2.803 14.416 -1.679
2.845 14.392 -1.677
2.888 14.375 -1.676
2.903 14.329 -1.671
2.943 14.299 -1.668
2.987 14.284 -1.667
3.022 14.23 -1.661
3.064 14.205 -1.659
3.109 14.197 -1.659
3.15 14.172 -1.657
3.255 18.918 -1.685
3.277 18.868 -1.681
3.33 18.821 -1.677
3.374 18.728 -1.669
3.434 18.723 -1.67
3.483 18.661 -1.664
3.533 18.601 -1.66
3.588 18.574 -1.658
3.612 18.539 -1.655
3.663 18.491 -1.651
3.713 18.442 -1.648
3.765 18.399 -1.644
3.812 18.335 -1.639
3.863 18.291 -1.636
3.918 18.268 -1.635
3.936 18.211 -1.63
3.736 24.763 -1.644
3.884 24.69 -1.64
3.946 24.579 -1.633
3.961 24.425 -1.622
4.024 24.334 -1.616
4.096 24.291 -1.614
4.166 24.245 -1.611
4.239 24.212 -1.61
4.306 24.146 -1.606
4.372 24.077 -1.602
4.404 24.039 -1.6
4.468 23.966 -1.595
4.529 23.873 -1.589
6.433 32.851 -1.477
6.508 32.694 -1.47
6.593 32.585 -1.466
6.669 32.433 -1.459
6.696 32.309 -1.453
6.778 32.194 -1.448
6.853 32.049 -1.442
6.934 31.936 -1.437
7.006 31.787 -1.431
7.077 31.632 -1.424
