4.33595 0.722472 0.0175636 -0.000488347
11.866 7.473 -1.594
11.874 7.427 -1.592
11.866 7.369 -1.587
11.87 7.321 -1.584
11.878 7.274 -1.582
11.86 7.238 -1.578
11.849 7.18 -1.573
11.838 7.122 -1.568
11.827 7.066 -1.563
11.824 7.014 -1.559
11.822 6.962 -1.555
11.826 6.94 -1.554
11.825 6.89 -1.551
11.832 6.844 -1.549
11.824 6.79 -1.545
11.84 6.75 -1.544
11.835 6.698 -1.54
14.728 11.222 -1.618
14.73 11.15 -1.614
14.741 11.086 -1.611
14.725 11.001 -1.605
14.711 10.919 -1.599
14.707 10.844 -1.595
14.715 10.779 -1.591
14.684 10.721 -1.586
14.726 10.681 -1.587
14.727 10.611 -1.583
14.77 10.572 -1.584
14.772 10.503 -1.58
14.805 10.457 -1.58
14.805 10.422 -1.578
14.815 10.359 -1.575
14.833 10.303 -1.574
14.813 10.22 -1.567
19.088 14.409 -1.561
19.031 14.319 -1.554
18.984 14.19 -1.545
18.931 14.057 -1.536
18.914 13.953 -1.531
18.866 13.826 -1.522
18.829 13.708 -1.515
18.747 13.603 -1.505
25.13 21.524 -1.458
25.095 21.426 -1.453
25.037 21.241 -1.445
25.008 21.081 -1.439
25.022 20.959 -1.435
25.052 20.851 -1.433
25.056 20.721 -1.429
25.07 20.6 -1.426
25.016 20.49 -1.42
24.97 20.321 -1.413
24.927 20.156 -1.406
