-10.2978 3.36062 -0.433833 0.0172854
-2.273 4.124 -1.669
-2.297 4.199 -1.699
-2.291 4.204 -1.699
-2.307 4.266 -1.723
-2.348 4.375 -1.767
-2.348 4.409 -1.778
-2.309 6.328 -1.707
-2.299 6.362 -1.715
-2.298 6.42 -1.73
-2.301 6.495 -1.749
-2.311 6.588 -1.774
-2.29 6.593 -1.773
-2.272 6.609 -1.776
-2.267 6.627 -1.78
-2.806 8.938 -1.689
-2.791 8.988 -1.698
-2.76 8.989 -1.696
-2.735 9.009 -1.698
-2.713 9.036 -1.702
-2.693 9.073 -1.708
-2.695 9.134 -1.719
-2.682 9.193 -1.73
-2.664 9.241 -1.738
-2.644 9.279 -1.744
-2.609 9.267 -1.739
-2.587 9.3 -1.744
-2.824 10.835 -1.653
-2.8 10.88 -1.659
-2.786 10.896 -1.661
-2.751 10.904 -1.661
-2.721 10.928 -1.663
-2.686 10.935 -1.663
-2.662 10.985 -1.67
-2.644 11.061 -1.681
-2.627 11.146 -1.693
-2.623 11.208 -1.703
-2.594 11.239 -1.706
-4.673 15.504 -1.39
-4.638 15.564 -1.395
-4.592 15.59 -1.396
-4.549 15.622 -1.398
-4.509 15.669 -1.401
-4.466 15.706 -1.404
-4.429 15.762 -1.408
-4.41 15.792 -1.41
-4.369 15.836 -1.413
-4.322 15.859 -1.414
-4.276 15.886 -1.416
-4.232 15.921 -1.418
-4.189 15.961 -1.421
-4.167 15.979 -1.422
-4.123 16.019 -1.425
-4.08 16.059 -1.427
-4.033 16.087 -1.429
-3.987 16.117 -1.431
-3.941 16.147 -1.432
-3.899 16.194 -1.436
-3.878 16.22 -1.438
-3.834 16.261 -1.441
