-44.6372 28.3822 -5.073 0.278017
2.377 2.339 -0.847
2.373 2.327 -0.843
2.376 2.316 -0.842
2.393 2.318 -0.845
2.378 2.289 -0.837
2.384 2.28 -0.836
2.373 2.255 -0.829
2.386 2.253 -0.831
2.387 2.246 -0.83
2.389 2.235 -0.828
2.378 2.21 -0.821
2.391 2.208 -0.823
2.392 2.195 -0.821
2.398 2.186 -0.82
2.386 2.168 -0.814
2.407 2.174 -0.82
2.395 2.149 -0.813
2.393 2.134 -0.809
2.398 2.125 -0.809
2.405 2.118 -0.809
2.406 2.105 -0.806
2.408 2.1 -0.806
2.401 2.081 -0.801
2.405 2.071 -0.8
2.403 2.056 -0.796
2.412 2.051 -0.798
2.413 2.038 -0.795
2.419 2.031 -0.795
2.406 2.013 -0.789
2.407 2.001 -0.787
2.817 2.811 -0.731
2.814 2.79 -0.727
2.8 2.759 -0.72
2.816 2.757 -0.722
2.798 2.731 -0.716
2.808 2.723 -0.716
2.804 2.702 -0.712
2.797 2.678 -0.708
2.81 2.674 -0.709
2.805 2.653 -0.705
2.794 2.633 -0.701
2.809 2.631 -0.703
2.78 2.588 -0.692
2.78 2.571 -0.689
2.785 2.559 -0.688
2.789 2.547 -0.687
2.785 2.527 -0.684
2.778 2.512 -0.68
3.34 2.744 -0.642
3.331 2.719 -0.638
3.324 2.696 -0.634
3.31 2.676 -0.63
3.308 2.656 -0.628
3.295 2.629 -0.623
3.283 2.602 -0.618
3.283 2.586 -0.617
3.278 2.564 -0.613
3.263 2.545 -0.609
3.26 2.526 -0.607
3.262 2.511 -0.605
3.259 2.492 -0.603
3.248 2.467 -0.599
3.276 2.473 -0.603
3.246 2.434 -0.595
3.272 2.445 -0.6
3.261 2.421 -0.596
3.234 2.385 -0.588
5.815 5.114 -0.898
5.816 5.083 -0.895
5.812 5.063 -0.893
5.816 5.035 -0.891
5.787 4.978 -0.882
5.802 4.959 -0.882
5.819 4.942 -0.883
5.81 4.904 -0.878
5.806 4.869 -0.874
5.814 4.86 -0.874
5.811 4.826 -0.871
5.809 4.794 -0.868
5.807 4.762 -0.865
5.811 4.735 -0.863
5.806 4.701 -0.859
5.808 4.673 -0.857
5.811 4.66 -0.856
5.807 4.627 -0.853
5.809 4.599 -0.851
5.806 4.567 -0.848
0.506999 18.433 -1.611
0.564999 18.439 -1.612
0.620999 18.388 -1.607
0.675999 18.28 -1.597
0.728999 18.181 -1.587
0.783999 18.115 -1.581
0.809999 18.068 -1.576
0.862999 17.989 -1.569
0.916999 17.923 -1.563
0.973999 17.944 -1.565
1.03 17.923 -1.563
1.085 17.91 -1.562
1.139 17.866 -1.558
5.725 5.081 -0.503
5.718 5.059 -0.501
5.723 5.032 -0.5
5.728 5.005 -0.498
5.729 4.974 -0.496
5.737 4.949 -0.496
5.731 4.913 -0.493
5.73 4.881 -0.491
5.725 4.862 -0.489
5.727 4.832 -0.488
5.728 4.803 -0.486
5.734 4.777 -0.485
5.729 4.743 -0.483
5.725 4.709 -0.48
5.729 4.683 -0.479
5.735 4.672 -0.479
5.734 4.642 -0.477
5.74 4.616 -0.476
5.723 4.574 -0.472
5.753 4.568 -0.474
5.725 4.517 -0.469
5.726 4.489 -0.468
5.713 4.464 -0.465
5.722 4.442 -0.465
5.731 4.421 -0.464
5.741 4.399 -0.464
5.723 4.357 -0.46
5.723 4.329 -0.459
5.725 4.317 -0.458
5.712 4.279 -0.455
5.709 4.249 -0.453
1.297 32.858 -1.448
1.396 32.76 -1.443
1.495 32.68 -1.439
1.594 32.597 -1.435
1.691 32.488 -1.43
1.783 32.283 -1.42
1.827 32.173 -1.414
1.922 32.067 -1.409
2.012 31.885 -1.401
2.103 31.737 -1.393
