-3.68338 4.00936 -0.821542 0.0572347
2.359 2.067 -1.235
2.345 2.042 -1.224
2.338 2.022 -1.216
2.343 2.021 -1.217
2.335 2 -1.209
2.333 1.986 -1.204
2.342 1.981 -1.205
2.331 1.959 -1.196
2.325 1.941 -1.189
2.332 1.935 -1.19
2.322 1.921 -1.182
2.316 1.903 -1.175
2.93 4.133 -1.805
2.934 4.112 -1.799
2.942 4.097 -1.796
2.952 4.083 -1.794
2.955 4.06 -1.788
2.953 4.045 -1.783
2.959 4.026 -1.779
2.964 4.007 -1.774
2.959 3.973 -1.762
2.968 3.96 -1.76
2.972 3.94 -1.755
2.976 3.919 -1.75
2.931 4.775 -1.788
2.939 4.755 -1.783
2.932 4.726 -1.774
2.939 4.704 -1.769
2.935 4.666 -1.757
2.944 4.647 -1.753
2.948 4.622 -1.747
2.951 4.595 -1.74
2.948 4.559 -1.729
2.743 2.143 -0.993
2.722 2.12 -0.983
2.73 2.113 -0.984
2.707 2.081 -0.972
2.702 2.065 -0.967
2.701 2.051 -0.964
2.686 2.026 -0.956
2.685 2.012 -0.953
2.697 2.015 -0.956
2.664 1.977 -0.941
