25.5379 -8.89257 1.01538 -0.0365031
0.881 6.458 -1.648
0.898 6.431 -1.641
0.919 6.433 -1.643
0.924 6.398 -1.633
0.942 6.379 -1.629
0.959 6.353 -1.623
0.973 6.31 -1.612
0.989 6.284 -1.606
1.007 6.268 -1.602
1.011 6.167 -1.575
0.21 8.625 -1.546
0.234 8.505 -1.523
0.26 8.457 -1.514
0.272 8.433 -1.509
0.297 8.381 -1.499
0.321 8.327 -1.489
0.179 8.686 -1.254
0.205 8.634 -1.246
0.231 8.58 -1.238
0.243 8.531 -1.23
0.268 8.476 -1.221
0.293 8.422 -1.213
0.318 8.378 -1.206
0.343 8.335 -1.199
16.401 0.982001 -1.818
16.346 0.927001 -1.811
16.343 0.875001 -1.81
16.338 0.823001 -1.809
16.307 0.770001 -1.805
16.287 0.718001 -1.802
16.245 0.690001 -1.797
16.243 0.639001 -1.796
16.197 0.586001 -1.791
16.173 0.535001 -1.787
16.129 0.482001 -1.782
16.107 0.431001 -1.779
16.038 0.379001 -1.77
16.031 0.353001 -1.769
16 0.302001 -1.765
20.474 2.41 -1.825
20.444 2.374 -1.821
20.385 2.302 -1.815
20.374 2.236 -1.813
20.333 2.167 -1.808
20.279 2.096 -1.802
20.21 2.025 -1.795
20.151 1.955 -1.788
20.104 1.919 -1.784
20.051 1.85 -1.778
20.005 1.782 -1.773
25.881 3.837 -1.727
25.877 3.753 -1.725
25.818 3.662 -1.72
25.782 3.574 -1.717
25.73 3.484 -1.712
25.699 3.398 -1.709
25.666 3.312 -1.706
25.626 3.265 -1.702
25.58 3.178 -1.698
25.547 3.092 -1.695
25.497 3.005 -1.691
25.451 2.918 -1.686
25.4 2.832 -1.682
25.352 2.746 -1.678
25.312 2.701 -1.674
