-14.1665 4.80273 -0.401482 0.00922555
-3.047 22.52 -1.473
-2.977 22.536 -1.474
-2.941 22.536 -1.473
-2.875 22.587 -1.476
-2.806 22.608 -1.477
-2.738 22.646 -1.48
-2.667 22.653 -1.479
-2.602 22.714 -1.483
-2.535 22.762 -1.486
-2.499 22.76 -1.486
-2.428 22.776 -1.486
-2.358 22.797 -1.487
-2.29 22.846 -1.491
-2.221 22.877 -1.492
-2.153 22.93 -1.496
-2.083 22.958 -1.497
-2.05 22.995 -1.5
-1.979 23.013 -1.501
-1.909 23.049 -1.503
-1.839 23.083 -1.505
-1.768 23.113 -1.507
-1.699 23.162 -1.51
-1.665 23.202 -1.513
-1.594 23.229 -1.514
-1.521 23.23 -1.514
-1.449 23.259 -1.516
-1.377 23.267 -1.516
-1.305 23.301 -1.518
-1.236 23.379 -1.524
-1.2 23.401 -1.525
-1.128 23.44 -1.528
