266.556 -63.3061 4.895 -0.122654
5.332 0.95 -1.555
5.288 0.925 -1.54
5.264 0.904 -1.532
5.205 0.876 -1.512
5.181 0.855 -1.504
1.421 8.989 -1.028
1.433 8.883 -1.014
1.443 8.769 -0.999
1.466 8.564 -0.973
0.164999 24.083 -1.573
0.239999 23.997 -1.567
0.312999 23.856 -1.557
0.349999 23.768 -1.55
0.422999 23.685 -1.544
0.495999 23.6 -1.538
0.566999 23.492 -1.53
0.638999 23.423 -1.525
0.710999 23.351 -1.52
0.175998 37.225 -1.452
0.290998 37.03 -1.443
0.404998 36.843 -1.435
0.518998 36.664 -1.427
0.630998 36.524 -1.421
0.685998 36.402 -1.416
0.797998 36.281 -1.41
0.908998 36.155 -1.405
1.019 36.052 -1.401
