3.69151 0.953354 -0.598 0.076631
2.927 4.6 -1.566
2.922 4.56 -1.555
2.923 4.532 -1.548
2.917 4.49 -1.536
2.902 4.436 -1.519
2.912 4.421 -1.517
2.912 4.391 -1.509
2.843 6.238 -1.465
2.872 6.249 -1.47
2.883 6.222 -1.465
2.859 6.119 -1.442
2.877 6.107 -1.441
2.869 6.04 -1.426
2.878 6.035 -1.426
2.878 5.986 -1.415
6.507 4.548 -1.412
6.446 4.49 -1.397
6.39 4.42 -1.38
6.345 4.36 -1.366
6.322 4.315 -1.357
6.34 4.298 -1.359
6.329 4.262 -1.353
6.325 4.23 -1.349
2.544 10.273 -1.228
2.549 10.153 -1.213
2.549 10.018 -1.195
2.549 9.889 -1.178
2.541 9.73 -1.157
5.994 10.171 -0.528
5.989 10.09 -0.523
5.964 10.012 -0.518
5.975 9.959 -0.516
6.021 9.964 -0.518
6.007 9.87 -0.512
5.975 9.749 -0.505
6.04 9.786 -0.509
5.941 9.59 -0.495
5.952 9.541 -0.493
5.973 9.509 -0.492
5.975 9.446 -0.489
6.043 9.486 -0.493
6.01 9.369 -0.486
5.993 9.278 -0.481
5.972 9.213 -0.477
