-5.22412 -1.66966 0.928664 -0.215913
-3.057 3.708 -1.867
-3.062 3.737 -1.878
-3.071 3.761 -1.888
-3.083 3.799 -1.903
-3.072 3.81 -1.904
-3.102 3.871 -1.931
-3.128 3.928 -1.956
-3.116 3.938 -1.956
-4.632 6.919 -2.047
-4.648 6.992 -2.065
-4.658 7.055 -2.08
-4.669 7.12 -2.096
-4.683 7.191 -2.113
-4.686 7.22 -2.12
-3.96 6.648 -1.669
-3.976 6.722 -1.686
-3.967 6.755 -1.692
-4.044 6.909 -1.731
-4.205 6.246 -1.333
-4.194 6.273 -1.336
-4.185 6.3 -1.34
-4.183 6.32 -1.343
-4.194 6.379 -1.354
-4.146 6.349 -1.344
-4.133 6.374 -1.346
-4.123 6.402 -1.35
-4.104 6.416 -1.35
-4.083 6.428 -1.35
-4.071 6.432 -1.349
-4.051 6.445 -1.349
-4.042 6.476 -1.354
-4.061 6.55 -1.368
-4.071 6.613 -1.379
-4.054 6.633 -1.381
-3.999 6.588 -1.368
-3.993 6.603 -1.37
-4.002 6.664 -1.381
-3.985 6.683 -1.382
-3.977 6.718 -1.387
-3.973 6.759 -1.393
-3.963 6.79 -1.398
-5.219 7.648 -1.05
-5.213 7.769 -1.063
-5.213 7.822 -1.069
-5.215 7.878 -1.075
-5.213 7.929 -1.081
-5.22 7.993 -1.088
-5.223 8.026 -1.092
-5.227 8.088 -1.1
-5.222 8.136 -1.105
-7.224 5.744 -0.824
-7.295 5.875 -0.839
-7.405 5.982 -0.856
-7.422 6.034 -0.861
-7.421 6.072 -0.864
-7.431 6.12 -0.868
-7.446 6.171 -0.873
-7.452 6.216 -0.876
-7.457 6.259 -0.88
-10.73 19.256 -0.903
-10.776 19.481 -0.914
-10.839 19.741 -0.927
-10.932 19.984 -0.94
-10.993 20.246 -0.953
