12.8579 -4.50682 0.393311 -0.0112062
-4.252 11.444 -1.813
-4.219 11.466 -1.815
-4.202 11.475 -1.815
-4.171 11.503 -1.818
-4.14 11.531 -1.82
-4.105 11.545 -1.821
-4.071 11.566 -1.822
-4.039 11.591 -1.824
-4.002 11.602 -1.824
-3.985 11.612 -1.824
-3.949 11.625 -1.824
-3.909 11.628 -1.823
-3.888 11.685 -1.83
-3.873 11.763 -1.841
-3.869 11.876 -1.858
-3.862 11.98 -1.874
-3.842 11.984 -1.873
-4.067 15.338 -1.749
-4.068 15.535 -1.772
-4.07 15.746 -1.797
-4.078 15.979 -1.825
-4.08 16.2 -1.852
-4.066 16.361 -1.87
-8.226 36.992 -0.59
-8.256 37.69 -0.604
-8.351 38.41 -0.619
-8.387 39.171 -0.635
-8.442 40.047 -0.653
