-5.11506 0.00238604 -0.000473562 1.70256e-05
-5.117 2.513 -1.643
-5.117 2.533 -1.646
-5.113 2.551 -1.647
-5.107 2.567 -1.648
-5.114 2.581 -1.652
-5.117 2.603 -1.655
-5.112 2.62 -1.656
-5.109 2.639 -1.658
-5.085 2.647 -1.653
-5.09 2.67 -1.658
-5.102 2.697 -1.665
-5.118 2.716 -1.672
-5.079 2.716 -1.661
-5.12 2.758 -1.678
-5.114 2.775 -1.679
-5.107 2.792 -1.68
-5.114 2.817 -1.685
-5.101 2.831 -1.684
-5.107 2.844 -1.688
-5.111 2.868 -1.692
-5.107 2.887 -1.694
-5.108 3.828 -1.611
-5.124 3.864 -1.621
-5.127 3.892 -1.626
-5.115 3.908 -1.626
-5.096 3.92 -1.624
-5.102 3.95 -1.63
-5.098 3.972 -1.633
-5.102 3.988 -1.636
-5.102 4.013 -1.641
-5.121 4.054 -1.652
-5.126 4.085 -1.658
-5.132 4.115 -1.664
-5.142 5.493 -1.62
-5.149 5.518 -1.625
-5.148 5.551 -1.631
-5.134 5.572 -1.632
-5.143 5.617 -1.641
-5.143 5.651 -1.647
-5.131 5.675 -1.649
-5.132 5.711 -1.655
-5.127 5.723 -1.657
-5.106 5.737 -1.656
-5.111 5.779 -1.664
-5.105 5.808 -1.668
-5.09 5.828 -1.669
-5.086 5.861 -1.674
-5.146 7.308 -1.606
-5.146 7.356 -1.614
-5.146 7.406 -1.622
-5.158 7.448 -1.63
-5.139 7.471 -1.631
-5.136 7.516 -1.638
-5.132 7.561 -1.645
-5.105 7.572 -1.644
-5.106 7.626 -1.652
-5.102 7.671 -1.659
-5.092 7.682 -1.66
-5.143 9.451 -1.583
-5.143 9.521 -1.593
-5.133 9.574 -1.6
-5.136 9.617 -1.606
-5.115 9.65 -1.609
-5.1 9.694 -1.614
-5.104 9.776 -1.626
-5.086 9.817 -1.63
-5.062 9.845 -1.633
-5.107 12.674 -1.548
-5.103 12.78 -1.561
-5.084 12.85 -1.568
-5.071 12.936 -1.578
-5.041 12.98 -1.582
-5.042 13.045 -1.589
-5.02 13.111 -1.596
-5 13.182 -1.604
-5.085 16.767 -1.521
-5.107 17.03 -1.546
-5.086 17.157 -1.557
-5.045 17.217 -1.562
-5.014 17.313 -1.57
-5.001 17.37 -1.575
-32.034 0.652999 -2.002
-32.23 0.758999 -2.016
-32.413 0.864999 -2.029
-32.591 0.971999 -2.041
-32.428 1.018 -2.03
-32.504 1.123 -2.036
-32.331 1.219 -2.024
-32.403 1.323 -2.029
-32.67 1.437 -2.048
-32.739 1.543 -2.053
-13.74 39.334 -1.65
-13.691 39.594 -1.66
-13.639 40.263 -1.687
-13.7 40.651 -1.704
-13.68 41.018 -1.72
-13.63 41.302 -1.731
-13.508 41.369 -1.732
-23.562 68.786 -1.32
-23.57 69.523 -1.334
-23.535 70.145 -1.346
-23.417 70.526 -1.353
-23.333 71.019 -1.362
-23.433 71.705 -1.377
