-5.3621 0.116888 -0.00979234 0.000248995
-4.927 3.1 -1.68
-4.927 3.121 -1.684
-4.923 3.141 -1.686
-4.925 3.164 -1.69
-4.934 3.181 -1.695
-4.931 3.2 -1.698
-4.912 3.21 -1.695
-4.912 3.232 -1.698
-4.913 3.255 -1.703
-4.912 3.277 -1.706
-4.907 3.284 -1.706
-4.902 3.303 -1.708
-4.888 3.316 -1.707
-4.885 3.337 -1.71
-4.878 3.354 -1.711
-4.869 3.371 -1.711
-4.896 3.412 -1.726
-4.889 3.419 -1.725
-4.883 3.437 -1.727
-4.882 3.482 -1.734
-4.869 3.496 -1.734
-4.858 3.512 -1.734
-4.948 4.366 -1.67
-4.943 4.39 -1.673
-4.945 4.405 -1.676
-4.947 4.435 -1.682
-4.931 4.449 -1.682
-4.934 4.48 -1.688
-4.942 4.515 -1.696
-4.933 4.536 -1.698
-4.935 4.565 -1.704
-4.945 4.589 -1.71
-4.916 4.591 -1.705
-4.937 4.64 -1.718
-4.928 4.66 -1.72
-4.942 6.031 -1.683
-4.943 6.07 -1.69
-4.943 6.11 -1.697
-4.94 6.145 -1.703
-4.933 6.176 -1.708
-4.933 6.215 -1.715
-4.944 6.269 -1.726
-4.936 6.28 -1.727
-4.918 6.297 -1.728
-4.92 6.34 -1.736
-4.931 7.944 -1.686
-4.956 8.04 -1.704
-4.953 8.092 -1.712
-4.945 8.136 -1.719
-4.943 8.19 -1.728
-4.948 8.228 -1.734
-4.936 8.266 -1.739
-4.927 8.31 -1.746
-4.914 8.347 -1.751
-4.967 10.329 -1.695
-4.985 10.406 -1.707
-4.977 10.473 -1.716
-4.96 10.523 -1.722
-4.949 10.585 -1.73
-4.933 10.638 -1.737
-4.925 10.709 -1.747
-4.915 10.731 -1.749
-4.976 14.76 -1.713
-4.974 14.909 -1.73
-4.989 15.032 -1.745
-4.958 15.097 -1.752
-4.94 15.201 -1.763
-4.924 15.316 -1.776
-4.885 15.358 -1.779
-4.995 19.015 -1.731
-5.008 19.308 -1.759
-5.012 19.574 -1.784
-4.974 19.684 -1.794
-4.912 19.7 -1.794
-4.853 19.727 -1.795
-4.786 19.719 -1.793
-4.765 19.769 -1.797
-35.591 17.65 -2.531
-35.669 17.828 -2.541
-35.709 17.989 -2.549
-35.777 18.164 -2.558
-35.903 18.37 -2.573
-35.93 18.456 -2.577
-35.948 18.608 -2.583
-35.955 18.755 -2.588
