2.30734 -0.256766 0.0339285 -0.00137342
1.671 3.997 -1.709
1.668 3.956 -1.692
1.666 3.917 -1.677
1.676 3.906 -1.675
1.716 3.963 -1.703
1.694 3.898 -1.675
1.725 3.935 -1.694
1.728 3.908 -1.684
1.699 3.812 -1.642
1.715 4.448 -1.691
1.718 4.413 -1.679
1.714 4.364 -1.662
1.718 4.334 -1.652
1.723 4.308 -1.643
1.723 4.27 -1.63
1.7 5.635 -1.7
1.704 5.584 -1.685
1.712 5.547 -1.675
1.705 5.493 -1.659
1.713 5.459 -1.649
1.715 5.406 -1.634
1.619 6.417 -1.675
1.615 6.317 -1.649
1.621 6.259 -1.634
1.67 6.366 -1.665
1.663 6.258 -1.636
1.639 6.125 -1.6
1.648 6.084 -1.59
1.681 7.524 -1.663
1.704 7.514 -1.662
1.714 7.446 -1.647
1.719 7.361 -1.628
1.727 7.291 -1.613
1.742 7.254 -1.605
1.646 8.899 -1.628
1.671 8.878 -1.625
1.682 8.862 -1.622
1.705 8.83 -1.617
1.719 8.755 -1.603
1.733 8.68 -1.589
1.756 8.654 -1.585
1.782 8.64 -1.584
1.808 8.633 -1.583
1.815 8.599 -1.577
1.447 10.684 -1.587
1.482 10.691 -1.589
1.515 10.677 -1.587
1.514 10.547 -1.567
1.527 10.404 -1.544
1.549 10.331 -1.534
1.576 10.29 -1.528
1.608 10.28 -1.527
5.858 6.181 -0.95
5.778 6.057 -0.93
5.828 6.072 -0.936
5.763 5.984 -0.921
5.675 5.856 -0.901
5.683 5.827 -0.899
5.75 5.859 -0.908
5.755 5.828 -0.906
5.718 5.753 -0.895
3.96 14.094 -1.328
3.974 14.059 -1.325
4.013 14.027 -1.323
4.061 14.028 -1.324
4.098 13.99 -1.321
4.136 13.96 -1.319
4.181 13.949 -1.32
4.22 13.921 -1.318
4.237 13.899 -1.316
4.275 13.868 -1.314
4.316 13.845 -1.313
4.353 13.811 -1.311
4.393 13.787 -1.31
4.433 13.762 -1.309
4.449 13.738 -1.307
4.491 13.72 -1.307
4.53 13.695 -1.305
4.572 13.679 -1.305
4.605 13.634 -1.302
4.649 13.623 -1.302
4.688 13.597 -1.301
4.702 13.568 -1.299
4.742 13.547 -1.298
4.779 13.515 -1.296
4.811 13.472 -1.293
4.841 13.421 -1.289
4.896 13.443 -1.293
4.925 13.393 -1.289
4.941 13.37 -1.288
4.997 13.392 -1.292
5.029 13.35 -1.289
5.059 13.302 -1.285
5.087 13.251 -1.281
5.133 13.246 -1.283
5.148 13.223 -1.281
5.149 13.105 -1.269
5.497 14.167 -1.018
5.569 14.22 -1.024
5.572 14.097 -1.015
5.533 13.872 -0.997
5.532 13.745 -0.988
5.51 13.63 -0.978
5.577 13.669 -0.983
5.485 13.328 -0.955
1.023 30.805 -1.344
1.115 30.648 -1.336
1.2 30.359 -1.322
1.285 30.122 -1.31
1.35 29.439 -1.276
4.076 50.958 -0.867
4.135 50.696 -0.861
4.291 50.637 -0.86
4.433 50.44 -0.857
4.506 49.49 -0.837
4.608 48.914 -0.825
4.715 48.42 -0.815
