3.24848 -0.321146 0.0209073 -0.000367593
1.984 3.789 -1.685
1.987 3.766 -1.678
2.001 3.779 -1.685
1.995 3.739 -1.669
2.018 3.754 -1.679
2.019 3.728 -1.67
2.025 3.71 -1.665
2.031 3.694 -1.66
2.016 3.654 -1.642
2.026 3.645 -1.64
2.028 3.622 -1.633
1.975 4.261 -1.664
1.982 4.241 -1.659
1.988 4.219 -1.652
1.984 4.194 -1.643
1.986 4.166 -1.634
1.987 4.135 -1.623
1.992 4.112 -1.616
1.994 4.084 -1.607
1.946 5.445 -1.668
1.959 5.426 -1.664
1.965 5.39 -1.654
1.974 5.362 -1.647
1.972 5.304 -1.63
1.972 5.277 -1.622
1.974 5.232 -1.609
1.945 6.207 -1.644
1.958 6.18 -1.639
1.961 6.121 -1.623
1.971 6.087 -1.616
1.971 6.02 -1.598
1.966 5.973 -1.586
1.904 7.368 -1.64
1.92 7.335 -1.633
1.932 7.284 -1.623
1.934 7.201 -1.604
1.942 7.14 -1.591
1.945 7.062 -1.574
1.883 8.585 -1.577
1.907 8.567 -1.575
1.929 8.536 -1.57
1.926 8.46 -1.555
1.919 8.309 -1.527
6.504 0.815 -0.98
6.452 0.799 -0.971
6.418 0.774 -0.965
6.547 0.768 -0.986
6.52 0.745 -0.981
6.399 0.711 -0.961
6.274 0.677 -0.939
6.209 0.651 -0.928
5.951 5.989 -0.94
5.848 5.848 -0.916
5.823 5.786 -0.908
5.827 5.754 -0.905
5.955 5.844 -0.926
5.857 5.711 -0.904
5.852 5.688 -0.902
5.891 5.691 -0.906
5.886 5.65 -0.901
5.894 5.622 -0.9
5.873 5.567 -0.892
5.922 5.578 -0.898
5.889 5.512 -0.889
1.64 16.628 -1.441
1.688 16.577 -1.436
1.713 16.31 -1.411
1.733 16.01 -1.381
1.754 15.737 -1.355
1.772 15.675 -1.349
1.076 49.607 -0.835
1.228 49.446 -0.832
1.379 49.296 -0.829
1.531 49.203 -0.827
1.68 49.03 -0.824
1.827 48.847 -0.82
1.896 48.656 -0.816
2.044 48.54 -0.814
2.189 48.36 -0.81
2.334 48.211 -0.807
2.489 48.275 -0.808
2.621 47.914 -0.801
2.689 47.784 -0.798
2.833 47.663 -0.796
2.967 47.417 -0.791
3.111 47.321 -0.789
3.233 46.926 -0.781
