1.26917 0.174046 -0.019156 0.000572412
1.701 4.14 -1.769
1.702 4.105 -1.756
1.709 4.086 -1.75
1.713 4.059 -1.74
1.719 4.038 -1.733
1.722 4.013 -1.724
1.715 3.978 -1.709
1.685 4.625 -1.75
1.691 4.597 -1.741
1.687 4.563 -1.728
1.69 4.529 -1.717
1.693 4.494 -1.705
1.695 4.457 -1.692
1.663 5.19 -1.736
1.67 5.158 -1.726
1.671 5.106 -1.709
1.678 5.074 -1.7
1.679 5.025 -1.684
1.626 6.718 -1.755
1.645 6.703 -1.752
1.652 6.64 -1.736
1.66 6.582 -1.721
1.667 6.525 -1.707
1.669 6.445 -1.686
1.563 8 -1.765
1.586 7.984 -1.762
1.609 7.969 -1.76
1.633 7.956 -1.758
1.643 7.879 -1.741
1.638 7.79 -1.721
1.647 7.715 -1.704
1.584 9.679 -1.774
1.594 9.644 -1.768
1.604 9.515 -1.744
1.62 9.428 -1.728
1.628 9.297 -1.703
1.634 9.164 -1.678
1.542 11.68 -1.746
1.555 11.63 -1.738
1.566 11.442 -1.709
1.577 11.251 -1.679
1.589 11.079 -1.652
1.474 15.019 -1.731
1.518 14.988 -1.727
1.543 14.776 -1.701
1.558 14.477 -1.663
1.58 14.267 -1.637
1.602 14.263 -1.636
5.218 16.631 -1.512
5.267 16.602 -1.511
5.313 16.568 -1.509
5.332 16.449 -1.498
5.354 16.341 -1.489
5.366 16.291 -1.485
5.394 16.203 -1.477
5.408 16.076 -1.466
5.425 15.959 -1.455
2.014 25.426 -1.678
2.083 25.289 -1.668
2.148 25.115 -1.656
2.216 24.979 -1.647
2.289 24.906 -1.642
2.362 24.853 -1.638
2.398 24.812 -1.636
2.478 24.822 -1.637
2.55 24.761 -1.633
2.626 24.733 -1.631
2.701 24.7 -1.63
2.776 24.674 -1.628
2.847 24.606 -1.624
1.177 46.523 -1.866
1.32 46.427 -1.862
1.461 46.263 -1.855
1.601 46.103 -1.848
1.741 45.98 -1.843
1.81 45.899 -1.839
1.952 45.831 -1.837
2.092 45.749 -1.833
2.233 45.678 -1.83
2.376 45.663 -1.83
2.518 45.629 -1.829
2.657 45.546 -1.826
2.725 45.487 -1.823
2.864 45.413 -1.82
3.001 45.32 -1.817
3.133 45.161 -1.81
