-5.12719 -0.0499292 0.0034796 -6.16932e-05
-5.332 3.319 -1.584
-5.325 3.338 -1.585
-5.323 3.359 -1.587
-5.327 3.374 -1.59
-5.325 3.396 -1.593
-5.301 3.404 -1.589
-5.318 3.439 -1.598
-5.31 3.457 -1.599
-5.309 3.48 -1.602
-5.313 3.507 -1.607
-5.327 3.528 -1.613
-5.294 3.53 -1.606
-5.311 3.565 -1.615
-5.319 3.595 -1.621
-5.304 3.609 -1.62
-5.304 3.634 -1.624
-5.293 3.65 -1.624
-5.303 3.669 -1.629
-5.307 3.697 -1.634
-5.297 3.715 -1.635
-5.304 5.157 -1.59
-5.313 5.198 -1.599
-5.321 5.239 -1.607
-5.323 5.257 -1.61
-5.317 5.285 -1.613
-5.315 5.315 -1.618
-5.307 5.341 -1.621
-5.307 5.375 -1.627
-5.277 5.377 -1.622
-5.223 5.356 -1.61
-5.251 5.402 -1.622
-5.272 5.458 -1.635
-5.281 5.501 -1.643
-5.273 5.527 -1.646
-5.26 5.548 -1.648
-5.332 6.907 -1.565
-5.33 6.949 -1.571
-5.323 6.986 -1.576
-5.332 7.043 -1.586
-5.328 7.083 -1.592
-5.334 7.115 -1.597
-5.317 7.138 -1.599
-5.29 7.148 -1.597
-5.308 7.22 -1.611
-5.313 7.275 -1.62
-5.348 9.003 -1.538
-5.348 9.067 -1.546
-5.355 9.144 -1.557
-5.335 9.144 -1.556
-5.348 9.232 -1.569
-5.342 9.288 -1.576
-5.337 9.348 -1.584
-5.326 9.395 -1.59
-5.306 9.429 -1.593
-15.545 3.861 -1.767
-15.552 3.914 -1.77
-15.559 3.942 -1.771
-15.558 3.994 -1.773
-15.567 4.048 -1.775
-15.56 4.099 -1.776
-15.56 4.151 -1.778
-15.561 4.203 -1.78
-15.569 4.232 -1.782
-15.571 4.285 -1.783
-15.577 4.339 -1.786
-15.573 4.391 -1.787
-15.574 4.444 -1.789
-15.568 4.495 -1.79
-15.536 4.539 -1.788
-15.478 4.575 -1.782
-15.486 4.604 -1.784
-15.553 4.677 -1.795
-15.552 4.73 -1.796
-15.558 4.785 -1.799
-15.545 4.834 -1.799
-15.543 4.887 -1.801
-15.542 4.941 -1.803
-15.614 4.991 -1.813
-15.629 5.049 -1.817
-5.453 15.977 -1.458
-5.408 16.009 -1.46
-5.42 16.21 -1.479
-5.407 16.341 -1.49
-5.398 16.486 -1.504
-5.413 16.621 -1.517
-5.503 21.633 -1.444
-5.55 21.961 -1.468
-5.526 22.156 -1.481
-5.487 22.298 -1.491
-5.451 22.456 -1.501
-5.388 22.504 -1.504
-18.801 35.246 -1.573
-18.818 35.547 -1.585
-18.831 35.844 -1.597
-18.825 36.107 -1.607
-18.894 36.38 -1.62
-18.907 36.686 -1.632
