2.0573 -0.216059 0.02753 -0.00117038
1.545 4.047 -1.709
1.545 4.029 -1.702
1.55 4.005 -1.693
1.553 3.977 -1.682
1.565 3.97 -1.682
1.56 3.922 -1.662
1.563 3.894 -1.651
1.461 4.514 -1.683
1.473 4.5 -1.679
1.472 4.452 -1.662
1.485 4.445 -1.661
1.495 4.452 -1.664
1.497 4.412 -1.65
1.507 4.396 -1.646
1.519 4.386 -1.644
1.528 4.367 -1.638
1.54 4.359 -1.637
1.536 4.327 -1.625
1.501 5.644 -1.686
1.511 5.609 -1.676
1.517 5.562 -1.663
1.523 5.513 -1.649
1.53 5.471 -1.637
1.533 5.415 -1.62
1.476 6.491 -1.686
1.495 6.485 -1.685
1.512 6.463 -1.68
1.521 6.411 -1.667
1.516 6.343 -1.649
1.522 6.278 -1.632
1.484 7.65 -1.682
1.504 7.627 -1.678
1.505 7.567 -1.664
1.512 7.48 -1.645
1.517 7.382 -1.623
1.524 7.3 -1.604
1.479 9.215 -1.682
1.487 9.17 -1.674
1.5 9.068 -1.655
1.505 8.92 -1.627
1.513 8.799 -1.604
1.339 11.212 -1.668
1.374 11.211 -1.668
1.408 11.193 -1.666
1.43 11.089 -1.65
1.457 11.026 -1.641
1.471 10.86 -1.615
1.462 10.664 -1.584
1.474 10.509 -1.56
1.704 13.296 -1.515
1.743 13.273 -1.513
1.782 13.243 -1.51
1.821 13.224 -1.508
1.861 13.205 -1.506
1.879 13.184 -1.504
1.918 13.162 -1.502
1.958 13.146 -1.501
1.997 13.128 -1.499
2.036 13.106 -1.497
2.075 13.086 -1.495
2.113 13.062 -1.493
2.132 13.045 -1.491
2.171 13.028 -1.49
2.208 13.002 -1.487
2.247 12.981 -1.486
2.284 12.955 -1.483
2.325 12.945 -1.483
2.364 12.932 -1.482
2.382 12.913 -1.48
2.42 12.896 -1.479
2.458 12.876 -1.477
2.505 12.898 -1.481
2.546 12.894 -1.482
2.582 12.866 -1.479
2.615 12.821 -1.474
2.629 12.786 -1.47
2.666 12.762 -1.468
2.703 12.742 -1.467
2.739 12.712 -1.464
6.694 5.247 -0.744
6.623 5.157 -0.731
6.49 5.02 -0.71
6.608 5.079 -0.725
6.55 5.018 -0.715
6.479 4.93 -0.703
6.468 4.89 -0.699
6.442 4.838 -0.694
3.252 21.532 -1.403
3.293 21.346 -1.39
3.312 21.032 -1.368
3.347 20.825 -1.353
3.36 20.699 -1.344
2.913 30.741 -1.347
2.999 30.626 -1.342
3.081 30.477 -1.335
3.16 30.306 -1.326
3.136 29.618 -1.292
