2.34021 -0.194704 0.0285918 -0.00122955
1.955 3.942 -1.738
1.961 3.922 -1.731
1.96 3.89 -1.719
1.966 3.872 -1.713
1.968 3.846 -1.704
1.964 3.824 -1.695
1.973 3.813 -1.692
1.971 3.779 -1.679
1.927 4.427 -1.715
1.928 4.409 -1.708
1.921 4.357 -1.689
1.897 4.267 -1.654
1.936 4.319 -1.679
1.927 4.262 -1.657
1.916 4.205 -1.636
1.934 4.208 -1.64
1.949 4.223 -1.647
1.936 4.161 -1.624
1.952 4.162 -1.627
1.953 4.13 -1.616
1.956 4.104 -1.608
1.922 5.053 -1.721
1.937 5.044 -1.72
1.941 5.009 -1.709
1.947 4.977 -1.7
1.948 4.936 -1.687
1.938 4.889 -1.671
1.946 4.863 -1.663
1.93 5.625 -1.719
1.941 5.599 -1.713
1.945 5.551 -1.699
1.949 5.507 -1.687
1.953 5.465 -1.675
1.947 5.42 -1.661
1.955 6.452 -1.709
1.957 6.387 -1.692
1.952 6.298 -1.668
1.952 6.227 -1.65
1.944 6.167 -1.634
1.96 6.152 -1.631
1.96 7.687 -1.715
1.979 7.66 -1.71
1.988 7.598 -1.696
1.991 7.512 -1.677
1.994 7.429 -1.659
1.985 7.348 -1.64
2.009 9.238 -1.706
2.035 9.219 -1.703
2.048 9.139 -1.689
2.052 9.022 -1.667
2.039 8.833 -1.631
2.054 8.773 -1.62
2.066 11.053 -1.66
2.082 11.043 -1.659
2.112 11.012 -1.655
2.112 10.825 -1.626
2.107 10.618 -1.594
2.915 12.75 -1.474
2.952 12.725 -1.472
2.97 12.715 -1.471
3.007 12.694 -1.469
3.045 12.673 -1.468
3.083 12.657 -1.467
3.119 12.634 -1.465
3.158 12.619 -1.464
3.199 12.614 -1.465
3.213 12.59 -1.463
3.25 12.568 -1.461
3.288 12.552 -1.46
3.328 12.544 -1.461
3.363 12.516 -1.458
3.4 12.498 -1.457
3.42 12.494 -1.458
3.459 12.482 -1.457
3.496 12.465 -1.457
3.531 12.437 -1.454
3.565 12.409 -1.452
3.602 12.394 -1.451
3.64 12.376 -1.451
3.651 12.342 -1.447
3.687 12.321 -1.446
3.722 12.3 -1.444
3.758 12.279 -1.443
3.794 12.257 -1.442
3.826 12.227 -1.439
3.862 12.207 -1.438
3.881 12.199 -1.438
3.915 12.173 -1.436
3.947 12.144 -1.434
3.986 12.134 -1.434
4.02 12.108 -1.432
4.055 12.088 -1.431
4.091 12.069 -1.431
4.108 12.057 -1.43
4.141 12.029 -1.428
4.179 12.018 -1.428
4.213 11.994 -1.427
4.246 11.965 -1.425
4.284 11.956 -1.425
4.317 11.927 -1.423
4.332 11.911 -1.422
8.91 6.955 -0.98
8.838 6.877 -0.969
8.767 6.777 -0.956
8.775 6.74 -0.955
8.677 6.622 -0.939
8.717 6.609 -0.942
8.643 6.51 -0.929
8.696 6.508 -0.934
8.601 6.416 -0.92
8.878 14.563 -0.761
8.927 14.541 -0.762
8.955 14.484 -0.76
8.973 14.411 -0.757
8.944 14.265 -0.749
8.782 13.911 -0.727
8.924 14.086 -0.74
8.848 13.87 -0.727
8.918 13.884 -0.73
8.873 13.718 -0.721
8.888 13.648 -0.718
8.833 13.472 -0.708
