-5.1893 -0.0196148 0.000466074 -7.00565e-06
-5.235 2.419 -1.663
-5.24 2.441 -1.668
-5.243 2.462 -1.671
-5.24 2.481 -1.673
-5.236 2.499 -1.674
-5.219 2.512 -1.671
-5.237 2.54 -1.68
-5.237 2.55 -1.681
-5.23 2.568 -1.682
-5.217 2.582 -1.68
-5.219 2.603 -1.684
-5.209 2.618 -1.683
-5.213 2.641 -1.687
-5.213 2.661 -1.69
-5.211 2.671 -1.691
-5.2 2.686 -1.69
-5.18 2.696 -1.686
-5.221 2.738 -1.703
-5.177 2.736 -1.691
-5.195 2.766 -1.7
-5.212 2.796 -1.709
-5.209 2.805 -1.71
-5.205 2.824 -1.711
-5.208 2.847 -1.716
-5.204 2.866 -1.717
-5.299 3.816 -1.651
-5.302 3.844 -1.656
-5.307 3.86 -1.66
-5.303 3.882 -1.663
-5.297 3.904 -1.665
-5.299 3.93 -1.669
-5.303 3.96 -1.675
-5.297 3.981 -1.677
-5.284 3.998 -1.677
-5.3 4.022 -1.685
-5.287 4.039 -1.685
-5.297 4.073 -1.693
-5.289 4.093 -1.694
-5.278 4.111 -1.695
-5.282 4.14 -1.7
-5.278 4.164 -1.704
-5.276 4.176 -1.705
-5.326 5.326 -1.622
-5.321 5.355 -1.626
-5.315 5.383 -1.629
-5.312 5.413 -1.634
-5.298 5.433 -1.635
-5.297 5.466 -1.64
-5.317 5.521 -1.652
-5.32 5.542 -1.656
-5.313 5.569 -1.66
-5.305 5.596 -1.663
-5.29 5.615 -1.664
-5.293 5.653 -1.671
-5.29 5.686 -1.676
-5.333 7.207 -1.611
-5.34 7.263 -1.621
-5.34 7.311 -1.628
-5.338 7.357 -1.635
-5.333 7.399 -1.641
-5.311 7.417 -1.642
-5.313 7.469 -1.65
-5.333 7.522 -1.661
-5.354 9.377 -1.589
-5.351 9.44 -1.598
-5.349 9.505 -1.607
-5.341 9.561 -1.614
-5.325 9.604 -1.619
-5.347 9.678 -1.63
-5.341 9.739 -1.639
-5.335 9.801 -1.647
-16.185 6.405 -1.938
-16.182 6.462 -1.94
-16.18 6.521 -1.942
-16.178 6.579 -1.945
-16.175 6.637 -1.947
-16.178 6.698 -1.95
-16.175 6.756 -1.953
-16.187 6.791 -1.956
-16.187 6.851 -1.959
-16.189 6.912 -1.962
-16.171 6.964 -1.962
-16.175 7.026 -1.966
-16.131 7.067 -1.963
-16.183 7.12 -1.971
-16.145 7.164 -1.969
-16.184 7.242 -1.977
-16.175 7.3 -1.979
-16.179 7.363 -1.983
-16.172 7.421 -1.985
-16.171 7.482 -1.988
-16.168 7.511 -1.989
-5.386 16.804 -1.533
-5.388 16.902 -1.542
-5.392 17.099 -1.561
-5.38 17.248 -1.574
-5.367 17.4 -1.588
-5.476 22.105 -1.477
-5.533 22.481 -1.505
-5.518 22.729 -1.522
-5.447 22.747 -1.522
-5.439 23.031 -1.542
-5.378 23.097 -1.546
-5.319 23.174 -1.551
-5.255 23.231 -1.554
-5.836 36.113 -1.423
-5.743 36.264 -1.429
-5.766 36.78 -1.452
-5.712 37.205 -1.471
-5.611 37.327 -1.475
-5.503 37.41 -1.478
