-4.95273 -0.109119 0.0096023 -0.000262071
-5.309 3.798 -1.651
-5.313 3.826 -1.656
-5.324 3.847 -1.662
-5.318 3.868 -1.664
-5.323 3.897 -1.669
-5.306 3.91 -1.668
-5.305 3.935 -1.672
-5.325 3.976 -1.683
-5.312 3.992 -1.683
-5.305 4 -1.682
-5.3 4.022 -1.685
-5.281 4.034 -1.683
-5.265 4.048 -1.682
-5.271 4.079 -1.688
-5.269 4.104 -1.692
-5.269 4.131 -1.696
-5.234 4.117 -1.686
-5.247 4.153 -1.695
-5.238 4.173 -1.697
-5.236 4.198 -1.7
-5.244 4.232 -1.708
-5.332 5.366 -1.629
-5.34 5.408 -1.637
-5.344 5.445 -1.644
-5.325 5.461 -1.644
-5.326 5.495 -1.65
-5.347 5.535 -1.66
-5.332 5.554 -1.66
-5.33 5.586 -1.665
-5.336 5.628 -1.674
-5.337 5.665 -1.68
-5.354 7.282 -1.625
-5.359 7.337 -1.635
-5.359 7.385 -1.642
-5.34 7.408 -1.644
-5.331 7.444 -1.648
-5.327 7.464 -1.651
-5.33 7.517 -1.66
-5.322 7.556 -1.665
-5.317 7.6 -1.671
-5.309 7.639 -1.677
-5.291 7.664 -1.679
-5.289 7.687 -1.682
-5.339 9.488 -1.603
-5.337 9.554 -1.613
-5.355 9.621 -1.623
-5.359 9.7 -1.635
-5.35 9.755 -1.641
-5.338 9.806 -1.648
-5.332 9.868 -1.656
-5.314 9.909 -1.66
-16.676 5.735 -1.966
-16.695 5.771 -1.969
-16.705 5.833 -1.973
-16.694 5.888 -1.974
-16.696 5.948 -1.977
-16.696 6.007 -1.979
-16.694 6.066 -1.981
-16.716 6.103 -1.986
-16.718 6.163 -1.988
-16.884 6.285 -2.013
-16.716 6.282 -1.993
-16.696 6.335 -1.993
-16.722 6.405 -1.999
-16.735 6.47 -2.004
-16.722 6.526 -2.005
-16.732 6.56 -2.007
-16.739 6.623 -2.011
-16.731 6.681 -2.013
-16.744 6.747 -2.017
-16.728 6.802 -2.018
-5.393 17.102 -1.561
-5.35 17.153 -1.565
-5.364 17.389 -1.587
-5.355 17.556 -1.603
-5.361 17.675 -1.614
-32.512 12.933 -2.205
-32.979 13.239 -2.243
-33.127 13.42 -2.257
-33.271 13.6 -2.271
-33.223 13.702 -2.27
-32.551 13.485 -2.222
-32.58 13.617 -2.227
-32.609 13.749 -2.233
-32.857 13.976 -2.255
-5.788 37.703 -1.493
-5.739 38.181 -1.514
-5.708 38.806 -1.541
-5.559 39.074 -1.552
-5.442 39.132 -1.554
-5.324 39.191 -1.556
-5.206 39.245 -1.557
-5.093 39.343 -1.561
-4.977 39.416 -1.563
