2.09787 -0.305104 0.0393926 -0.00170568
1.345 4.182 -1.734
1.353 4.16 -1.727
1.353 4.14 -1.719
1.355 4.103 -1.704
1.357 4.067 -1.69
1.359 4.031 -1.676
1.309 4.685 -1.728
1.315 4.679 -1.727
1.326 4.663 -1.722
1.335 4.64 -1.715
1.34 4.604 -1.702
1.34 4.551 -1.683
1.344 4.513 -1.669
1.296 5.821 -1.724
1.306 5.778 -1.712
1.32 5.755 -1.706
1.322 5.725 -1.697
1.328 5.669 -1.681
1.332 5.605 -1.662
1.307 6.665 -1.722
1.319 6.619 -1.711
1.326 6.541 -1.69
1.331 6.462 -1.669
1.325 6.382 -1.648
1.303 7.835 -1.717
1.307 7.783 -1.705
1.317 7.693 -1.685
1.323 7.581 -1.66
1.332 7.492 -1.64
1.336 7.377 -1.613
1.246 9.465 -1.724
1.272 9.438 -1.719
1.303 9.439 -1.72
1.317 9.322 -1.698
1.323 9.155 -1.666
1.329 8.991 -1.635
1.338 8.857 -1.61
3.588 5.622 -0.999
3.532 5.496 -0.976
3.473 5.386 -0.956
3.481 5.362 -0.953
3.517 5.381 -0.959
3.52 5.349 -0.955
3.511 5.298 -0.947
3.469 5.2 -0.929
3.728 6.472 -0.859
3.713 6.4 -0.849
3.691 6.34 -0.84
3.642 6.21 -0.821
3.654 6.187 -0.819
3.648 6.133 -0.812
3.642 6.079 -0.805
8.116 11.927 -1.306
8.102 11.826 -1.296
8.108 11.757 -1.29
8.117 11.69 -1.285
8.152 11.663 -1.285
8.161 11.637 -1.283
8.181 11.587 -1.28
8.186 11.518 -1.275
8.211 11.478 -1.273
8.194 11.378 -1.263
8.263 11.398 -1.269
8.284 11.351 -1.267
8.295 11.329 -1.265
8.311 11.277 -1.262
8.34 11.241 -1.261
8.356 11.19 -1.257
8.388 11.16 -1.257
8.385 11.083 -1.25
