1.53848 0.0415499 -0.0109723 0.000606875
1.569 4.111 -1.738
1.571 4.078 -1.725
1.576 4.053 -1.716
1.581 4.029 -1.707
1.581 4.009 -1.699
1.581 3.974 -1.685
1.497 5.173 -1.714
1.516 5.176 -1.716
1.53 5.164 -1.714
1.543 5.15 -1.711
1.543 5.093 -1.692
1.548 5.052 -1.679
1.548 5.022 -1.669
1.554 4.986 -1.658
1.528 5.783 -1.73
1.533 5.728 -1.714
1.548 5.712 -1.71
1.547 5.637 -1.688
1.543 5.587 -1.672
1.552 5.552 -1.663
1.557 5.501 -1.648
1.52 6.644 -1.729
1.527 6.626 -1.725
1.537 6.574 -1.711
1.541 6.498 -1.692
1.549 6.439 -1.676
1.512 7.802 -1.718
1.521 7.716 -1.699
1.534 7.652 -1.685
1.539 7.55 -1.662
1.521 9.48 -1.734
1.535 9.377 -1.715
1.538 9.207 -1.683
1.544 9.067 -1.656
1.56 8.99 -1.642
1.571 8.966 -1.638
6.693 7.596 -1.482
6.633 7.48 -1.462
6.533 7.321 -1.433
6.542 7.284 -1.429
4.317 14.663 -1.756
4.336 14.643 -1.754
4.379 14.618 -1.752
4.415 14.571 -1.748
4.458 14.548 -1.747
4.495 14.507 -1.743
4.535 14.476 -1.741
4.576 14.447 -1.739
4.59 14.413 -1.735
4.631 14.385 -1.734
4.676 14.369 -1.733
4.717 14.343 -1.732
4.756 14.311 -1.73
4.799 14.29 -1.729
4.839 14.26 -1.727
4.857 14.24 -1.725
4.896 14.209 -1.723
4.938 14.186 -1.722
4.974 14.146 -1.719
5.017 14.125 -1.718
5.058 14.1 -1.717
5.093 14.06 -1.713
5.115 14.052 -1.713
5.152 14.015 -1.71
5.196 13.999 -1.71
5.235 13.969 -1.709
5.273 13.938 -1.707
5.311 13.905 -1.704
2.905 27.808 -1.859
2.991 27.783 -1.858
3.076 27.757 -1.857
3.162 27.734 -1.856
3.204 27.721 -1.855
3.284 27.647 -1.85
3.363 27.573 -1.846
3.443 27.511 -1.842
3.522 27.437 -1.837
3.597 27.345 -1.831
3.686 27.353 -1.833
3.724 27.312 -1.83
3.804 27.256 -1.827
3.883 27.199 -1.823
3.961 27.137 -1.82
4.037 27.063 -1.815
4.115 27.005 -1.812
4.149 26.943 -1.808
4.708 35.88 -1.613
4.774 35.515 -1.596
4.715 34.658 -1.553
