1.12875 0.20702 -0.028488 0.00108791
1.594 4.117 -1.744
1.595 4.083 -1.731
1.605 4.069 -1.727
1.608 4.04 -1.716
1.609 4.008 -1.703
1.606 3.981 -1.692
1.569 4.667 -1.751
1.568 4.617 -1.733
1.561 4.552 -1.708
1.579 4.555 -1.712
1.581 4.517 -1.699
1.585 4.482 -1.686
1.59 4.453 -1.676
1.539 5.224 -1.734
1.55 5.199 -1.727
1.559 5.173 -1.72
1.563 5.126 -1.705
1.566 5.08 -1.69
1.57 5.037 -1.676
1.534 5.807 -1.737
1.549 5.751 -1.722
1.555 5.7 -1.707
1.557 5.64 -1.689
1.568 5.608 -1.681
1.536 6.664 -1.735
1.542 6.595 -1.717
1.552 6.541 -1.704
1.548 6.479 -1.687
1.551 6.4 -1.666
1.559 6.347 -1.653
1.497 7.854 -1.729
1.509 7.85 -1.729
1.525 7.803 -1.719
1.529 7.691 -1.693
1.537 7.606 -1.674
1.54 7.498 -1.65
1.556 7.455 -1.641
1.573 7.421 -1.634
1.454 9.435 -1.724
1.478 9.4 -1.718
1.492 9.296 -1.698
1.503 9.268 -1.693
1.506 9.101 -1.661
1.413 11.531 -1.72
1.442 11.468 -1.71
1.453 11.269 -1.679
1.467 11.102 -1.653
1.31 15.046 -1.732
1.354 15.006 -1.728
1.392 14.915 -1.717
1.391 14.658 -1.684
1.411 14.389 -1.65
1.449 14.311 -1.64
2.015 19.531 -1.728
2.072 19.481 -1.724
2.131 19.452 -1.722
2.159 19.427 -1.72
2.217 19.399 -1.718
2.276 19.368 -1.715
2.335 19.351 -1.714
2.393 19.318 -1.712
2.452 19.294 -1.71
2.509 19.259 -1.707
2.532 19.199 -1.702
2.588 19.162 -1.699
2.641 19.102 -1.694
2.696 19.055 -1.69
2.753 19.028 -1.688
2.804 18.96 -1.682
2.856 18.898 -1.677
6.405 25.224 -1.716
6.434 25.009 -1.702
6.357 24.388 -1.656
6.407 24.267 -1.648
6.443 24.248 -1.647
