-375.03 351.321 -107.419 10.9188
3.609 2.142 -1.652
3.603 2.124 -1.646
3.631 2.132 -1.658
3.605 2.102 -1.642
3.578 2.072 -1.626
3.509 2.018 -1.589
5.752 2.713 -1.605
5.677 2.656 -1.58
5.634 2.614 -1.565
5.625 2.588 -1.559
5.508 2.523 -1.523
6.696 3.048 -1.581
6.702 3.025 -1.58
6.693 2.996 -1.576
6.671 2.96 -1.567
6.659 2.93 -1.562
6.675 2.912 -1.564
6.678 2.901 -1.563
6.669 2.872 -1.559
6.547 2.795 -1.526
7.945 3.124 -1.528
7.902 3.078 -1.517
7.861 3.048 -1.508
7.792 2.993 -1.492
7.666 2.916 -1.463
10.554 2.194 -1.255
10.304 2.107 -1.219
10.189 2.05 -1.203
10.043 1.988 -1.182
10.133 1.973 -1.193
10.116 1.936 -1.19
10.039 1.905 -1.179
9.872 1.841 -1.155
