94.8387 -27.8744 2.76297 -0.084439
4.475 7.057 -1.813
4.48 7.04 -1.81
4.499 7.021 -1.808
4.508 6.987 -1.803
4.468 6.876 -1.776
4.483 6.852 -1.774
4.508 6.843 -1.775
4.527 6.825 -1.774
4.532 6.809 -1.771
4.556 6.799 -1.773
4.571 6.775 -1.77
4.598 6.769 -1.772
4.616 6.749 -1.771
4.641 6.741 -1.773
4.645 6.724 -1.77
4.664 6.707 -1.769
4.681 6.686 -1.767
4.698 6.666 -1.766
4.717 6.648 -1.765
4.734 6.628 -1.764
4.756 6.615 -1.764
4.758 6.595 -1.761
14.083 14.422 -1.78
13.882 14.126 -1.745
13.826 14.025 -1.734
13.783 13.894 -1.722
