-0.00156913 0.0326947 -0.225456 2.56208
2.08526 4.82106 -1.40746
2.08661 4.77834 -1.39711
2.08302 4.72507 -1.38365
2.08304 4.67858 -1.37226
2.08431 4.6378 -1.36242
2.09091 4.60938 -1.35621
2.0168 5.84726 -1.42799
2.02848 5.81846 -1.42259
2.04424 5.79848 -1.41944
2.06251 5.7858 -1.41809
2.07807 5.76573 -1.41494
2.07816 5.70352 -1.40145
2.08055 5.64868 -1.38975
2.07714 5.57929 -1.37445
2.02608 7.23708 -1.46083
2.04436 7.20541 -1.45587
2.05865 7.16049 -1.44824
2.06441 7.08729 -1.43488
2.07136 7.01979 -1.42267
2.07224 6.93351 -1.40664
2.01164 9.2417 -1.49802
2.03545 9.20412 -1.49301
2.05587 9.14492 -1.48456
2.06446 9.03563 -1.46798
2.06561 8.89752 -1.44671
1.9462 12.414 -1.54287
1.98764 12.3954 -1.5414
2.02415 12.3472 -1.53629
2.05772 12.2833 -1.52922
2.06309 12.0569 -1.50192
2.06417 11.815 -1.47267
2.06916 11.6044 -1.44732
