837.865 -20.8102 -6.86233 0.294344
-5.707 18.844 -2.218
-5.655 18.887 -2.221
-5.601 18.92 -2.223
-5.54 18.931 -2.222
-5.485 18.966 -2.225
-5.432 19.006 -2.228
-5.399 19.003 -2.226
-5.35 19.058 -2.231
-5.292 19.08 -2.232
-5.233 19.103 -2.232
-5.172 19.113 -2.232
-5.123 19.174 -2.237
-5.096 19.191 -2.238
-5.049 19.257 -2.245
-4.992 19.286 -2.247
-4.946 19.36 -2.254
-4.895 19.415 -2.259
-4.853 19.506 -2.268
-4.796 19.538 -2.271
-13.943 27.31 -2.617
-14.093 27.821 -2.665
-14.239 28.33 -2.713
-14.339 28.641 -2.743
-14.277 28.743 -2.749
-14.195 28.806 -2.75
-14.093 28.825 -2.748
-14 28.866 -2.748
-21.817 30.333 -2.369
-21.857 30.592 -2.385
-21.887 30.838 -2.4
-21.924 31.097 -2.416
-21.945 31.231 -2.424
-50.887 15.493 -2.162
-50.962 15.603 -2.167
-51.01 15.793 -2.171
-51.069 15.987 -2.176
-51.122 16.18 -2.181
-51.196 16.381 -2.187
-51.228 16.569 -2.191
-51.28 16.764 -2.196
-51.377 16.885 -2.202
-51.484 17.28 -2.212
-51.533 17.477 -2.217
