-1.83838 0.113677 -0.0202779 0.000364677
-6.5 7.379 -1.779
-6.497 7.423 -1.785
-6.497 7.47 -1.792
-6.496 7.515 -1.799
-6.469 7.533 -1.798
-6.461 7.571 -1.803
-6.444 7.599 -1.804
-6.455 7.636 -1.811
-6.417 7.639 -1.807
-6.394 7.661 -1.807
-6.361 7.67 -1.805
-6.353 7.71 -1.81
-6.341 7.745 -1.814
-6.326 7.776 -1.816
-6.34 7.818 -1.824
-6.33 7.856 -1.829
-6.312 7.885 -1.831
-6.285 7.901 -1.83
-6.273 7.937 -1.834
-6.577 14.325 -1.736
-6.558 14.404 -1.744
-6.537 14.477 -1.751
-6.505 14.528 -1.755
-6.489 14.553 -1.757
-6.479 14.653 -1.768
-6.466 14.749 -1.778
-6.447 14.831 -1.786
-6.807 24.33 -1.66
-6.745 24.401 -1.664
-6.721 24.617 -1.679
-6.683 24.784 -1.69
-6.686 24.951 -1.702
-6.659 25.164 -1.717
-7.018 34.453 -1.562
-6.967 34.759 -1.576
-6.914 35.067 -1.591
-6.889 35.526 -1.613
-6.85 35.928 -1.633
-6.799 36.275 -1.649
-6.693 36.341 -1.652
