2.6726 -0.116896 0.00753027 -9.54913e-05
2.254 3.69 -1.706
2.261 3.675 -1.702
2.252 3.636 -1.685
2.256 3.618 -1.68
2.264 3.604 -1.677
2.257 3.581 -1.667
2.263 3.566 -1.663
2.271 3.554 -1.661
2.269 3.527 -1.651
4.51 0.701 -1.481
4.504 0.686 -1.478
4.482 0.668 -1.47
4.417 0.643 -1.446
4.383 0.631 -1.433
4.355 0.613 -1.423
2.112 5.371 -1.665
2.125 5.353 -1.661
2.142 5.347 -1.661
2.153 5.326 -1.656
2.162 5.301 -1.65
2.171 5.275 -1.644
2.178 5.245 -1.636
2.179 5.224 -1.63
2.191 5.206 -1.627
2.205 5.192 -1.624
2.218 5.178 -1.622
2.234 5.171 -1.622
2.252 5.168 -1.623
2.264 5.152 -1.62
2.269 5.141 -1.618
2.286 5.136 -1.619
2.292 5.104 -1.61
2.302 5.085 -1.606
2.303 5.045 -1.595
2.318 5.034 -1.594
2.285 5.923 -1.602
2.29 5.881 -1.592
2.286 5.843 -1.582
2.301 5.825 -1.579
2.306 5.786 -1.569
2.318 5.762 -1.565
2.32 5.716 -1.553
2.334 5.699 -1.551
2.104 7.327 -1.643
2.118 7.289 -1.635
2.137 7.269 -1.632
2.141 7.201 -1.617
2.141 7.158 -1.608
2.156 7.127 -1.602
2.173 7.102 -1.597
2.196 7.097 -1.598
2.218 7.088 -1.597
2.228 7.044 -1.588
2.094 8.818 -1.63
2.113 8.775 -1.623
2.122 8.692 -1.608
2.122 8.634 -1.597
2.139 8.585 -1.589
2.161 8.559 -1.585
2.187 8.549 -1.584
2.209 8.523 -1.58
2.224 8.472 -1.571
2.066 10.677 -1.602
2.096 10.649 -1.598
2.094 10.552 -1.583
2.106 10.437 -1.566
2.117 10.326 -1.549
2.133 10.238 -1.535
2.191 13.536 -1.554
2.209 13.382 -1.535
2.242 13.322 -1.529
2.276 13.272 -1.523
2.3 13.161 -1.51
2.314 13.004 -1.49
2.305 17.463 -1.53
2.33 17.439 -1.528
2.367 17.3 -1.515
2.398 17.123 -1.498
2.43 16.965 -1.483
2.453 16.747 -1.462
2.804 22.954 -1.503
2.857 22.788 -1.491
2.889 22.473 -1.468
2.928 22.22 -1.45
2.968 21.987 -1.434
5.363 31.569 -1.404
5.374 31.04 -1.378
5.431 30.794 -1.367
5.527 30.771 -1.366
5.614 30.705 -1.364
5.649 30.621 -1.36
5.73 30.523 -1.356
5.808 30.41 -1.351
