-7.13179 0.171263 -0.008566 0.000119
-6.241 9.112 -1.629
-6.225 9.15 -1.632
-6.202 9.177 -1.634
-6.188 9.22 -1.638
-6.159 9.239 -1.638
-6.14 9.273 -1.641
-6.172 9.353 -1.654
-6.164 9.404 -1.66
-6.152 9.452 -1.666
-6.143 9.502 -1.672
-6.129 9.546 -1.676
-6.099 9.566 -1.676
-6.085 9.61 -1.681
-6.254 13.853 -1.667
-6.25 13.959 -1.678
-6.22 14.012 -1.683
-6.244 14.125 -1.697
-6.196 14.135 -1.695
-6.198 14.262 -1.71
-6.186 14.356 -1.72
-6.159 14.417 -1.725
-6.249 17.662 -1.64
-6.221 17.758 -1.648
-6.215 17.921 -1.663
-6.201 18.064 -1.676
-6.152 18.104 -1.678
-6.143 18.172 -1.684
-6.114 18.276 -1.693
-6.074 18.347 -1.698
-6.349 23.847 -1.617
-6.366 24.06 -1.633
-6.317 24.182 -1.64
-6.283 24.366 -1.653
-6.233 24.488 -1.661
-6.167 24.55 -1.664
-6.101 24.615 -1.667
-6.657 36.451 -1.444
-6.599 36.788 -1.459
-6.559 37.242 -1.478
-6.61 37.88 -1.507
-6.555 38.278 -1.524
-6.505 38.721 -1.543
-6.396 38.814 -1.546
-15.127 46.505 -0.82
-15.204 47.247 -0.836
-15.212 47.788 -0.846
-15.283 48.275 -0.857
-15.2 48.541 -0.861
-15.346 49.557 -0.883
