2.94717 -0.350953 0.0397052 -0.00134776
3.145 2.522 -1.582
3.111 2.479 -1.56
3.11 2.462 -1.555
3.047 2.397 -1.517
3.127 2.444 -1.556
3.094 2.402 -1.534
3.093 2.386 -1.529
1.96 4.425 -1.719
1.963 4.395 -1.709
1.973 4.381 -1.706
1.978 4.356 -1.698
1.988 4.343 -1.695
2.001 4.335 -1.694
2.003 4.32 -1.689
2.009 4.298 -1.683
2.022 4.292 -1.683
2.032 4.277 -1.679
2.04 4.261 -1.675
2.064 4.274 -1.684
2.066 4.246 -1.674
2.065 4.226 -1.667
1.967 5.005 -1.711
1.966 4.981 -1.703
1.975 4.958 -1.697
1.984 4.936 -1.691
1.996 4.921 -1.688
2.003 4.895 -1.681
2.022 4.897 -1.684
2.027 4.865 -1.674
2.029 4.849 -1.67
2.047 4.848 -1.672
2.052 4.819 -1.663
2.061 4.797 -1.658
1.983 5.576 -1.71
1.983 5.521 -1.694
1.986 5.502 -1.689
2.002 5.492 -1.688
2.016 5.479 -1.685
2.029 5.46 -1.681
2.029 5.407 -1.666
2.036 5.373 -1.657
1.929 6.476 -1.713
1.951 6.478 -1.715
1.968 6.46 -1.712
1.981 6.43 -1.705
1.994 6.4 -1.698
1.991 6.354 -1.686
2.004 6.328 -1.68
2.027 6.329 -1.683
2.032 6.278 -1.67
2.056 6.283 -1.673
2.074 6.271 -1.672
2.084 6.235 -1.663
1.967 7.665 -1.71
1.987 7.644 -1.706
1.998 7.585 -1.694
1.999 7.542 -1.684
2.017 7.513 -1.679
2.027 7.456 -1.667
2.037 7.403 -1.655
1.996 9.247 -1.707
2.016 9.201 -1.699
2.027 9.112 -1.683
2.053 9.094 -1.681
2.073 9.051 -1.673
2.068 8.897 -1.644
2.017 11.28 -1.694
2.036 11.187 -1.68
2.039 11.1 -1.667
2.064 11.043 -1.659
2.088 10.976 -1.649
2.106 10.886 -1.635
2.054 14.718 -1.701
2.084 14.602 -1.687
2.088 14.469 -1.67
2.127 14.421 -1.665
2.166 14.373 -1.66
2.198 14.284 -1.649
2.217 14.108 -1.627
11.039 9.387 -1.312
10.799 9.125 -1.275
10.799 9.067 -1.272
10.87 9.069 -1.277
11 9.118 -1.291
10.922 9.025 -1.279
10.936 8.979 -1.277
10.901 8.894 -1.268
10.957 8.882 -1.272
10.915 8.791 -1.263
10.928 8.746 -1.261
10.996 8.744 -1.266
10.904 8.642 -1.252
2.109 25.605 -1.692
2.174 25.415 -1.678
2.168 24.877 -1.639
2.212 24.495 -1.611
2.241 23.967 -1.572
6.729 29.853 -1.333
6.816 29.801 -1.331
6.873 29.622 -1.323
6.881 29.444 -1.315
6.957 29.354 -1.311
7.085 29.48 -1.319
7.11 29.18 -1.304
7.182 29.079 -1.3
7.147 28.547 -1.274
