2.31594 -0.0332094 0.00318071 -4.70393e-05
2.268 3.673 -1.703
2.261 3.65 -1.692
2.264 3.63 -1.686
2.285 3.637 -1.693
2.27 3.589 -1.673
2.284 3.587 -1.675
2.285 3.563 -1.667
2.283 3.535 -1.657
2.276 3.513 -1.647
2.114 4.292 -1.698
2.122 4.275 -1.694
2.13 4.257 -1.689
2.136 4.236 -1.683
2.145 4.221 -1.679
2.152 4.203 -1.674
2.169 4.203 -1.677
2.168 4.185 -1.671
2.186 4.188 -1.675
2.192 4.168 -1.669
2.198 4.146 -1.663
2.211 4.141 -1.664
2.223 4.13 -1.662
2.23 4.128 -1.663
2.243 4.121 -1.663
2.25 4.103 -1.658
2.262 4.094 -1.657
2.267 4.074 -1.652
2.278 4.064 -1.65
2.289 4.053 -1.649
2.292 4.045 -1.647
2.146 5.433 -1.687
2.149 5.389 -1.674
2.154 5.354 -1.665
2.17 5.345 -1.664
2.181 5.322 -1.659
2.191 5.323 -1.66
2.205 5.31 -1.658
2.228 5.318 -1.663
2.238 5.296 -1.658
2.245 5.265 -1.65
2.256 5.245 -1.646
2.266 5.222 -1.64
2.274 5.219 -1.64
2.283 5.194 -1.635
2.131 6.28 -1.679
2.142 6.248 -1.672
2.153 6.215 -1.664
2.168 6.194 -1.66
2.18 6.165 -1.654
2.198 6.157 -1.653
2.208 6.153 -1.653
2.219 6.123 -1.646
2.235 6.107 -1.644
2.251 6.092 -1.642
2.268 6.08 -1.64
2.277 6.044 -1.632
2.288 6.015 -1.625
2.138 7.449 -1.672
2.154 7.414 -1.665
2.166 7.368 -1.656
2.183 7.343 -1.651
2.197 7.306 -1.644
2.215 7.282 -1.64
2.224 7.269 -1.638
2.252 7.279 -1.642
2.262 7.231 -1.632
2.282 7.215 -1.63
2.297 7.183 -1.624
2.3 7.115 -1.609
2.164 8.991 -1.666
2.179 8.931 -1.655
2.191 8.856 -1.642
2.206 8.797 -1.631
2.233 8.79 -1.631
2.242 8.768 -1.628
2.269 8.757 -1.627
2.296 8.748 -1.627
2.313 8.7 -1.619
2.312 8.587 -1.597
2.17 10.851 -1.632
2.195 10.796 -1.624
2.208 10.687 -1.608
2.22 10.662 -1.604
2.25 10.635 -1.601
2.28 10.615 -1.599
2.305 10.567 -1.592
2.319 10.473 -1.578
2.273 14.174 -1.637
2.316 14.157 -1.635
2.309 13.979 -1.613
2.334 13.86 -1.598
2.372 13.825 -1.595
2.403 13.747 -1.586
2.429 13.642 -1.573
2.309 18.393 -1.621
2.368 18.392 -1.621
2.425 18.378 -1.621
2.445 18.093 -1.593
2.472 17.866 -1.571
2.512 17.742 -1.56
2.509 17.525 -1.539
2.553 17.438 -1.531
2.592 17.326 -1.521
10.751 11.643 -1.07
10.592 11.399 -1.047
10.426 11.186 -1.026
10.456 11.147 -1.025
10.344 10.959 -1.008
10.54 9.43 -0.597
10.442 9.285 -0.587
10.455 9.237 -0.586
10.497 9.216 -0.587
10.41 9.111 -0.579
10.42 9.062 -0.578
10.429 9.012 -0.576
10.398 8.929 -0.572
10.43 8.9 -0.572
10.426 8.84 -0.57
10.401 8.763 -0.566
10.416 8.748 -0.566
10.488 8.752 -0.569
10.541 8.74 -0.571
10.506 8.655 -0.567
10.444 8.55 -0.56
10.405 8.463 -0.555
10.467 8.46 -0.558
10.457 8.424 -0.556
10.53 8.429 -0.56
10.53 8.375 -0.558
10.496 8.295 -0.554
10.584 8.309 -0.558
10.581 8.254 -0.556
10.478 8.121 -0.547
10.418 8.048 -0.541
