-6.88329 0.139415 -0.0103417 0.000259049
-6.873 2.747 -1.591
-6.889 2.779 -1.598
-6.881 2.8 -1.598
-6.883 2.826 -1.6
-6.901 2.859 -1.607
-6.895 2.882 -1.608
-6.893 2.907 -1.61
-6.923 2.932 -1.618
-6.939 2.964 -1.625
-6.928 2.985 -1.624
-6.959 3.025 -1.635
-6.982 3.061 -1.643
-8.083 3.266 -1.563
-8.229 3.355 -1.596
-8.322 3.423 -1.618
-8.391 3.482 -1.635
-8.384 3.51 -1.635
-8.4 3.532 -1.64
-8.369 3.55 -1.636
-8.385 3.588 -1.641
-8.406 3.628 -1.648
-6.265 8.787 -1.588
-6.252 8.828 -1.593
-6.274 8.918 -1.606
-6.297 8.98 -1.616
-6.292 9.034 -1.623
-6.291 9.092 -1.63
-6.29 9.153 -1.638
-6.276 9.193 -1.642
-14.679 2.921 -1.638
-14.693 2.972 -1.641
-14.981 3.078 -1.678
-15.094 3.151 -1.694
-15.236 3.23 -1.713
-15.192 3.246 -1.708
-6.229 16.926 -1.571
-6.25 17.067 -1.585
-6.244 17.217 -1.599
-6.231 17.351 -1.611
-6.203 17.446 -1.618
-6.157 17.488 -1.621
-14.289 34.499 -1.457
-14.271 34.764 -1.468
-14.251 35.029 -1.478
-14.23 35.296 -1.489
-14.231 35.62 -1.502
-14.273 35.888 -1.514
-14.205 36.048 -1.52
-12.445 68.692 -1.259
-12.376 69.558 -1.276
-12.246 70.105 -1.287
-12.305 71.101 -1.308
-12.216 71.934 -1.325
