-6.9115 0.142444 -0.0104072 0.000211573
-1.775 3.931 -1.701
-1.794 4.01 -1.734
-1.791 4.037 -1.745
-1.785 4.058 -1.752
-6.411 5.402 -1.819
-6.405 5.433 -1.822
-6.416 5.459 -1.828
-6.409 5.488 -1.831
-6.413 5.526 -1.838
-6.397 5.547 -1.838
-6.38 5.567 -1.838
-6.371 5.595 -1.841
-6.366 5.626 -1.845
-6.352 5.631 -1.843
-6.351 5.667 -1.849
-6.338 5.691 -1.85
-6.314 5.705 -1.848
-6.296 5.725 -1.848
-6.296 5.761 -1.854
-6.295 5.796 -1.859
-6.287 5.807 -1.859
-6.284 5.842 -1.864
-6.279 5.873 -1.868
-6.263 5.896 -1.869
-6.25 5.921 -1.871
-6.243 5.951 -1.875
-14.159 6.293 -2.336
-14.233 6.379 -2.352
-14.358 6.462 -2.375
-14.388 6.53 -2.384
-14.548 6.657 -2.416
-14.493 6.687 -2.41
-14.439 6.718 -2.404
-14.604 6.85 -2.437
-14.624 6.915 -2.444
-6.484 14.789 -1.783
-6.462 14.866 -1.791
-6.464 14.934 -1.799
-6.433 14.991 -1.803
-6.399 15.042 -1.808
-6.375 15.117 -1.815
-6.373 15.245 -1.829
-6.335 15.289 -1.832
-6.301 15.343 -1.837
-6.287 15.377 -1.84
-6.528 18.726 -1.748
-6.53 18.919 -1.766
-6.504 19.04 -1.776
-6.459 19.103 -1.781
-6.418 19.18 -1.786
-6.386 19.283 -1.795
-6.395 19.412 -1.807
-6.356 19.501 -1.814
-6.617 25.326 -1.728
-6.569 25.468 -1.737
-6.585 25.697 -1.753
-6.548 25.889 -1.767
-6.503 26.055 -1.778
-6.43 26.112 -1.78
-6.301 26.295 -1.791
-10.497 39.352 -1.608
-10.399 39.483 -1.612
-10.299 39.607 -1.617
-10.181 40.192 -1.64
-10.227 40.64 -1.66
