-5.44928 -1.13479 0.065592 -0.00107468
-6.305 11.914 -1.525
-6.297 11.99 -1.533
-6.303 12.095 -1.545
-6.3 12.181 -1.555
-6.295 12.266 -1.564
-6.311 12.347 -1.574
-6.284 12.39 -1.578
-7.151 20.511 -1.399
-7.129 20.654 -1.409
-7.144 20.91 -1.427
-7.134 20.99 -1.432
-7.088 21.07 -1.437
-7.003 21.038 -1.432
-6.944 21.079 -1.434
-6.901 21.172 -1.44
-6.839 21.207 -1.441
-6.773 21.232 -1.441
-6.725 21.311 -1.445
-6.738 21.47 -1.457
-9.56 27.386 -1.253
-9.634 27.876 -1.277
-9.651 28.212 -1.294
-9.615 28.398 -1.302
-9.621 28.56 -1.31
