1.89145 -0.135742 0.0110195 -0.000244946
1.36 4.181 -1.736
1.37 4.17 -1.733
1.372 4.132 -1.718
1.38 4.112 -1.711
1.392 4.106 -1.71
1.401 4.089 -1.705
1.403 4.075 -1.699
1.417 4.074 -1.701
1.425 4.057 -1.696
1.436 4.048 -1.693
1.45 4.047 -1.695
1.461 4.037 -1.692
1.475 4.036 -1.694
1.478 4.025 -1.69
1.483 3.999 -1.681
1.499 4.003 -1.685
1.503 3.978 -1.675
1.51 3.959 -1.669
1.522 3.951 -1.668
1.483 4.483 -1.674
1.49 4.459 -1.667
1.488 4.409 -1.648
1.495 4.383 -1.64
1.505 4.367 -1.635
1.506 4.349 -1.629
1.508 4.313 -1.616
2.763 3.769 -1.519
2.771 3.754 -1.517
2.752 3.704 -1.499
2.793 3.735 -1.516
2.785 3.713 -1.508
2.779 3.68 -1.498
2.806 3.692 -1.507
2.797 3.656 -1.495
2.804 3.641 -1.492
2.851 3.679 -1.513
2.876 3.686 -1.52
2.859 3.653 -1.507
2.865 3.637 -1.504
2.845 3.588 -1.486
2.849 3.57 -1.482
2.869 3.571 -1.487
2.894 3.58 -1.495
2.908 3.574 -1.496
2.891 3.541 -1.484
2.901 3.531 -1.483
2.917 3.528 -1.486
2.916 3.504 -1.479
2.919 3.486 -1.475
2.922 3.467 -1.47
2.924 3.447 -1.466
1.347 5.792 -1.719
1.364 5.782 -1.717
1.38 5.767 -1.714
1.391 5.737 -1.705
1.402 5.701 -1.695
1.417 5.687 -1.692
1.421 5.662 -1.685
1.441 5.667 -1.688
1.453 5.64 -1.681
1.463 5.604 -1.671
1.473 5.572 -1.662
1.362 6.668 -1.726
1.372 6.668 -1.727
1.387 6.633 -1.718
1.401 6.597 -1.709
1.415 6.558 -1.7
1.433 6.541 -1.696
1.45 6.523 -1.693
1.468 6.505 -1.689
1.465 6.446 -1.673
1.406 7.845 -1.723
1.408 7.784 -1.709
1.423 7.727 -1.697
1.44 7.683 -1.688
1.462 7.668 -1.685
1.483 7.648 -1.682
1.496 7.586 -1.668
1.415 9.479 -1.731
1.421 9.42 -1.72
1.436 9.317 -1.701
1.455 9.248 -1.688
1.479 9.209 -1.681
1.498 9.146 -1.67
1.514 9.066 -1.655
1.399 11.575 -1.726
1.432 11.537 -1.721
1.435 11.415 -1.702
1.455 11.281 -1.681
1.481 11.204 -1.669
1.514 11.186 -1.667
1.494 14.981 -1.726
1.514 14.721 -1.693
1.546 14.58 -1.676
1.565 14.541 -1.671
1.596 14.411 -1.655
1.618 14.199 -1.629
6.725 12.4 -1.272
6.71 12.282 -1.261
6.691 12.156 -1.248
6.75 12.173 -1.253
6.798 12.169 -1.255
6.85 12.172 -1.258
6.82 12.029 -1.243
6.818 11.982 -1.239
6.824 11.906 -1.232
6.878 11.914 -1.236
6.91 11.883 -1.235
7.013 11.973 -1.248
7.028 11.913 -1.243
7.011 11.799 -1.232
6.979 11.704 -1.222
7.03 11.706 -1.225
7.087 11.716 -1.229
7.093 11.645 -1.223
7.09 11.558 -1.215
7.092 11.48 -1.208
10.486 12.368 -1.1
10.34 12.157 -1.079
10.445 12.203 -1.088
10.515 12.206 -1.091
10.518 12.133 -1.087
10.583 12.131 -1.09
10.575 12.045 -1.085
10.514 11.9 -1.073
10.501 11.848 -1.069
10.539 11.816 -1.069
10.486 11.682 -1.058
10.524 11.651 -1.058
10.532 11.587 -1.055
10.545 11.529 -1.052
10.557 11.469 -1.05
8.348 25.256 -1.132
8.4 25.148 -1.128
8.458 25.059 -1.124
8.525 24.998 -1.123
8.54 24.915 -1.119
8.602 24.841 -1.116
8.67 24.783 -1.115
8.728 24.699 -1.112
8.795 24.644 -1.11
8.86 24.582 -1.109
8.885 24.529 -1.106
8.947 24.461 -1.104
9.013 24.403 -1.103
9.061 24.298 -1.099
9.128 24.243 -1.097
9.182 24.156 -1.094
9.248 24.103 -1.093
9.308 24.031 -1.09
9.329 23.975 -1.088
9.379 23.879 -1.085
9.434 23.799 -1.082
9.474 23.682 -1.077
10.746 40.855 -0.681
10.676 40.077 -0.665
10.638 39.684 -0.656
10.687 39.374 -0.65
10.66 38.791 -0.638
10.702 38.472 -0.632
10.747 38.169 -0.626
