2.04762 -0.110565 0.00950539 -0.000224084
1.663 4.103 -1.749
1.673 4.091 -1.746
1.684 4.081 -1.744
1.686 4.05 -1.732
1.691 4.026 -1.724
1.696 4.002 -1.715
1.696 3.986 -1.709
1.703 3.969 -1.703
1.711 3.953 -1.699
1.722 3.945 -1.697
1.656 4.59 -1.734
1.661 4.56 -1.724
1.666 4.53 -1.714
1.673 4.504 -1.706
1.681 4.483 -1.699
1.687 4.457 -1.691
1.69 4.444 -1.686
1.7 4.428 -1.682
1.662 5.16 -1.726
1.671 5.134 -1.718
1.678 5.1 -1.708
1.684 5.066 -1.698
1.689 5.028 -1.686
1.693 5.015 -1.682
1.707 5.002 -1.68
1.715 4.977 -1.673
2.414 4.799 -1.541
2.42 4.772 -1.535
2.433 4.761 -1.533
2.449 4.755 -1.534
2.46 4.758 -1.536
2.459 4.72 -1.526
2.471 4.705 -1.523
2.497 4.719 -1.531
2.497 4.685 -1.522
2.534 4.719 -1.536
2.533 4.681 -1.526
2.521 4.64 -1.513
2.542 4.645 -1.518
2.542 4.61 -1.508
2.545 4.58 -1.5
2.591 4.629 -1.52
2.597 4.606 -1.515
2.589 4.558 -1.501
2.591 4.545 -1.498
2.587 4.504 -1.486
1.559 6.619 -1.725
1.565 6.599 -1.72
1.581 6.574 -1.714
1.586 6.503 -1.696
1.613 6.524 -1.703
1.615 6.446 -1.683
1.643 6.471 -1.691
1.66 6.453 -1.687
1.664 6.428 -1.681
1.68 6.404 -1.676
1.695 6.38 -1.671
1.662 7.787 -1.721
1.653 7.681 -1.697
1.663 7.61 -1.681
1.677 7.562 -1.671
1.699 7.546 -1.669
1.612 9.294 -1.702
1.638 9.271 -1.698
1.659 9.218 -1.689
1.657 9.126 -1.671
1.674 9.055 -1.658
1.7 9.035 -1.655
1.725 9.016 -1.653
1.752 8.999 -1.65
1.612 11.12 -1.659
1.643 11.089 -1.655
1.659 10.957 -1.635
1.683 10.88 -1.623
1.692 10.824 -1.614
1.728 10.833 -1.617
1.755 10.788 -1.61
1.771 10.668 -1.592
1.643 14.22 -1.632
1.66 14.178 -1.627
1.681 13.98 -1.602
1.715 13.894 -1.591
1.751 13.828 -1.583
1.779 13.706 -1.568
10.13 9.745 -1.267
10.087 9.673 -1.258
10.146 9.668 -1.263
10.149 9.611 -1.259
10.156 9.557 -1.255
10.174 9.514 -1.254
10.194 9.473 -1.252
10.188 9.408 -1.247
10.19 9.38 -1.245
10.209 9.339 -1.244
10.237 9.305 -1.244
10.213 9.225 -1.236
10.212 9.166 -1.232
10.235 9.129 -1.231
10.262 9.096 -1.231
10.272 9.075 -1.23
10.251 9 -1.224
10.25 8.943 -1.22
10.247 8.883 -1.215
1.718 23.544 -1.538
1.789 23.505 -1.536
1.833 23.114 -1.507
1.842 22.767 -1.482
1.873 22.276 -1.446
