1.93026 -0.0377482 0.00266871 -5.22357e-05
2.78 2.783 -1.541
2.788 2.773 -1.54
2.789 2.756 -1.536
2.805 2.755 -1.54
2.791 2.733 -1.529
2.786 2.711 -1.522
2.801 2.709 -1.525
2.784 2.676 -1.511
2.781 2.656 -1.504
2.837 2.692 -1.532
2.816 2.656 -1.515
2.808 2.64 -1.508
2.766 2.585 -1.479
3.128 2.818 -1.525
3.131 2.803 -1.522
3.109 2.765 -1.506
3.107 2.754 -1.502
3.096 2.727 -1.492
3.107 2.72 -1.494
3.07 2.669 -1.47
1.692 5.641 -1.701
1.705 5.621 -1.697
1.72 5.605 -1.693
1.741 5.612 -1.697
1.757 5.601 -1.695
1.763 5.557 -1.683
1.763 5.529 -1.675
1.769 5.487 -1.663
1.79 5.492 -1.666
1.798 5.46 -1.658
1.82 5.468 -1.662
1.838 5.464 -1.663
1.841 5.415 -1.649
1.844 5.398 -1.644
1.857 5.381 -1.64
1.87 5.363 -1.636
1.884 5.348 -1.633
1.733 6.483 -1.7
1.741 6.473 -1.698
1.754 6.442 -1.691
1.765 6.399 -1.68
1.776 6.362 -1.672
1.79 6.336 -1.666
1.807 6.319 -1.663
1.828 6.319 -1.664
1.836 6.27 -1.652
1.832 6.219 -1.639
1.744 7.637 -1.692
1.758 7.586 -1.681
1.773 7.543 -1.672
1.787 7.497 -1.662
1.809 7.486 -1.661
1.834 7.486 -1.662
1.837 7.447 -1.654
1.851 7.403 -1.645
1.843 7.271 -1.614
1.767 9.156 -1.681
1.765 9.068 -1.664
1.784 9.012 -1.654
1.814 9.018 -1.657
1.836 8.982 -1.65
1.864 8.974 -1.65
1.887 8.941 -1.645
1.892 8.826 -1.623
1.697 11.209 -1.675
1.727 11.169 -1.669
1.744 11.052 -1.651
1.766 10.964 -1.638
1.798 10.941 -1.635
1.815 10.94 -1.636
1.832 10.828 -1.619
3.929 12.023 -1.418
3.946 11.95 -1.41
3.952 11.842 -1.397
4.007 11.882 -1.405
4.018 11.855 -1.402
4.026 11.756 -1.39
4.064 11.747 -1.391
4.1 11.733 -1.39
4.119 11.669 -1.383
4.169 11.693 -1.389
4.215 11.706 -1.392
4.217 11.653 -1.386
4.231 11.58 -1.378
4.275 11.587 -1.38
4.31 11.57 -1.38
4.311 11.462 -1.367
4.343 11.439 -1.366
4.351 11.353 -1.356
4.353 11.306 -1.35
10.205 9.543 -1.258
10.185 9.465 -1.251
10.228 9.445 -1.253
10.215 9.373 -1.247
10.232 9.331 -1.245
10.253 9.29 -1.244
10.267 9.245 -1.242
10.266 9.186 -1.238
10.273 9.163 -1.237
10.28 9.111 -1.234
10.289 9.062 -1.231
10.301 9.015 -1.229
10.331 8.984 -1.229
10.371 8.962 -1.23
10.39 8.922 -1.229
10.387 8.891 -1.227
10.386 8.834 -1.223
10.391 8.782 -1.22
10.414 8.746 -1.219
10.408 8.685 -1.215
10.443 8.658 -1.216
10.429 8.619 -1.212
10.414 8.552 -1.206
5.851 19.072 -1.269
5.859 18.885 -1.256
5.882 18.751 -1.247
5.922 18.671 -1.242
6.012 18.751 -1.25
6.024 18.689 -1.245
6.058 18.592 -1.239
6.076 18.452 -1.23
6.137 18.442 -1.231
6.222 18.502 -1.237
6.27 18.452 -1.235
6.282 18.298 -1.224
6.252 18.117 -1.211
10.669 24.632 -1.144
10.667 24.415 -1.134
10.635 24.237 -1.125
10.619 23.995 -1.114
10.653 23.869 -1.109
10.732 23.844 -1.109
10.613 23.383 -1.086
