0.246433 0.830812 -0.147842 0.00858015
3.265 1.927 -1.481
3.248 1.903 -1.47
3.244 1.888 -1.465
3.248 1.876 -1.464
3.28 1.888 -1.478
3.286 1.877 -1.478
3.255 1.846 -1.46
3.227 1.817 -1.444
3.194 1.786 -1.425
2.318 3.539 -1.533
2.309 3.5 -1.518
2.312 3.482 -1.513
2.319 3.468 -1.51
2.322 3.449 -1.504
2.309 3.406 -1.488
2.339 3.428 -1.502
2.329 3.401 -1.491
2.326 3.374 -1.481
4.468 0.388 -1.453
4.428 0.37 -1.439
4.427 0.356 -1.438
4.424 0.342 -1.437
4.35 0.322 -1.41
4.344 0.307 -1.408
4.329 0.3 -1.402
1.652 5.571 -1.677
1.668 5.559 -1.675
1.688 5.563 -1.678
1.696 5.526 -1.668
1.699 5.473 -1.652
1.702 5.454 -1.647
1.711 5.423 -1.639
1.724 5.403 -1.634
1.739 5.392 -1.632
1.755 5.385 -1.632
1.776 5.392 -1.636
1.785 5.361 -1.627
1.689 6.359 -1.665
1.707 6.345 -1.662
1.712 6.285 -1.647
1.724 6.25 -1.639
1.738 6.222 -1.632
1.751 6.194 -1.626
1.769 6.185 -1.625
1.78 6.186 -1.626
1.786 6.132 -1.612
1.637 7.491 -1.653
1.661 7.486 -1.653
1.683 7.475 -1.652
1.704 7.457 -1.649
1.721 7.427 -1.643
1.74 7.402 -1.638
1.756 7.364 -1.631
1.763 7.343 -1.626
1.775 7.292 -1.615
1.799 7.288 -1.616
1.819 7.271 -1.613
1.841 7.261 -1.612
1.865 7.261 -1.613
1.887 7.251 -1.613
1.9 7.256 -1.614
1.926 7.261 -1.617
1.949 7.257 -1.618
1.967 7.234 -1.613
1.991 7.233 -1.615
2.011 7.214 -1.612
2.017 7.194 -1.608
2.045 7.205 -1.612
2.058 7.164 -1.604
2.084 7.173 -1.607
2.105 7.161 -1.606
2.127 7.15 -1.605
2.142 7.121 -1.6
1.751 8.997 -1.65
1.772 8.955 -1.643
1.786 8.878 -1.629
1.809 8.847 -1.624
1.832 8.816 -1.619
1.838 8.777 -1.612
1.866 8.775 -1.612
1.89 8.75 -1.609
1.916 8.736 -1.607
1.934 8.688 -1.599
2.811 10.423 -1.589
2.837 10.388 -1.585
2.807 10.15 -1.547
2.838 10.137 -1.546
2.854 10.073 -1.537
3.404 13.776 -1.616
3.443 13.752 -1.614
3.456 13.622 -1.598
3.497 13.605 -1.597
3.538 13.586 -1.596
3.594 13.623 -1.603
3.622 13.642 -1.606
3.661 13.619 -1.604
3.702 13.6 -1.603
3.74 13.571 -1.601
3.777 13.54 -1.599
3.801 13.463 -1.59
3.833 13.415 -1.585
3.842 13.367 -1.58
3.892 13.382 -1.583
3.941 13.394 -1.586
3.977 13.361 -1.584
4.015 13.337 -1.582
4.058 13.326 -1.582
4.091 13.285 -1.579
4.108 13.265 -1.577
4.141 13.226 -1.573
4.181 13.207 -1.572
4.211 13.16 -1.568
4.243 13.118 -1.564
3.612 17.508 -1.556
3.651 17.417 -1.548
3.671 17.242 -1.531
3.702 17.123 -1.521
3.749 17.082 -1.518
3.776 17.076 -1.518
3.835 17.086 -1.52
3.887 17.066 -1.519
3.939 17.048 -1.518
3.988 17.018 -1.517
4.037 16.986 -1.515
4.085 16.95 -1.512
4.108 16.93 -1.511
4.162 16.921 -1.511
4.205 16.863 -1.507
4.252 16.828 -1.505
3.982 22.524 -1.484
4.037 22.423 -1.477
4.076 22.241 -1.465
4.027 21.778 -1.431
4.073 21.643 -1.421
4.144 21.646 -1.423
4.201 21.578 -1.419
4.27 21.569 -1.419
4.33 21.518 -1.416
6.725 14.988 -0.726
6.734 14.946 -0.724
6.776 14.914 -0.723
6.764 14.766 -0.715
6.797 14.714 -0.713
6.832 14.669 -0.712
6.787 14.454 -0.7
6.796 14.357 -0.695
6.831 14.373 -0.697
6.804 14.201 -0.687
6.808 14.096 -0.682
6.816 14 -0.677
6.85 13.958 -0.676
