1.57233 0.377183 0.0152129 -0.000366228
2.84 3.485 -1.778
2.84 3.464 -1.771
2.849 3.452 -1.769
2.854 3.436 -1.766
2.87 3.434 -1.769
2.879 3.422 -1.768
2.883 3.406 -1.764
2.889 3.402 -1.764
2.897 3.39 -1.762
2.906 3.379 -1.762
2.921 3.374 -1.764
2.915 3.347 -1.754
2.916 3.327 -1.748
2.927 3.318 -1.748
2.924 3.305 -1.743
2.934 3.294 -1.742
2.941 3.282 -1.741
2.943 3.263 -1.735
2.956 3.257 -1.737
2.97 3.252 -1.739
2.97 3.242 -1.736
2.979 3.231 -1.735
2.99 3.223 -1.736
2.989 3.201 -1.729
2.995 3.188 -1.727
3 3.173 -1.724
3.009 3.162 -1.723
3.074 3.844 -1.75
3.069 3.813 -1.74
3.062 3.792 -1.732
3.055 3.759 -1.721
3.044 3.722 -1.707
3.041 3.695 -1.699
3.341 4.205 -1.709
3.308 4.139 -1.684
3.31 4.114 -1.678
3.298 4.074 -1.665
3.306 4.058 -1.662
3.331 4.074 -1.672
3.349 4.07 -1.674
3.325 4.016 -1.655
3.584 4.736 -1.717
3.596 4.72 -1.715
3.58 4.684 -1.703
3.546 4.609 -1.678
3.566 4.605 -1.681
3.563 4.571 -1.672
3.557 4.533 -1.662
3.919 5.782 -1.775
3.945 5.783 -1.779
3.919 5.705 -1.758
3.918 5.666 -1.749
3.933 5.649 -1.747
3.943 5.625 -1.743
3.958 5.628 -1.747
3.945 5.572 -1.732
3.909 5.484 -1.707
4.528 6.944 -1.797
4.51 6.87 -1.78
4.49 6.792 -1.763
4.479 6.729 -1.749
4.461 6.656 -1.733
4.472 6.649 -1.733
4.44 6.558 -1.711
5.08 7.593 -1.644
5.096 7.564 -1.641
5.109 7.558 -1.642
5.139 7.552 -1.644
5.157 7.527 -1.642
5.14 7.451 -1.628
5.107 7.354 -1.609
5.057 7.233 -1.584
6.615 8.82 -1.625
6.602 8.745 -1.615
6.612 8.701 -1.61
6.665 8.742 -1.62
6.67 8.691 -1.614
6.697 8.67 -1.614
6.699 8.617 -1.608
6.67 8.524 -1.593
6.647 8.439 -1.581
6.742 8.505 -1.598
6.706 8.432 -1.586
6.68 8.345 -1.572
7.991 13.84 -1.845
8.022 13.795 -1.842
7.93 13.538 -1.807
7.906 13.403 -1.791
7.876 13.257 -1.773
7.786 13.059 -1.745
10.201 18.255 -1.854
10.239 18.189 -1.85
10.096 17.803 -1.81
9.953 17.422 -1.771
9.924 17.245 -1.754
25.13 28.142 -1.691
24.992 27.811 -1.674
24.807 27.431 -1.653
24.766 27.299 -1.647
24.613 26.959 -1.629
