-0.869143 1.46298 -0.0420816 -0.00594233
3.206 2.355 -1.56
3.2 2.342 -1.554
3.198 2.325 -1.55
3.183 2.299 -1.538
3.208 2.302 -1.547
3.202 2.282 -1.54
3.206 2.27 -1.539
3.219 2.264 -1.542
3.204 2.247 -1.532
3.204 2.231 -1.529
3.202 2.215 -1.524
3.237 2.225 -1.539
3.238 2.21 -1.536
3.248 2.202 -1.537
3.206 2.159 -1.512
3.197 2.146 -1.506
2.706 3.783 -1.647
2.711 3.766 -1.643
2.703 3.73 -1.63
2.669 3.66 -1.601
2.667 3.633 -1.593
3.459 4.308 -1.588
3.469 4.292 -1.587
3.465 4.261 -1.578
3.455 4.22 -1.567
3.481 4.226 -1.573
3.475 4.191 -1.564
3.462 4.162 -1.554
3.467 4.141 -1.55
3.466 4.114 -1.544
3.474 4.097 -1.541
3.472 4.068 -1.534
3.969 4.964 -1.604
3.968 4.93 -1.597
3.974 4.906 -1.592
3.987 4.89 -1.591
3.972 4.84 -1.578
3.936 4.765 -1.556
3.982 4.807 -1.573
3.995 4.791 -1.572
3.977 4.739 -1.558
3.986 4.72 -1.556
3.999 4.705 -1.555
4.016 4.695 -1.556
4.011 4.674 -1.551
5.036 5.244 -1.561
5.035 5.227 -1.558
4.988 5.145 -1.537
4.988 5.112 -1.531
4.979 5.071 -1.523
4.99 5.05 -1.521
5.022 5.051 -1.527
5.017 5.015 -1.52
4.989 4.971 -1.508
6.84 4.468 -1.457
6.834 4.434 -1.453
6.79 4.39 -1.441
6.797 4.364 -1.439
6.765 4.313 -1.429
6.782 4.294 -1.43
6.749 4.243 -1.419
6.755 4.218 -1.417
6.778 4.218 -1.421
6.787 4.193 -1.42
6.79 4.166 -1.418
6.781 4.131 -1.413
6.744 4.079 -1.401
7.448 6.425 -1.437
7.384 6.329 -1.419
7.348 6.258 -1.407
7.327 6.2 -1.399
7.33 6.163 -1.395
7.331 6.144 -1.394
7.33 6.105 -1.389
7.342 6.075 -1.388
7.359 6.051 -1.388
7.363 6.015 -1.384
1.373 14.958 -1.722
1.414 14.893 -1.714
1.441 14.695 -1.689
1.474 14.554 -1.672
1.516 14.516 -1.667
1.539 14.521 -1.668
1.587 14.536 -1.671
1.633 14.531 -1.671
1.676 14.504 -1.668
1.719 14.479 -1.666
1.763 14.464 -1.664
1.807 14.442 -1.662
1.831 14.449 -1.664
1.877 14.451 -1.665
1.919 14.42 -1.661
1.964 14.412 -1.661
2.006 14.38 -1.658
2.048 14.354 -1.655
2.093 14.344 -1.655
2.113 14.325 -1.653
2.156 14.306 -1.651
2.197 14.272 -1.648
1.213 19.553 -1.724
1.244 19.545 -1.723
1.304 19.525 -1.722
1.343 19.201 -1.69
1.38 18.865 -1.658
1.433 18.78 -1.65
1.488 18.725 -1.645
1.047 25.313 -1.666
1.126 25.289 -1.664
1.199 25.148 -1.654
1.209 24.543 -1.609
1.279 24.403 -1.599
1.336 24.025 -1.572
1.388 23.618 -1.542
7.121 30.475 -1.368
7.196 30.367 -1.363
7.27 30.253 -1.359
7.35 30.169 -1.356
7.432 30.094 -1.353
7.508 29.995 -1.349
7.592 29.932 -1.347
7.626 29.87 -1.344
7.711 29.809 -1.342
7.794 29.744 -1.34
7.876 29.679 -1.338
7.956 29.602 -1.336
8.039 29.542 -1.334
8.11 29.438 -1.33
8.141 29.367 -1.327
8.219 29.292 -1.324
8.307 29.254 -1.323
8.388 29.189 -1.321
8.473 29.138 -1.32
8.549 29.058 -1.317
1.087 63.617 -1.129
1.181 63.283 -1.122
1.365 62.603 -1.108
1.558 62.481 -1.105
1.745 62.134 -1.098
1.939 62.098 -1.098
2.128 61.908 -1.094
2.308 61.525 -1.086
2.386 61.052 -1.076
