3.17371 -0.0688705 0.0070578 -0.00023176
3.007 3.082 -1.698
3.005 3.061 -1.691
3.012 3.049 -1.689
3.012 3.031 -1.684
3.022 3.021 -1.684
3.023 3.004 -1.679
3.021 2.993 -1.675
3.019 2.972 -1.668
3.028 2.962 -1.668
3.028 2.944 -1.663
3.028 2.925 -1.658
3.04 2.918 -1.659
3.037 2.897 -1.652
3.031 2.882 -1.646
2.984 3.696 -1.685
2.987 3.677 -1.68
2.997 3.666 -1.679
3 3.646 -1.674
2.992 3.625 -1.666
2.998 3.609 -1.663
3.002 3.591 -1.659
2.999 3.565 -1.65
3.007 3.551 -1.648
3.013 3.536 -1.645
3.007 3.507 -1.635
3.005 3.494 -1.631
2.985 4.948 -1.667
2.978 4.919 -1.658
2.974 4.877 -1.646
2.986 4.862 -1.645
2.982 4.822 -1.633
2.986 4.795 -1.627
2.995 4.776 -1.623
2.992 4.737 -1.613
2.943 5.837 -1.653
2.944 5.792 -1.642
2.96 5.779 -1.641
2.973 5.759 -1.638
2.987 5.743 -1.636
2.978 5.702 -1.625
2.991 5.684 -1.622
2.99 5.639 -1.611
2.994 5.602 -1.603
2.998 5.569 -1.596
2.858 7.055 -1.64
2.878 7.041 -1.639
2.889 7.006 -1.632
2.888 6.941 -1.618
2.911 6.934 -1.619
2.916 6.915 -1.615
2.909 6.838 -1.598
2.928 6.823 -1.597
2.945 6.805 -1.595
2.954 6.765 -1.587
2.957 8.487 -1.615
2.979 8.464 -1.613
2.983 8.392 -1.6
2.987 8.32 -1.587
2.993 8.255 -1.576
2.98 8.178 -1.561
2.749 10.52 -1.601
2.763 10.44 -1.59
2.787 10.397 -1.584
2.758 10.225 -1.556
2.771 10.144 -1.544
6.424 1.003 -0.722
6.388 0.977 -0.717
6.295 0.943 -0.703
6.179 0.916 -0.686
6.121 0.888 -0.677
6.124 0.869 -0.677
6.093 0.845 -0.673
6.09 0.825 -0.672
4.874 13.447 -1.293
4.895 13.374 -1.286
4.904 13.269 -1.276
4.896 13.123 -1.262
4.876 13.008 -1.25
4.871 12.871 -1.236
3.217 21.765 -1.42
3.18 21.28 -1.384
3.177 20.805 -1.349
5.179 16.328 -0.766
5.166 16.113 -0.754
5.17 15.954 -0.745
5.175 15.801 -0.737
5.189 15.677 -0.731
5.14 15.369 -0.713
