-14.6785 0.0424652 -0.000886907 -7.73829e-05
-6.118 7.216 -1.707
-6.147 7.297 -1.723
-6.157 7.355 -1.733
-6.164 7.41 -1.742
-6.142 7.431 -1.742
-6.16 7.477 -1.751
-6.14 7.501 -1.752
-6.131 7.537 -1.757
-6.119 7.571 -1.76
-7.677 8.561 -1.701
-7.688 8.628 -1.71
-7.773 8.777 -1.737
-7.913 8.991 -1.777
-7.9 9.034 -1.78
-7.888 9.078 -1.785
-5.96 25.405 -1.722
-5.922 25.606 -1.735
-5.936 25.848 -1.753
-5.917 26.139 -1.774
-5.851 26.231 -1.779
-5.915 36.988 -1.677
-5.877 37.504 -1.702
-5.826 37.952 -1.724
-5.753 38.278 -1.74
-5.665 38.514 -1.751
-5.612 38.574 -1.754
