4.18225 -0.436868 0.112356 -0.00290849
3.788 4.661 -1.737
3.813 4.603 -1.729
3.814 4.575 -1.722
3.804 4.533 -1.71
3.797 4.495 -1.7
3.788 4.47 -1.692
3.8 4.457 -1.691
3.788 4.414 -1.679
4.198 5.462 -1.749
4.201 5.43 -1.742
4.212 5.409 -1.74
4.203 5.38 -1.732
4.219 5.365 -1.731
4.237 5.353 -1.732
4.252 5.338 -1.731
4.249 5.299 -1.722
4.25 5.266 -1.716
4.263 5.248 -1.714
4.278 5.251 -1.717
4.293 5.236 -1.717
4.295 5.204 -1.71
4.216 5.075 -1.669
4.974 6.25 -1.727
4.964 6.198 -1.716
4.92 6.103 -1.693
4.852 5.998 -1.664
5.902 7.803 -1.77
5.927 7.785 -1.77
5.918 7.722 -1.759
5.836 7.565 -1.725
5.773 7.435 -1.698
5.74 7.344 -1.68
5.695 7.262 -1.662
7.187 9.618 -1.781
7.192 9.592 -1.779
7.109 9.419 -1.749
7.044 9.273 -1.724
6.989 9.139 -1.702
9.225 10.967 -1.634
9.243 10.918 -1.63
9.125 10.711 -1.6
9.164 10.723 -1.605
8.998 10.462 -1.566
11.661 14.439 -1.623
11.438 14.071 -1.581
11.471 14.021 -1.579
11.477 13.939 -1.573
11.395 13.751 -1.554
11.222 13.455 -1.521
16.298 17.281 -1.549
16.321 17.197 -1.546
16.232 16.995 -1.53
16.335 16.996 -1.536
16.406 17.016 -1.54
16.38 16.883 -1.532
16.327 16.723 -1.521
16.236 16.525 -1.506
16.034 16.217 -1.479
