1.9215 -0.0251826 0.00260066 -6.46655e-05
1.994 3.696 -1.653
1.997 3.688 -1.651
2.001 3.667 -1.644
2.004 3.646 -1.637
2.005 3.622 -1.628
2.025 3.63 -1.635
2.033 3.617 -1.632
2.04 3.603 -1.628
2.044 3.598 -1.627
2.048 3.579 -1.621
2.047 3.552 -1.611
2.043 3.518 -1.598
1.828 4.465 -1.713
1.834 4.441 -1.706
1.838 4.411 -1.696
1.838 4.391 -1.689
1.845 4.371 -1.683
1.854 4.353 -1.678
1.861 4.332 -1.672
1.866 4.307 -1.664
1.875 4.291 -1.659
1.827 5.04 -1.705
1.837 5.02 -1.7
1.843 4.988 -1.691
1.853 4.968 -1.685
1.846 4.926 -1.671
1.852 4.895 -1.662
1.865 4.883 -1.66
1.877 4.868 -1.656
1.887 4.85 -1.652
1.781 5.618 -1.703
1.791 5.617 -1.703
1.805 5.6 -1.7
1.821 5.589 -1.698
1.83 5.558 -1.689
1.837 5.519 -1.679
1.846 5.488 -1.671
1.855 5.459 -1.663
1.859 5.443 -1.659
1.876 5.435 -1.658
1.888 5.415 -1.653
1.906 5.411 -1.654
1.919 5.394 -1.65
1.816 6.429 -1.692
1.827 6.389 -1.683
1.837 6.348 -1.673
1.845 6.302 -1.661
1.845 6.264 -1.651
1.858 6.237 -1.645
1.88 6.239 -1.647
1.895 6.218 -1.643
1.906 6.183 -1.635
1.807 7.581 -1.682
1.826 7.558 -1.678
1.842 7.52 -1.67
1.842 7.466 -1.658
1.854 7.413 -1.647
1.871 7.382 -1.641
1.891 7.365 -1.638
1.913 7.355 -1.637
1.927 7.312 -1.628
1.803 9.115 -1.674
1.823 9.065 -1.666
1.844 9.02 -1.658
1.86 8.953 -1.646
1.878 8.901 -1.637
1.898 8.855 -1.629
1.917 8.879 -1.634
1.939 8.846 -1.629
1.952 8.772 -1.615
1.818 10.958 -1.639
1.83 10.818 -1.617
1.851 10.738 -1.605
1.88 10.705 -1.601
1.909 10.668 -1.596
1.93 10.594 -1.585
1.829 14.088 -1.618
1.858 13.97 -1.603
1.881 13.807 -1.583
1.918 13.761 -1.578
1.95 13.675 -1.567
1.756 18.12 -1.588
1.81 18.079 -1.584
1.835 18.039 -1.581
1.87 17.825 -1.56
1.911 17.68 -1.547
1.93 17.338 -1.513
1.967 17.177 -1.498
10.495 12.261 -1.094
10.458 12.179 -1.087
10.474 12.121 -1.084
10.484 12.056 -1.081
10.51 12.01 -1.079
10.502 11.924 -1.074
10.534 11.885 -1.073
10.547 11.825 -1.07
10.515 11.752 -1.064
10.521 11.685 -1.06
10.546 11.639 -1.059
10.573 11.595 -1.058
10.566 11.515 -1.053
10.609 11.489 -1.054
10.557 11.397 -1.045
10.622 11.395 -1.049
10.582 11.281 -1.04
3.83 29.152 -1.273
3.897 28.951 -1.263
3.961 28.749 -1.254
4.037 28.629 -1.248
4.122 28.585 -1.247
4.205 28.524 -1.244
4.254 28.239 -1.23
4.315 28.346 -1.236
4.381 28.183 -1.229
4.437 27.96 -1.218
5.834 57.972 -1.017
5.988 57.681 -1.011
6.143 57.416 -1.006
6.209 56.368 -0.984
6.39 56.378 -0.985
6.43 55.188 -0.96
6.562 54.824 -0.953
