1.97931 -0.0197157 0.00073249 -9.91385e-06
2.746 3.009 -1.6
2.748 2.993 -1.595
2.751 2.977 -1.591
2.749 2.957 -1.585
2.747 2.946 -1.581
2.764 2.945 -1.585
2.755 2.918 -1.574
2.775 2.92 -1.581
2.752 2.878 -1.561
2.794 2.903 -1.581
2.796 2.887 -1.577
2.778 2.86 -1.564
2.778 2.842 -1.558
2.773 2.819 -1.55
4.094 0.346 -1.486
4.003 0.325 -1.449
3.991 0.312 -1.444
3.954 0.296 -1.43
3.935 0.282 -1.422
1.797 5.133 -1.732
1.811 5.122 -1.73
1.831 5.125 -1.733
1.836 5.114 -1.73
1.838 5.07 -1.716
1.847 5.045 -1.709
1.857 5.025 -1.704
1.861 4.987 -1.692
1.872 4.971 -1.689
1.889 4.969 -1.69
1.894 4.958 -1.687
1.911 4.954 -1.688
1.924 4.943 -1.686
1.938 4.933 -1.685
1.935 4.88 -1.667
1.756 5.726 -1.732
1.773 5.718 -1.731
1.81 5.709 -1.732
1.82 5.679 -1.724
1.827 5.639 -1.713
1.838 5.612 -1.706
1.839 5.585 -1.698
1.852 5.566 -1.694
1.863 5.541 -1.688
1.882 5.538 -1.689
1.902 5.542 -1.692
1.909 5.505 -1.682
1.927 5.501 -1.682
1.928 5.476 -1.675
1.927 5.417 -1.658
1.941 5.404 -1.656
1.951 5.376 -1.649
1.957 5.34 -1.639
1.786 6.599 -1.734
1.805 6.59 -1.733
1.805 6.508 -1.712
1.814 6.499 -1.71
1.826 6.464 -1.702
1.839 6.434 -1.695
1.861 6.434 -1.697
1.878 6.417 -1.694
1.9 6.416 -1.695
1.919 6.407 -1.694
1.92 6.372 -1.685
1.908 6.259 -1.655
1.781 7.801 -1.73
1.802 7.78 -1.727
1.812 7.712 -1.712
1.823 7.651 -1.699
1.84 7.617 -1.692
1.863 7.607 -1.691
1.873 7.595 -1.689
1.896 7.583 -1.688
1.912 7.547 -1.68
1.77 9.499 -1.746
1.787 9.422 -1.732
1.802 9.341 -1.717
1.815 9.25 -1.701
1.825 9.148 -1.682
1.718 11.6 -1.737
1.746 11.539 -1.728
1.764 11.413 -1.709
1.787 11.323 -1.695
1.807 11.22 -1.679
1.822 11.093 -1.66
1.747 15.109 -1.746
1.781 14.993 -1.732
1.809 14.83 -1.711
1.843 14.728 -1.699
1.844 14.552 -1.677
1.863 14.341 -1.65
9.812 10.873 -1.328
9.827 10.821 -1.326
9.843 10.804 -1.325
9.876 10.772 -1.325
9.893 10.723 -1.323
9.917 10.682 -1.321
9.941 10.641 -1.32
9.968 10.602 -1.319
9.983 10.552 -1.316
10.001 10.538 -1.316
10.019 10.49 -1.314
10.049 10.456 -1.313
10.077 10.419 -1.313
10.101 10.378 -1.311
10.122 10.335 -1.31
10.156 10.305 -1.31
10.167 10.283 -1.309
10.193 10.246 -1.308
10.224 10.212 -1.308
10.258 10.181 -1.308
10.282 10.142 -1.307
10.296 10.092 -1.305
10.3 10.033 -1.301
10.31 10.011 -1.3
10.283 9.922 -1.291
10.294 9.871 -1.288
10.309 9.823 -1.286
10.331 9.783 -1.285
10.336 9.726 -1.281
10.375 9.701 -1.282
10.36 9.656 -1.278
10.349 9.586 -1.272
4.222 22.638 -1.496
4.286 22.586 -1.493
4.34 22.484 -1.486
4.362 22.41 -1.481
4.416 22.311 -1.475
4.502 22.379 -1.481
4.558 22.294 -1.475
4.622 22.248 -1.473
4.653 22.05 -1.459
4.756 22.192 -1.471
4.766 22.067 -1.462
4.842 22.085 -1.465
4.919 22.103 -1.467
4.982 22.06 -1.465
5.045 22.017 -1.463
5.064 21.785 -1.447
5.138 21.793 -1.449
5.185 21.683 -1.441
5.238 21.757 -1.448
5.295 21.692 -1.444
5.338 21.572 -1.436
2.473 36.505 -1.634
2.528 36.472 -1.632
2.629 36.272 -1.622
2.697 35.658 -1.592
2.772 35.174 -1.568
