10.533 0.165805 -0.0114713 -0.000997458
3.486 2.651 -1.729
3.478 2.628 -1.72
3.485 2.616 -1.72
3.488 2.609 -1.719
3.49 2.594 -1.716
3.495 2.581 -1.714
3.505 2.571 -1.715
3.507 2.555 -1.712
3.503 2.536 -1.706
3.518 2.53 -1.71
3.516 2.52 -1.706
3.523 2.508 -1.706
3.525 2.493 -1.703
3.528 2.479 -1.7
3.533 2.466 -1.699
3.536 2.451 -1.696
3.54 2.438 -1.695
3.535 2.426 -1.69
3.535 2.41 -1.686
3.55 2.404 -1.69
3.559 2.394 -1.691
3.564 2.381 -1.689
3.563 2.364 -1.685
3.559 2.354 -1.682
3.565 2.342 -1.681
3.576 2.332 -1.682
3.578 2.318 -1.68
3.584 2.306 -1.679
3.588 2.293 -1.678
6.631 6.007 -1.608
6.637 5.974 -1.604
6.637 5.936 -1.6
6.645 5.925 -1.599
6.627 5.871 -1.59
6.65 5.854 -1.591
6.65 5.818 -1.586
6.658 5.788 -1.584
6.666 5.758 -1.581
6.688 5.741 -1.582
6.693 5.708 -1.579
6.698 5.694 -1.577
6.715 5.673 -1.577
6.706 5.629 -1.571
6.721 5.605 -1.57
6.734 5.58 -1.569
6.75 5.558 -1.568
6.76 5.548 -1.569
6.771 5.522 -1.567
6.781 5.495 -1.565
6.786 5.463 -1.562
6.8 5.44 -1.562
6.8 5.405 -1.557
0.336999 16.073 -1.857
0.386999 16.056 -1.855
0.410999 16.03 -1.852
0.461999 16.024 -1.851
0.510999 15.995 -1.847
0.560999 15.974 -1.845
0.609999 15.942 -1.841
0.658999 15.914 -1.838
0.707999 15.894 -1.836
0.731999 15.883 -1.834
0.780999 15.859 -1.831
0.829999 15.835 -1.829
0.878999 15.818 -1.827
0.925999 15.786 -1.823
0.975999 15.775 -1.822
0.999999 15.763 -1.821
1.047 15.726 -1.817
1.096 15.723 -1.817
1.144 15.694 -1.813
1.192 15.672 -1.811
1.24 15.657 -1.809
1.288 15.645 -1.808
1.336 15.617 -1.805
0.272999 20.66 -1.829
0.335999 20.561 -1.82
0.400999 20.564 -1.82
0.432999 20.535 -1.817
0.496999 20.514 -1.815
0.559999 20.471 -1.811
0.623999 20.449 -1.809
0.686999 20.411 -1.806
0.749999 20.369 -1.802
0.810999 20.305 -1.796
0.840999 20.26 -1.792
0.903999 20.239 -1.79
0.966999 20.224 -1.789
1.029 20.191 -1.786
1.091 20.162 -1.783
1.153 20.123 -1.78
1.182 20.081 -1.776
22.995 1.725 -0.954
22.907 1.646 -0.95
22.799 1.566 -0.944
22.628 1.519 -0.935
22.389 1.432 -0.923
22.144 1.346 -0.91
22.021 1.269 -0.904
41.107 7.391 -0.671
41.091 7.322 -0.67
41.008 7.174 -0.668
40.916 7.026 -0.665
40.825 6.878 -0.663
40.705 6.727 -0.66
40.637 6.584 -0.658
40.568 6.443 -0.656
40.488 6.365 -0.654
40.419 6.224 -0.652
40.351 6.084 -0.651
40.304 5.947 -0.649
40.252 5.811 -0.648
40.197 5.674 -0.646
40.147 5.538 -0.645
40.1 5.468 -0.644
40.034 5.331 -0.642
40.058 5.206 -0.642
39.799 5.045 -0.636
39.05 4.826 -0.62
