2.1501 -0.00199579 0.00308314 -9.46547e-05
2.19 3.823 -1.74
2.18 3.779 -1.722
2.184 3.758 -1.715
2.189 3.753 -1.714
2.25 3.684 -1.703
2.264 3.68 -1.704
2.265 3.656 -1.696
2.275 3.647 -1.695
2.285 3.637 -1.693
2.281 3.606 -1.682
2.763 3.702 -1.635
2.756 3.668 -1.623
2.742 3.626 -1.608
2.736 3.607 -1.601
2.736 3.584 -1.593
2.728 3.55 -1.581
2.187 4.899 -1.707
2.192 4.868 -1.698
2.201 4.847 -1.692
2.206 4.818 -1.684
2.206 4.799 -1.678
2.214 4.776 -1.673
2.225 4.761 -1.669
2.236 4.747 -1.667
2.25 4.737 -1.665
2.271 4.743 -1.671
2.283 4.729 -1.668
2.288 4.72 -1.666
2.287 4.681 -1.654
2.16 6.366 -1.704
2.178 6.354 -1.702
2.198 6.345 -1.701
2.22 6.345 -1.704
2.225 6.297 -1.692
2.221 6.253 -1.68
2.232 6.222 -1.673
2.244 6.193 -1.667
2.258 6.17 -1.662
2.274 6.154 -1.66
2.29 6.139 -1.657
2.298 6.13 -1.656
2.309 6.101 -1.65
2.237 7.526 -1.696
2.246 7.513 -1.693
2.251 7.444 -1.678
2.26 7.389 -1.667
2.27 7.337 -1.656
2.284 7.302 -1.649
2.306 7.293 -1.649
2.327 7.278 -1.647
2.351 7.274 -1.648
2.356 7.25 -1.643
2.269 9.176 -1.706
2.298 9.169 -1.706
2.31 9.158 -1.704
2.322 9.084 -1.691
2.327 8.983 -1.672
2.34 8.919 -1.661
2.36 8.879 -1.654
2.346 10.924 -1.649
2.369 10.864 -1.641
2.38 10.751 -1.623
2.377 10.658 -1.609
2.402 10.612 -1.603
2.436 10.607 -1.603
2.465 10.583 -1.6
2.487 10.528 -1.593
2.354 13.72 -1.581
2.393 13.687 -1.578
2.423 13.609 -1.569
2.423 13.486 -1.553
2.468 13.496 -1.555
2.501 13.436 -1.549
2.536 13.391 -1.544
2.57 13.342 -1.538
2.586 13.203 -1.521
5.758 12.682 -1.253
5.746 12.551 -1.241
5.752 12.461 -1.232
5.733 12.369 -1.223
5.768 12.344 -1.222
5.817 12.345 -1.224
5.834 12.282 -1.219
5.836 12.188 -1.21
5.892 12.206 -1.214
5.867 12.059 -1.199
2.515 22.012 -1.431
2.566 21.853 -1.42
2.597 21.53 -1.397
2.625 21.473 -1.393
2.66 21.201 -1.373
2.678 20.818 -1.345
2.723 20.65 -1.333
7.431 24.53 -1.083
7.499 24.478 -1.082
7.564 24.416 -1.08
7.634 24.371 -1.079
7.66 24.321 -1.077
7.717 24.234 -1.074
7.789 24.198 -1.073
7.858 24.153 -1.072
7.93 24.115 -1.071
7.999 24.071 -1.07
8.019 24.005 -1.067
8.09 23.966 -1.067
8.16 23.924 -1.066
8.221 23.859 -1.064
8.284 23.797 -1.062
8.341 23.722 -1.059
8.405 23.665 -1.057
8.43 23.616 -1.056
8.482 23.527 -1.052
8.536 23.446 -1.049
8.603 23.402 -1.048
8.659 23.328 -1.046
8.721 23.271 -1.044
8.782 23.212 -1.043
8.837 23.136 -1.04
8.798 22.926 -1.03
9.104 25.197 -0.494
9.083 24.892 -0.486
9.095 24.683 -0.481
9.116 24.503 -0.477
9.1 24.34 -0.473
9.091 24.085 -0.467
9.124 23.946 -0.464
9.124 23.72 -0.458
9.137 23.532 -0.454
9.129 23.293 -0.448
9.207 23.277 -0.448
9.221 23.207 -0.446
9.227 23.009 -0.442
