3.29042 -0.162294 0.0276176 -0.00156169
3.012 3.126 -1.713
3.006 3.101 -1.703
3.008 3.084 -1.699
3.016 3.073 -1.698
3.031 3.069 -1.701
3.025 3.044 -1.692
3.014 3.023 -1.682
3.022 3.012 -1.682
2.987 2.959 -1.655
2.975 3.71 -1.687
2.979 3.691 -1.682
2.982 3.671 -1.677
2.984 3.662 -1.675
2.993 3.65 -1.674
2.996 3.63 -1.669
2.995 3.605 -1.661
2.998 3.586 -1.656
2.998 3.563 -1.65
3.004 3.548 -1.647
3.002 3.535 -1.642
2.999 3.509 -1.634
2.966 4.988 -1.675
2.971 4.979 -1.673
2.983 4.963 -1.671
2.979 4.92 -1.659
2.979 4.887 -1.65
2.987 4.864 -1.645
2.981 4.82 -1.633
2.985 4.793 -1.626
2.986 4.777 -1.622
2.981 5.798 -1.649
2.979 5.75 -1.636
2.983 5.713 -1.628
2.985 5.672 -1.619
2.996 5.649 -1.614
2.995 5.606 -1.604
3 5.573 -1.597
2.981 6.887 -1.615
2.97 6.803 -1.596
2.92 6.659 -1.561
2.928 6.621 -1.554
2.944 8.451 -1.608
2.974 8.451 -1.61
2.989 8.409 -1.603
2.981 8.345 -1.591
2.984 8.271 -1.578
2.99 8.204 -1.566
2.992 8.13 -1.553
2.999 8.071 -1.543
2.799 10.508 -1.602
2.826 10.477 -1.598
2.85 10.435 -1.593
2.878 10.411 -1.59
2.906 10.383 -1.587
2.924 10.322 -1.578
2.925 10.265 -1.57
2.951 10.234 -1.566
2.915 9.988 -1.527
2.964 13.443 -1.561
2.97 13.372 -1.553
3.01 13.353 -1.551
3.013 13.175 -1.529
3.017 13.004 -1.508
4.909 13.348 -1.284
4.898 13.191 -1.268
4.89 13.045 -1.254
4.888 12.916 -1.241
4.885 12.787 -1.229
5.223 14.253 -1.017
5.199 14.051 -1.001
5.225 13.986 -0.997
5.251 13.989 -0.998
5.25 13.854 -0.987
5.186 13.558 -0.963
5.226 16.127 -0.756
5.212 15.913 -0.744
5.211 15.827 -0.739
5.182 15.574 -0.725
5.207 15.486 -0.721
5.132 15.108 -0.699
