12.4795 -1.96635 0.211899 -0.00858211
6.536 5.958 -1.588
6.539 5.922 -1.584
6.535 5.882 -1.578
6.533 5.861 -1.575
6.532 5.824 -1.57
6.54 5.794 -1.567
6.557 5.772 -1.567
6.566 5.744 -1.565
6.556 5.698 -1.557
6.581 5.684 -1.559
6.58 5.665 -1.557
6.596 5.643 -1.556
6.615 5.624 -1.557
6.615 5.587 -1.552
6.63 5.564 -1.551
6.644 5.541 -1.55
6.658 5.517 -1.55
6.657 5.498 -1.547
6.668 5.472 -1.546
6.674 5.442 -1.543
6.688 5.419 -1.542
6.704 5.397 -1.542
6.718 5.373 -1.541
6.724 5.343 -1.538
7.797 6.922 -1.53
7.814 6.894 -1.529
7.806 6.843 -1.523
7.81 6.803 -1.519
7.813 6.784 -1.518
7.81 6.739 -1.513
7.789 6.678 -1.504
7.623 6.493 -1.465
0.232999 15.908 -1.836
0.282999 15.884 -1.833
0.305999 15.83 -1.826
0.354999 15.797 -1.822
0.404999 15.806 -1.823
0.453999 15.769 -1.818
0.501999 15.735 -1.814
0.550999 15.708 -1.811
0.574999 15.687 -1.808
0.622999 15.667 -1.806
0.671999 15.661 -1.806
0.719999 15.636 -1.803
0.767999 15.596 -1.798
0.811999 15.51 -1.787
0.856999 15.446 -1.779
0.421999 20.01 -1.766
0.484999 19.977 -1.763
0.545999 19.937 -1.759
0.606999 19.868 -1.752
0.635999 19.799 -1.746
0.696999 19.761 -1.742
0.756999 19.705 -1.737
0.816999 19.663 -1.733
0.877999 19.629 -1.73
0.937999 19.596 -1.727
0.997999 19.563 -1.724
1.027 19.528 -1.721
1.086 19.481 -1.716
22.879 1.934 -0.949
22.843 1.858 -0.947
22.807 1.783 -0.945
22.792 1.71 -0.944
22.788 1.638 -0.944
22.768 1.6 -0.943
22.739 1.526 -0.941
22.596 1.445 -0.933
22.26 1.353 -0.916
22.206 1.28 -0.913
21.997 1.198 -0.903
21.799 1.119 -0.893
