11.5547 -1.68793 -0.003966 0.00137119
-14.34 7.193 -1.77
-14.404 7.281 -1.782
-14.411 7.313 -1.785
-14.407 7.368 -1.787
-14.41 7.427 -1.791
-14.397 7.478 -1.792
-14.355 7.513 -1.79
-14.382 7.585 -1.797
-14.382 7.643 -1.8
-14.363 7.662 -1.799
-14.444 7.763 -1.814
-14.418 7.807 -1.814
-14.399 7.855 -1.814
-14.416 7.924 -1.82
-14.426 7.988 -1.825
-14.441 8.026 -1.829
-13.403 21.218 -1.648
-13.626 21.646 -1.683
-13.604 21.761 -1.69
-13.644 21.978 -1.705
-13.624 22.101 -1.712
-13.568 22.165 -1.714
-7.821 44.029 -1.785
-7.7 44.155 -1.79
-7.573 44.246 -1.793
-7.442 44.319 -1.795
-7.308 44.372 -1.797
-7.244 44.423 -1.798
-7.106 44.455 -1.799
-6.976 44.536 -1.801
-6.871 44.787 -1.812
-6.819 45.403 -1.838
-17.349 44.385 -0.794
-17.425 44.787 -0.803
-17.446 45.263 -0.812
-17.465 45.74 -0.822
-17.481 46.22 -0.831
-17.492 46.692 -0.84
-17.51 47.191 -0.85
