-3.09415 0.26152 -0.048953 0.00129613
-2.824 2.086 -1.252
-2.827 2.101 -1.257
-2.826 2.115 -1.259
-2.831 2.132 -1.265
-2.825 2.141 -1.265
-2.822 2.153 -1.267
-2.823 2.161 -1.27
-2.815 2.169 -1.269
-2.826 2.191 -1.278
-2.819 2.2 -1.278
-2.793 2.194 -1.268
-2.795 2.21 -1.273
-2.801 2.229 -1.279
-2.804 2.238 -1.282
-2.805 2.254 -1.286
-2.819 2.279 -1.297
-2.835 2.306 -1.308
-2.854 2.336 -1.321
-2.835 2.336 -1.315
-3.821 1.432 -1.312
-3.907 1.477 -1.345
-3.929 1.5 -1.355
-3.949 1.521 -1.365
-2.768 2.394 -1.05
-2.794 2.432 -1.064
-2.831 2.481 -1.084
-2.826 2.493 -1.085
-2.833 2.514 -1.091
-2.819 2.51 -1.087
-2.817 2.524 -1.089
-2.826 2.548 -1.097
-2.816 2.556 -1.096
-2.808 2.564 -1.096
-2.824 2.595 -1.106
-2.824 2.612 -1.11
-2.817 2.614 -1.109
-2.828 2.641 -1.117
-2.82 2.65 -1.117
-2.823 2.669 -1.122
-2.825 2.689 -1.127
-2.818 2.699 -1.128
-2.816 2.714 -1.131
-2.724 2.861 -0.986
-2.72 2.875 -0.988
-2.724 2.897 -0.993
-2.726 2.917 -0.998
-2.731 2.941 -1.004
-2.737 2.957 -1.008
-2.727 2.966 -1.008
-2.737 2.996 -1.016
-2.73 3.007 -1.017
-2.74 3.037 -1.025
-2.74 3.056 -1.029
-2.741 3.077 -1.034
-2.744 3.09 -1.037
-2.666 2.259 -0.752
-2.672 2.279 -0.757
-2.668 2.29 -0.758
-2.679 2.313 -0.763
-2.664 2.315 -0.761
-2.672 2.336 -0.766
-2.682 2.36 -0.772
-2.675 2.361 -0.771
-2.694 2.393 -0.779
-2.689 2.404 -0.78
-2.677 2.408 -0.779
-2.67 2.417 -0.779
-2.687 2.447 -0.787
-2.681 2.457 -0.788
-2.674 2.459 -0.787
-2.673 2.473 -0.789
-2.681 2.496 -0.794
-2.675 2.506 -0.795
-2.687 2.533 -0.802
-2.693 2.555 -0.807
-2.679 2.558 -0.805
-2.627 2.103 -0.497
-2.623 2.113 -0.498
-2.623 2.127 -0.499
-2.627 2.144 -0.502
-2.624 2.156 -0.503
-2.626 2.164 -0.504
-2.631 2.182 -0.507
-2.634 2.199 -0.509
-2.633 2.212 -0.511
-2.632 2.226 -0.512
-2.639 2.246 -0.516
-2.632 2.254 -0.516
-2.641 2.276 -0.52
-2.643 2.286 -0.521
-2.643 2.301 -0.523
-2.645 2.317 -0.525
-2.644 2.33 -0.527
-2.639 2.341 -0.527
-2.639 2.356 -0.529
-2.645 2.376 -0.532
-2.629 2.37 -0.529
-2.629 2.385 -0.531
-2.633 2.404 -0.534
-2.629 2.415 -0.535
-2.622 2.424 -0.535
-2.622 2.439 -0.537
-2.623 2.456 -0.539
-2.628 2.468 -0.541
-2.627 2.483 -0.543
-2.626 2.498 -0.545
-2.622 2.51 -0.546
-2.62 2.524 -0.548
-6.232 26.562 -1.809
-6.169 26.668 -1.816
-6.097 26.736 -1.819
-6.035 26.855 -1.827
-6.005 26.92 -1.831
-5.933 26.996 -1.835
-5.865 27.088 -1.841
-5.765 27.038 -1.836
-5.675 27.035 -1.834
-5.647 27.326 -1.855
-5.584 27.453 -1.863
-14.606 31.693 -1.549
-14.591 31.924 -1.559
-14.582 32.17 -1.57
-14.615 32.379 -1.58
-14.608 32.636 -1.592
-14.601 32.895 -1.603
