-6.63347 0.328672 -0.0290941 0.000738796
-5.703 3.891 -1.753
-5.703 3.918 -1.757
-5.693 3.937 -1.758
-5.683 3.957 -1.759
-5.684 3.984 -1.763
-5.666 3.998 -1.761
-5.671 4.028 -1.767
-5.668 4.039 -1.768
-5.655 4.057 -1.768
-5.649 4.079 -1.77
-5.644 4.103 -1.773
-5.635 4.124 -1.774
-5.632 4.148 -1.777
-5.625 4.171 -1.78
-5.623 4.183 -1.781
-5.635 4.219 -1.789
-5.609 4.227 -1.785
-5.614 4.259 -1.792
-5.612 4.285 -1.795
-5.601 4.305 -1.796
-5.591 4.325 -1.797
-5.587 4.364 -1.803
-5.569 4.406 -1.806
-5.486 5.785 -1.724
-5.493 5.829 -1.732
-5.484 5.856 -1.735
-5.485 5.876 -1.739
-5.48 5.907 -1.743
-5.473 5.938 -1.748
-5.471 5.972 -1.753
-5.478 6.018 -1.762
-5.47 6.046 -1.766
-5.477 6.074 -1.771
-5.467 6.101 -1.775
-5.469 6.141 -1.782
-5.485 7.71 -1.707
-5.493 7.746 -1.714
-5.492 7.797 -1.722
-5.48 7.831 -1.726
-5.488 7.895 -1.737
-5.482 7.94 -1.744
-5.482 7.993 -1.752
-5.479 8.042 -1.76
-5.474 8.062 -1.762
-5.522 9.883 -1.673
-5.516 9.945 -1.681
-5.51 10.009 -1.689
-5.524 10.072 -1.699
-5.522 10.143 -1.709
-5.518 10.212 -1.718
-5.508 10.269 -1.725
-5.484 10.302 -1.728
-5.551 22.109 -1.478
-5.549 22.395 -1.499
-5.532 22.632 -1.515
-5.523 22.905 -1.535
-5.512 23.176 -1.554
-5.523 23.387 -1.569
-5.45 23.404 -1.569
-5.381 23.444 -1.571
-15.736 31.992 -1.382
-15.732 32.239 -1.392
-15.769 32.445 -1.401
-15.764 32.696 -1.411
-15.753 32.939 -1.42
-15.747 33.194 -1.43
-15.741 33.453 -1.441
