4.50445 -0.854551 0.0879573 -0.00270336
2.013 3.888 -1.728
2.02 3.886 -1.729
2.025 3.867 -1.723
2.028 3.843 -1.714
2.029 3.817 -1.705
2.042 3.812 -1.706
2.044 3.788 -1.697
2.053 3.775 -1.694
2.054 3.764 -1.69
2.061 3.747 -1.685
2.073 3.742 -1.686
2.089 3.742 -1.689
2.1 3.736 -1.689
2.115 3.734 -1.692
2.118 3.713 -1.685
2.116 3.695 -1.678
2.128 3.69 -1.679
2.132 3.671 -1.672
2.168 3.705 -1.692
2.148 3.645 -1.666
2.157 3.635 -1.665
2.155 3.619 -1.658
1.999 4.402 -1.717
2 4.368 -1.706
2.009 4.352 -1.701
2.016 4.33 -1.695
2.025 4.315 -1.691
2.023 4.294 -1.684
2.029 4.27 -1.676
2.042 4.264 -1.676
2.052 4.251 -1.674
2.065 4.244 -1.674
2.08 4.241 -1.675
2.085 4.218 -1.668
2.089 4.208 -1.665
2.099 4.196 -1.663
2.109 4.183 -1.66
2.127 4.187 -1.664
2.127 4.153 -1.653
2.133 4.133 -1.647
3.478 3.147 -1.525
3.485 3.134 -1.524
3.46 3.091 -1.507
3.45 3.063 -1.498
3.485 3.074 -1.51
3.462 3.035 -1.495
3.411 2.98 -1.469
1.988 5.592 -1.716
2.001 5.574 -1.711
2.009 5.538 -1.702
2.01 5.489 -1.688
2.011 5.462 -1.68
2.022 5.44 -1.675
2.032 5.414 -1.668
2.045 5.398 -1.665
1.952 6.479 -1.716
1.969 6.462 -1.712
1.988 6.454 -1.712
1.998 6.413 -1.702
2.005 6.364 -1.69
2.018 6.336 -1.684
2.016 6.296 -1.673
2.028 6.265 -1.666
2.048 6.259 -1.666
2.064 6.242 -1.663
1.973 7.688 -1.715
1.991 7.657 -1.71
2.003 7.608 -1.699
2.011 7.541 -1.685
2.01 7.487 -1.673
2.023 7.443 -1.664
1.989 9.144 -1.687
1.999 9.12 -1.683
2.007 9.02 -1.665
2.015 8.923 -1.647
2.036 8.886 -1.641
2.064 8.88 -1.641
2.09 8.864 -1.639
2.113 8.84 -1.635
1.977 10.856 -1.627
1.987 10.72 -1.606
2.007 10.64 -1.594
2.019 10.609 -1.59
2.048 10.582 -1.586
2.076 10.548 -1.582
2.102 10.506 -1.576
1.972 13.826 -1.587
1.998 13.702 -1.572
2.02 13.556 -1.554
2.03 13.479 -1.544
2.071 13.462 -1.543
2.11 13.44 -1.541
2.139 13.351 -1.53
3.772 14.104 -1.324
3.785 14.063 -1.32
3.804 13.958 -1.31
3.853 13.967 -1.312
3.887 13.92 -1.308
3.939 13.934 -1.311
3.99 13.949 -1.314
4.024 13.902 -1.31
4.016 13.792 -1.299
4.045 13.734 -1.294
4.089 13.723 -1.294
4.129 13.701 -1.293
4.105 13.467 -1.269
4.183 13.57 -1.282
4.182 13.418 -1.267
1.81 22.817 -1.485
1.879 22.784 -1.483
1.947 22.732 -1.48
1.995 22.457 -1.46
2.051 22.296 -1.449
2.068 22.092 -1.434
11.103 13.355 -0.779
11.1 13.309 -0.777
11.109 13.236 -0.774
11.042 13.073 -0.765
10.998 12.938 -0.757
11.005 12.864 -0.754
10.98 12.753 -0.749
10.935 12.621 -0.741
10.981 12.634 -0.744
11.031 12.611 -0.744
11.069 12.575 -0.744
11.089 12.518 -0.743
11.12 12.474 -0.742
11.13 12.406 -0.739
11.13 12.328 -0.736
11.255 12.428 -0.745
11.097 12.177 -0.729
10.998 11.992 -0.717
