-13.451 1.60716 -0.50324 0.0482719
-11.881 1.663 -1.78
-11.893 1.703 -1.783
-11.915 1.745 -1.787
-11.934 1.766 -1.79
-11.948 1.807 -1.794
-11.938 1.844 -1.793
-11.963 1.886 -1.798
-11.95 1.922 -1.797
-11.957 1.962 -1.799
-11.987 1.986 -1.804
-11.977 2.023 -1.804
-11.994 2.065 -1.807
-11.993 2.104 -1.808
-11.989 2.142 -1.809
-12.017 2.186 -1.814
-12.002 2.222 -1.813
-12.016 2.244 -1.816
-12.026 2.285 -1.819
-12.019 2.323 -1.819
-12.025 2.363 -1.821
-12.064 2.41 -1.828
-12.086 2.454 -1.833
-16.456 2.261 -1.84
-16.474 2.317 -1.843
-16.477 2.37 -1.844
-16.489 2.424 -1.847
-16.493 2.478 -1.848
-16.505 2.533 -1.851
-16.511 2.56 -1.852
-16.52 2.615 -1.854
-16.533 2.67 -1.857
-16.535 2.723 -1.858
-16.54 2.778 -1.86
-16.551 2.833 -1.862
-16.565 2.889 -1.865
-16.617 2.925 -1.872
-16.627 2.981 -1.875
-16.63 3.035 -1.876
-16.628 3.089 -1.877
-16.644 3.146 -1.88
-16.641 3.199 -1.881
-16.645 3.254 -1.883
-16.665 3.285 -1.886
-16.657 3.338 -1.886
-16.654 3.392 -1.887
-16.663 3.448 -1.89
-16.663 3.503 -1.891
-7.419 19.309 -1.323
-7.48 19.559 -1.342
-7.448 19.66 -1.348
-7.386 19.682 -1.348
-7.332 19.727 -1.349
-7.319 19.883 -1.36
-7.267 19.934 -1.362
-7.264 20.12 -1.375
-7.283 20.274 -1.386
-5.31 23.461 -1.004
-5.316 23.831 -1.022
-5.24 23.843 -1.022
-5.181 23.932 -1.026
-5.103 23.934 -1.025
-5.067 24.14 -1.035
-5.053 24.259 -1.041
-4.994 24.361 -1.045
-4.927 24.422 -1.047
-4.851 24.439 -1.048
-4.784 24.505 -1.05
-4.745 24.72 -1.06
