-6.46633 0.0765097 -0.00607366 0.000109778
-6.443 2.029 -1.712
-6.512 2.073 -1.734
-6.524 2.1 -1.739
-6.536 2.126 -1.744
-6.529 2.147 -1.744
-6.522 2.156 -1.743
-6.538 2.183 -1.75
-6.536 2.206 -1.751
-6.573 2.241 -1.764
-6.311 4.894 -1.727
-6.315 4.929 -1.733
-6.283 4.936 -1.728
-6.274 4.96 -1.729
-6.287 5.003 -1.738
-6.287 5.035 -1.743
-6.268 5.052 -1.742
-6.275 5.074 -1.746
-6.279 5.109 -1.752
-6.258 5.125 -1.751
-6.237 5.141 -1.749
-6.233 5.171 -1.753
-6.233 5.204 -1.758
-6.229 5.234 -1.762
-6.211 5.252 -1.761
-6.215 5.272 -1.765
-6.192 5.286 -1.763
-6.198 5.325 -1.77
-6.206 5.366 -1.777
-6.197 5.392 -1.78
-6.271 7.054 -1.703
-6.264 7.09 -1.707
-6.249 7.118 -1.709
-6.246 7.16 -1.715
-6.235 7.17 -1.715
-6.232 7.211 -1.721
-6.224 7.249 -1.725
-6.204 7.271 -1.726
-6.197 7.309 -1.731
-6.179 7.334 -1.732
-6.162 7.361 -1.734
-6.155 7.377 -1.736
-6.135 7.399 -1.736
-6.125 7.435 -1.741
-6.096 7.446 -1.739
-6.097 7.496 -1.746
-6.092 7.538 -1.752
-6.071 7.56 -1.753
-6.31 9.211 -1.648
-6.334 9.309 -1.663
-6.325 9.359 -1.668
-6.306 9.395 -1.672
-6.296 9.442 -1.677
-6.289 9.497 -1.683
-6.266 9.526 -1.685
-6.264 9.556 -1.689
-6.232 9.574 -1.689
-6.213 9.61 -1.692
-6.203 9.661 -1.698
-6.19 9.707 -1.703
-6.174 9.75 -1.707
-6.148 9.776 -1.709
-6.359 12.637 -1.61
-6.341 12.701 -1.616
-6.335 12.788 -1.626
-6.327 12.823 -1.63
-6.32 12.911 -1.639
-6.284 12.941 -1.641
-6.248 12.97 -1.642
-6.233 13.045 -1.65
-6.223 13.129 -1.659
-6.188 13.163 -1.661
-6.153 13.195 -1.663
-6.505 16.397 -1.532
-6.494 16.519 -1.543
-6.462 16.591 -1.549
-6.445 16.702 -1.558
-6.416 16.782 -1.565
-6.369 16.819 -1.566
-6.371 16.903 -1.574
-6.356 17.026 -1.585
-6.324 17.101 -1.591
-6.812 29.212 -1.303
-6.741 29.324 -1.307
-6.785 29.943 -1.338
-6.732 30.148 -1.347
-6.694 30.424 -1.361
-6.651 30.689 -1.373
-6.616 30.762 -1.376
-15.704 54.321 -0.981
-15.772 54.882 -0.992
-15.955 56.186 -1.02
-15.883 56.609 -1.028
-15.849 57.177 -1.039
