1.62792 -0.0674978 0.00666832 -0.000166407
1.513 4.022 -1.694
1.516 4.011 -1.69
1.516 3.973 -1.675
1.525 3.96 -1.672
1.529 3.934 -1.662
1.54 3.925 -1.66
1.542 3.894 -1.648
1.545 3.867 -1.638
3.015 2.957 -1.53
3.017 2.941 -1.526
3.021 2.926 -1.523
3.012 2.898 -1.513
3.045 2.912 -1.526
3.038 2.887 -1.518
3.037 2.877 -1.515
3.019 2.842 -1.5
3.046 2.849 -1.51
3.067 2.851 -1.516
3.074 2.84 -1.515
3.048 2.797 -1.496
3.037 2.779 -1.488
3.031 2.755 -1.48
3.02 2.728 -1.47
1.403 5.212 -1.718
1.408 5.2 -1.714
1.416 5.163 -1.703
1.429 5.148 -1.699
1.439 5.121 -1.691
1.444 5.08 -1.678
1.464 5.088 -1.683
1.478 5.078 -1.681
1.487 5.08 -1.682
1.502 5.07 -1.68
1.514 5.052 -1.676
1.521 5.018 -1.665
1.492 5.646 -1.686
1.498 5.593 -1.671
1.511 5.574 -1.666
1.517 5.525 -1.652
1.521 5.474 -1.637
1.529 5.434 -1.626
1.418 6.625 -1.718
1.422 6.592 -1.709
1.432 6.539 -1.696
1.447 6.506 -1.688
1.463 6.484 -1.683
1.481 6.467 -1.679
1.491 6.419 -1.667
1.399 7.805 -1.714
1.42 7.783 -1.71
1.442 7.765 -1.706
1.456 7.701 -1.692
1.455 7.63 -1.676
1.475 7.603 -1.671
1.498 7.596 -1.67
1.522 7.591 -1.67
1.534 7.529 -1.657
1.463 9.398 -1.717
1.463 9.301 -1.698
1.475 9.187 -1.677
1.497 9.14 -1.669
1.523 9.116 -1.665
1.548 9.092 -1.661
1.458 11.452 -1.708
1.483 11.361 -1.694
1.474 11.153 -1.661
1.501 11.086 -1.651
1.529 11.03 -1.643
1.471 14.758 -1.698
1.515 14.731 -1.695
1.547 14.59 -1.677
1.565 14.341 -1.646
1.602 14.261 -1.636
1.609 14.124 -1.619
1.639 13.997 -1.603
5.39 13.406 -1.308
5.364 13.281 -1.295
5.381 13.203 -1.288
5.337 12.98 -1.265
5.345 12.885 -1.256
1.559 24.563 -1.612
1.633 24.512 -1.609
1.679 24.065 -1.576
1.745 23.926 -1.566
1.818 23.885 -1.564
1.842 23.711 -1.551
1.91 23.62 -1.545
4.504 27.544 -1.198
4.588 27.51 -1.197
4.576 26.916 -1.167
4.678 27.002 -1.172
4.685 26.547 -1.15
4.67 25.979 -1.122
10.595 25.162 -0.507
10.538 24.806 -0.498
10.526 24.563 -0.492
10.554 24.416 -0.489
10.52 24.233 -0.484
10.55 24.093 -0.481
10.531 23.846 -0.475
10.524 23.628 -0.47
10.525 23.431 -0.465
10.51 23.202 -0.46
10.547 23.091 -0.457
