2.42597 0.461723 -0.0535039 0.00133325
2.7 3.316 -1.685
2.697 3.302 -1.68
2.705 3.291 -1.679
2.707 3.272 -1.673
2.719 3.265 -1.674
2.737 3.266 -1.679
2.733 3.241 -1.67
2.754 3.245 -1.677
2.756 3.236 -1.675
2.761 3.222 -1.672
2.772 3.215 -1.672
2.781 3.205 -1.672
2.79 3.195 -1.671
2.799 3.185 -1.67
2.805 3.172 -1.668
2.811 3.169 -1.668
2.813 3.15 -1.663
2.835 3.155 -1.671
2.854 3.156 -1.676
2.86 3.142 -1.674
2.868 3.132 -1.673
2.874 3.119 -1.671
2.855 3.089 -1.656
2.83 3.042 -1.634
4.026 3.943 -1.623
4.026 3.918 -1.617
4.025 3.905 -1.614
4.031 3.886 -1.611
4.027 3.857 -1.604
4.061 3.866 -1.614
4.06 3.841 -1.609
4.068 3.825 -1.607
4.053 3.799 -1.598
4.042 3.764 -1.588
4.054 3.751 -1.588
4.071 3.743 -1.59
4.056 3.706 -1.579
4.065 3.69 -1.578
4.069 3.671 -1.575
4.058 3.649 -1.568
5.501 4.911 -1.585
5.509 4.887 -1.583
5.494 4.842 -1.573
5.497 4.815 -1.57
5.495 4.797 -1.567
5.504 4.775 -1.565
5.516 4.755 -1.564
5.507 4.717 -1.557
5.51 4.69 -1.553
5.518 4.666 -1.551
5.52 4.639 -1.547
5.505 4.611 -1.54
5.532 4.604 -1.544
5.528 4.571 -1.539
5.509 4.527 -1.529
1.977 15.207 -1.762
2.02 15.167 -1.758
2.068 15.163 -1.758
2.115 15.15 -1.757
2.136 15.127 -1.755
2.183 15.122 -1.755
2.22 15.043 -1.745
2.26 14.987 -1.739
2.297 14.917 -1.731
2.341 14.888 -1.728
2.36 14.859 -1.725
2.401 14.818 -1.721
2.438 14.756 -1.714
2.48 14.719 -1.71
1.179 19.491 -1.718
1.238 19.45 -1.714
1.297 19.41 -1.711
1.333 19.046 -1.675
1.373 18.77 -1.648
1.399 18.714 -1.643
1.453 18.646 -1.637
1.083 25.221 -1.659
1.156 25.082 -1.649
1.218 24.716 -1.622
1.283 24.463 -1.604
1.337 24.055 -1.574
1.382 23.515 -1.534
0.498998 35.009 -1.554
0.609998 35.048 -1.556
0.720998 35.081 -1.558
0.780998 35.34 -1.571
0.889998 35.231 -1.566
0.982998 34.6 -1.534
1.068 33.812 -1.495
1.168 33.644 -1.487
1.265 33.399 -1.475
1.349 32.882 -1.449
1.166 62.533 -1.106
1.362 62.473 -1.105
1.541 61.809 -1.091
1.729 61.588 -1.087
1.916 61.378 -1.083
2.11 61.392 -1.083
2.198 61.163 -1.078
2.375 60.772 -1.07
2.539 60.143 -1.057
2.74 60.392 -1.063
2.913 60.042 -1.055
