-6.27844 -0.205339 0.0170761 -0.000319534
-6.255 2.4 -1.697
-6.271 2.429 -1.704
-6.277 2.454 -1.708
-6.284 2.479 -1.712
-6.278 2.5 -1.713
-6.294 2.518 -1.719
-6.316 2.549 -1.728
-6.34 2.582 -1.737
-6.345 2.607 -1.741
-6.353 2.634 -1.745
-6.334 2.649 -1.742
-6.341 2.676 -1.747
-6.353 2.693 -1.752
-7.176 1.988 -1.602
-7.214 2.011 -1.612
-7.219 2.036 -1.614
-7.254 2.071 -1.624
-7.273 2.101 -1.631
-7.25 2.119 -1.627
-7.262 2.147 -1.631
-7.266 2.173 -1.634
-7.289 2.192 -1.64
-7.316 2.225 -1.648
-7.303 2.247 -1.647
-7.311 2.274 -1.65
-7.306 2.298 -1.651
-7.33 2.331 -1.659
-7.356 2.351 -1.666
-7.358 2.378 -1.668
-7.271 2.375 -1.649
-7.284 2.404 -1.654
-7.307 2.438 -1.661
-7.303 2.462 -1.662
-6.744 6.011 -1.625
-6.83 6.125 -1.652
-6.889 6.197 -1.669
-6.898 6.245 -1.677
-6.909 6.294 -1.685
-6.914 6.338 -1.692
-10.77 2.031 -1.615
-10.87 2.086 -1.632
-10.927 2.132 -1.643
-11.035 2.189 -1.661
-11.099 2.219 -1.672
-11.141 2.264 -1.68
-5.992 13.672 -1.633
-5.982 13.767 -1.644
-5.978 13.875 -1.656
-5.951 13.934 -1.661
-5.918 13.978 -1.664
-5.89 14.035 -1.669
-5.872 14.053 -1.671
-5.855 14.136 -1.679
-5.835 14.213 -1.687
-6.027 17.648 -1.632
-6.012 17.788 -1.644
-6.014 17.976 -1.662
-5.99 18.095 -1.672
-5.972 18.231 -1.684
-6.12 23.431 -1.583
-6.086 23.603 -1.595
-6.062 23.817 -1.61
-6.05 24.087 -1.629
-5.988 24.161 -1.633
-5.993 24.342 -1.646
-5.952 24.508 -1.657
-6.264 37.278 -1.478
-6.208 37.672 -1.495
-6.159 38.124 -1.514
-6.128 38.701 -1.539
-6.112 38.999 -1.552
-6.046 39.391 -1.569
-5.926 39.43 -1.57
