1.83242 0.0199835 -0.00254262 7.93995e-05
1.83 3.999 -1.737
1.834 3.977 -1.729
1.841 3.958 -1.723
1.849 3.944 -1.719
1.848 3.926 -1.712
1.86 3.918 -1.711
1.866 3.899 -1.705
1.872 3.882 -1.699
1.885 3.878 -1.7
1.892 3.86 -1.695
1.903 3.852 -1.694
1.902 3.836 -1.688
1.918 3.839 -1.692
1.926 3.824 -1.688
1.923 3.789 -1.674
1.8 4.517 -1.728
1.806 4.512 -1.727
1.818 4.502 -1.725
1.824 4.475 -1.716
1.831 4.452 -1.709
1.837 4.427 -1.701
1.849 4.418 -1.7
1.85 4.401 -1.694
1.858 4.382 -1.689
1.87 4.371 -1.686
1.882 4.362 -1.685
1.89 4.344 -1.68
1.908 4.346 -1.684
1.916 4.328 -1.679
1.921 4.32 -1.676
1.799 5.112 -1.725
1.814 5.103 -1.724
1.82 5.095 -1.722
1.83 5.073 -1.716
1.834 5.036 -1.705
1.841 5.007 -1.696
1.852 4.989 -1.692
1.863 4.969 -1.687
1.875 4.956 -1.684
1.882 4.949 -1.683
1.899 4.947 -1.684
1.914 4.941 -1.684
1.932 4.94 -1.686
1.941 4.918 -1.68
1.956 4.91 -1.68
1.955 4.864 -1.665
1.95 4.831 -1.654
1.955 4.798 -1.644
1.96 4.769 -1.636
1.972 4.756 -1.633
1.761 5.708 -1.727
1.777 5.699 -1.726
1.795 5.693 -1.726
1.813 5.686 -1.726
1.826 5.667 -1.721
1.825 5.632 -1.711
1.834 5.599 -1.702
1.85 5.588 -1.7
1.855 5.545 -1.688
1.861 5.505 -1.677
1.874 5.487 -1.673
1.79 6.576 -1.729
1.81 6.567 -1.728
1.812 6.534 -1.719
1.826 6.502 -1.712
1.837 6.465 -1.703
1.848 6.427 -1.694
1.863 6.403 -1.689
1.877 6.375 -1.683
1.884 6.324 -1.67
1.798 7.821 -1.736
1.818 7.794 -1.731
1.834 7.752 -1.722
1.841 7.674 -1.705
1.849 7.599 -1.688
1.874 7.596 -1.689
1.896 7.585 -1.688
1.904 7.567 -1.684
1.856 9.386 -1.728
1.852 9.285 -1.709
1.871 9.229 -1.699
1.893 9.191 -1.692
1.921 9.181 -1.692
1.942 9.134 -1.684
1.965 9.103 -1.679
1.966 8.968 -1.653
1.634 11.534 -1.725
1.665 11.491 -1.719
1.681 11.349 -1.697
1.694 11.315 -1.692
1.739 11.371 -1.701
1.773 11.355 -1.7
1.791 11.235 -1.681
1.797 11.047 -1.652
1.864 15.079 -1.744
1.888 14.898 -1.721
1.9 14.627 -1.687
1.937 14.55 -1.678
1.953 14.501 -1.672
1.979 14.35 -1.653
10.399 9.393 -1.262
10.369 9.307 -1.254
10.386 9.264 -1.252
10.364 9.215 -1.247
10.376 9.167 -1.245
10.381 9.114 -1.242
10.407 9.079 -1.241
10.414 9.028 -1.238
10.412 8.969 -1.234
10.443 8.939 -1.235
10.448 8.915 -1.233
10.488 8.892 -1.235
10.451 8.804 -1.226
10.443 8.742 -1.221
10.44 8.684 -1.217
10.476 8.658 -1.218
10.471 8.627 -1.216
10.475 8.575 -1.213
10.512 8.55 -1.214
10.559 8.533 -1.217
10.56 8.48 -1.213
10.526 8.398 -1.205
10.529 8.347 -1.202
10.522 8.314 -1.199
1.83 26.262 -1.739
1.891 25.948 -1.716
1.931 25.933 -1.715
2.002 25.801 -1.706
2.065 25.568 -1.689
2.107 25.096 -1.654
1.991 38.341 -1.724
2.088 37.896 -1.702
2.135 37.665 -1.691
2.21 36.93 -1.654
