2.4254 -0.147356 0.0123526 -0.000286283
1.875 4.03 -1.756
1.886 4.022 -1.755
1.891 3.999 -1.748
1.891 3.983 -1.741
1.898 3.966 -1.736
1.9 3.938 -1.726
1.91 3.929 -1.724
1.917 3.911 -1.719
1.928 3.902 -1.717
1.942 3.899 -1.719
1.939 3.88 -1.711
1.957 3.885 -1.717
1.968 3.876 -1.715
1.975 3.86 -1.71
1.974 3.829 -1.699
4.054 0.765 -1.492
4.016 0.745 -1.476
3.997 0.728 -1.467
4.025 0.72 -1.478
4.017 0.712 -1.474
4.037 0.703 -1.481
4.004 0.684 -1.467
3.922 0.657 -1.434
4.484 0.733 -1.474
4.464 0.715 -1.466
4.502 0.714 -1.479
4.454 0.692 -1.461
4.409 0.671 -1.445
4.402 0.655 -1.441
4.358 0.634 -1.425
4.356 0.62 -1.423
1.871 5.655 -1.722
1.871 5.594 -1.704
1.882 5.569 -1.698
1.896 5.552 -1.694
1.905 5.522 -1.687
1.926 5.525 -1.689
1.933 5.519 -1.688
1.95 5.511 -1.688
1.965 5.499 -1.686
1.979 5.484 -1.683
1.99 5.458 -1.676
2.001 5.437 -1.672
1.997 5.372 -1.652
1.858 6.541 -1.725
1.864 6.483 -1.71
1.873 6.438 -1.699
1.888 6.412 -1.693
1.902 6.386 -1.687
1.921 6.378 -1.687
1.925 6.354 -1.681
1.951 6.367 -1.686
1.966 6.344 -1.682
1.986 6.34 -1.682
1.998 6.308 -1.675
2.003 6.255 -1.662
2.017 6.229 -1.656
2.023 6.216 -1.653
1.833 7.747 -1.721
1.849 7.705 -1.712
1.863 7.657 -1.702
1.878 7.614 -1.693
1.889 7.555 -1.681
1.9 7.499 -1.669
1.873 9.239 -1.701
1.88 9.125 -1.679
1.89 9.031 -1.662
1.908 8.975 -1.652
1.931 8.942 -1.647
1.899 10.914 -1.634
1.931 10.896 -1.632
1.952 10.814 -1.62
1.982 10.789 -1.617
1.998 10.685 -1.601
2.007 10.547 -1.58
1.827 14.418 -1.659
1.864 14.349 -1.651
1.865 14.021 -1.61
1.899 13.94 -1.6
1.921 13.939 -1.6
1.965 13.931 -1.6
2.008 13.925 -1.6
2.043 13.858 -1.592
2.065 13.712 -1.574
2.103 13.67 -1.57
2.126 13.536 -1.553
10.562 8.897 -1.241
10.539 8.822 -1.234
10.515 8.746 -1.227
10.527 8.7 -1.225
10.545 8.659 -1.224
10.551 8.609 -1.221
10.536 8.57 -1.217
10.535 8.514 -1.214
10.54 8.463 -1.211
10.57 8.433 -1.211
10.582 8.388 -1.209
10.533 8.296 -1.199
10.563 8.266 -1.2
10.577 8.25 -1.2
10.638 8.244 -1.204
10.61 8.169 -1.197
10.662 8.156 -1.201
10.651 8.095 -1.196
10.648 8.04 -1.192
10.618 7.965 -1.185
10.643 7.958 -1.187
10.652 7.912 -1.185
10.656 7.864 -1.182
3.733 20.538 -1.337
3.788 20.477 -1.333
3.815 20.263 -1.318
3.867 20.19 -1.313
3.909 20.064 -1.305
3.975 20.07 -1.306
4.015 20.106 -1.309
4.037 19.888 -1.294
4.035 19.563 -1.27
8.897 27.064 -1.227
8.932 27.03 -1.226
9.003 26.958 -1.224
9.078 26.901 -1.222
9.15 26.836 -1.22
9.22 26.766 -1.218
9.292 26.703 -1.216
9.371 26.66 -1.215
9.4 26.608 -1.213
9.485 26.582 -1.214
9.56 26.528 -1.212
9.637 26.481 -1.211
9.72 26.45 -1.211
9.79 26.384 -1.209
9.872 26.351 -1.209
9.9 26.3 -1.207
9.974 26.246 -1.206
10.042 26.178 -1.204
10.106 26.098 -1.202
10.176 26.036 -1.2
10.239 25.957 -1.198
10.308 25.894 -1.196
10.347 25.872 -1.196
10.347 25.637 -1.185
10.46 25.686 -1.189
10.471 25.483 -1.18
10.534 25.409 -1.178
10.589 25.315 -1.174
41.75 60.833 -1.342
41.957 60.725 -1.343
41.521 59.691 -1.32
41.062 58.639 -1.296
41.05 58.427 -1.292
41.05 58.038 -1.286
40.912 57.46 -1.274
41.25 57.55 -1.28
41.561 57.602 -1.284
41.112 56.604 -1.262
