2.05015 -0.0443965 0.0033729 -7.78926e-05
1.944 3.859 -1.704
1.951 3.843 -1.699
1.949 3.81 -1.687
1.961 3.803 -1.686
1.961 3.775 -1.676
1.965 3.754 -1.669
1.976 3.76 -1.673
1.984 3.747 -1.67
1.989 3.728 -1.664
2 3.72 -1.663
1.995 3.684 -1.649
1.809 4.519 -1.73
1.818 4.5 -1.724
1.825 4.479 -1.718
1.832 4.456 -1.711
1.846 4.45 -1.711
1.858 4.439 -1.708
1.867 4.421 -1.703
1.87 4.409 -1.7
1.882 4.398 -1.698
1.89 4.38 -1.693
1.908 4.383 -1.696
1.915 4.362 -1.69
1.921 4.338 -1.683
1.935 4.334 -1.684
1.938 4.323 -1.68
1.875 5 -1.698
1.886 4.982 -1.694
1.899 4.971 -1.692
1.906 4.964 -1.691
1.914 4.941 -1.684
1.919 4.906 -1.674
1.938 4.911 -1.678
1.943 4.879 -1.668
1.95 4.851 -1.66
1.961 4.836 -1.657
1.964 4.821 -1.653
1.962 4.775 -1.638
1.814 5.629 -1.709
1.833 5.627 -1.71
1.833 5.597 -1.701
1.846 5.577 -1.697
1.86 5.56 -1.693
1.876 5.55 -1.692
1.884 5.517 -1.683
1.9 5.506 -1.681
1.909 5.505 -1.682
1.919 5.477 -1.675
1.917 5.415 -1.656
1.719 6.641 -1.741
1.735 6.619 -1.736
1.748 6.581 -1.727
1.757 6.535 -1.716
1.771 6.505 -1.709
1.79 6.492 -1.707
1.805 6.466 -1.701
1.816 6.469 -1.703
1.837 6.465 -1.703
1.852 6.44 -1.698
1.869 6.423 -1.695
1.885 6.403 -1.69
1.846 7.587 -1.686
1.868 7.574 -1.684
1.871 7.485 -1.664
1.896 7.482 -1.665
1.898 7.444 -1.656
1.922 7.438 -1.656
1.937 7.401 -1.649
1.956 7.378 -1.645
1.964 7.316 -1.632
1.763 9.213 -1.692
1.783 9.163 -1.683
1.812 9.159 -1.683
1.833 9.113 -1.675
1.814 8.946 -1.643
1.855 9 -1.655
1.889 9.025 -1.661
1.918 9.021 -1.661
1.927 8.923 -1.643
1.945 8.871 -1.634
1.952 8.77 -1.615
1.956 8.721 -1.606
1.967 8.642 -1.592
1.746 11.176 -1.671
1.764 11.067 -1.654
1.791 11.008 -1.646
1.816 10.948 -1.637
1.849 10.931 -1.635
1.864 10.812 -1.617
1.875 10.776 -1.612
3.277 13.725 -1.605
3.286 13.67 -1.599
3.326 13.646 -1.597
3.37 13.639 -1.598
3.41 13.619 -1.596
3.435 13.539 -1.587
3.418 13.298 -1.557
3.451 13.252 -1.552
2.335 18.605 -1.642
2.39 18.57 -1.639
2.419 18.566 -1.639
2.48 18.576 -1.641
2.533 18.529 -1.637
2.588 18.499 -1.635
2.647 18.493 -1.635
2.701 18.46 -1.632
2.758 18.446 -1.632
2.785 18.424 -1.63
2.839 18.39 -1.627
2.895 18.373 -1.627
2.95 18.346 -1.625
3.005 18.319 -1.623
3.061 18.299 -1.622
3.114 18.268 -1.62
3.14 18.246 -1.618
3.192 18.206 -1.615
3.246 18.178 -1.614
3.298 18.137 -1.61
3.355 18.126 -1.61
3.409 18.1 -1.609
3.461 18.066 -1.607
3.486 18.041 -1.605
3.543 18.034 -1.605
3.595 17.997 -1.602
3.649 17.974 -1.601
3.706 17.964 -1.601
3.759 17.935 -1.6
3.813 17.913 -1.599
3.836 17.886 -1.597
3.888 17.854 -1.595
3.942 17.832 -1.594
3.993 17.797 -1.591
2.369 25.351 -1.675
2.436 25.209 -1.665
2.46 25.046 -1.653
2.529 24.941 -1.646
2.606 24.919 -1.645
2.678 24.851 -1.641
2.74 24.698 -1.63
2.801 24.545 -1.619
10.259 30.411 -1.408
10.313 30.258 -1.402
10.358 30.08 -1.394
10.405 29.911 -1.387
10.467 29.786 -1.382
10.507 29.75 -1.381
10.525 29.505 -1.369
10.575 29.353 -1.363
10.593 29.117 -1.352
10.379 57.414 -1.018
10.373 56.373 -0.997
10.524 56.202 -0.994
10.552 55.391 -0.977
10.612 54.767 -0.965
