-4.28333 -0.0460242 0.000968605 0.000195185
-4.425 3.073 -1.714
-4.437 3.102 -1.723
-4.436 3.111 -1.725
-4.424 3.124 -1.724
-4.425 3.145 -1.729
-4.426 3.167 -1.733
-4.427 3.189 -1.738
-4.42 3.205 -1.739
-4.422 3.228 -1.744
-4.441 3.253 -1.754
-4.426 3.263 -1.752
-4.428 3.286 -1.758
-4.431 3.31 -1.763
-4.429 3.33 -1.767
-4.458 3.73 -1.678
-4.46 3.755 -1.683
-4.473 3.79 -1.693
-4.473 3.802 -1.695
-4.462 3.817 -1.696
-4.476 3.854 -1.707
-4.46 3.864 -1.705
-4.461 3.889 -1.71
-4.467 3.919 -1.718
-4.463 3.928 -1.718
-4.456 3.947 -1.721
-4.466 3.981 -1.73
-4.454 3.995 -1.73
-4.489 4.892 -1.681
-4.486 4.919 -1.686
-4.483 4.947 -1.691
-4.474 4.968 -1.694
-4.479 4.99 -1.699
-4.482 5.024 -1.706
-4.484 5.058 -1.714
-4.476 5.081 -1.717
-4.47 5.106 -1.721
-4.473 5.142 -1.729
-4.473 5.175 -1.736
-4.492 6.349 -1.678
-4.495 6.395 -1.688
-4.507 6.455 -1.701
-4.485 6.466 -1.7
-4.481 6.504 -1.706
-4.485 6.553 -1.716
-4.479 6.588 -1.722
-4.486 6.621 -1.729
-4.483 6.661 -1.737
-4.484 8.106 -1.669
-4.486 8.17 -1.68
-4.48 8.221 -1.688
-4.478 8.278 -1.698
-4.476 8.337 -1.707
-4.464 8.378 -1.714
-4.454 8.422 -1.72
-4.461 8.467 -1.728
-4.461 10.207 -1.644
-4.473 10.277 -1.655
-4.461 10.338 -1.663
-4.455 10.412 -1.673
-4.449 10.49 -1.684
-4.438 10.555 -1.693
-4.424 10.616 -1.701
-11.995 11.476 -1.839
-12.007 11.561 -1.847
-12.019 11.608 -1.852
-12.024 11.686 -1.859
-12.02 11.756 -1.865
-12.03 11.839 -1.873
-12.021 11.905 -1.878
-12.023 11.982 -1.885
-12.008 12.042 -1.889
-11.998 12.071 -1.89
-12.321 16.167 -1.796
-12.323 16.275 -1.805
-12.326 16.386 -1.814
-12.33 16.498 -1.823
-12.323 16.597 -1.83
-12.327 16.712 -1.84
-12.346 16.793 -1.847
-12.331 16.883 -1.853
-19.888 23.45 -2.065
-19.859 23.566 -2.07
-19.821 23.671 -2.074
-19.767 23.757 -2.076
-19.687 23.813 -2.076
-19.628 23.895 -2.077
-19.671 24.023 -2.087
-19.662 24.166 -2.095
-19.627 24.279 -2.099
-19.633 24.443 -2.109
-19.631 24.598 -2.118
-19.555 24.661 -2.118
-19.466 24.709 -2.117
