2.82603 -0.22526 0.0137041 -0.000177279
1.862 3.956 -1.726
1.865 3.93 -1.717
1.86 3.904 -1.706
1.864 3.881 -1.698
1.874 3.871 -1.696
1.881 3.855 -1.691
1.887 3.836 -1.685
1.901 3.835 -1.687
1.907 3.816 -1.681
1.911 3.809 -1.679
1.926 3.808 -1.682
1.928 3.784 -1.673
1.763 4.487 -1.712
1.78 4.487 -1.714
1.789 4.469 -1.709
1.796 4.448 -1.703
1.799 4.435 -1.699
1.812 4.426 -1.697
1.801 4.361 -1.673
1.805 4.333 -1.664
1.808 4.303 -1.654
1.824 5.033 -1.703
1.835 5.015 -1.698
1.842 4.986 -1.69
1.853 4.968 -1.685
1.845 4.898 -1.662
1.856 4.882 -1.658
1.855 4.836 -1.644
1.83 5.556 -1.689
1.835 5.514 -1.677
1.849 5.497 -1.674
1.854 5.455 -1.662
1.855 5.402 -1.646
1.87 5.389 -1.644
1.888 5.387 -1.645
1.893 5.375 -1.642
1.906 5.356 -1.638
1.812 6.416 -1.688
1.828 6.393 -1.684
1.838 6.352 -1.674
1.849 6.317 -1.665
1.857 6.268 -1.653
1.872 6.247 -1.649
1.884 6.216 -1.642
1.892 6.207 -1.64
1.906 6.185 -1.635
1.82 7.531 -1.672
1.836 7.495 -1.664
1.846 7.433 -1.651
1.861 7.391 -1.642
1.869 7.325 -1.628
1.873 7.293 -1.621
1.829 9.019 -1.657
1.838 8.99 -1.652
1.852 8.914 -1.638
1.866 8.841 -1.625
1.88 8.77 -1.612
1.898 8.722 -1.604
1.75 10.865 -1.622
1.768 10.758 -1.606
1.777 10.6 -1.582
1.786 10.451 -1.558
1.82 10.451 -1.559
1.833 10.43 -1.556
1.866 10.427 -1.557
1.899 10.421 -1.557
1.93 10.407 -1.555
1.952 10.341 -1.546
1.97 10.263 -1.534
1.993 10.206 -1.526
2.02 10.174 -1.522
1.825 13.888 -1.592
1.846 13.715 -1.571
1.847 13.409 -1.532
1.855 13.313 -1.52
1.904 13.355 -1.526
1.958 13.431 -1.537
1.987 13.341 -1.526
1.833 17.739 -1.551
1.88 17.658 -1.544
1.907 17.386 -1.518
1.925 17.296 -1.509
1.959 17.108 -1.491
1.978 16.805 -1.462
1.82 23.423 -1.53
1.854 23.38 -1.527
1.904 23.092 -1.506
1.935 22.587 -1.469
2.002 22.541 -1.466
2.049 22.268 -1.446
2.069 21.736 -1.408
4.651 27.102 -1.177
4.725 27.022 -1.174
4.748 26.657 -1.156
4.791 26.179 -1.133
4.9 26.311 -1.14
4.944 26.087 -1.13
4.978 25.823 -1.117
6.454 52.531 -0.905
6.586 52.251 -0.899
6.6 51.072 -0.875
6.621 50.002 -0.853
6.672 49.79 -0.848
6.795 49.523 -0.843
