2.9753 -0.300848 0.021451 -0.000459361
1.669 4.099 -1.748
1.665 4.053 -1.73
1.673 4.036 -1.724
1.682 4.024 -1.721
1.681 3.985 -1.706
1.686 3.98 -1.705
1.699 3.977 -1.706
1.703 3.951 -1.696
1.632 4.592 -1.732
1.641 4.571 -1.725
1.648 4.545 -1.717
1.655 4.521 -1.709
1.66 4.491 -1.699
1.667 4.468 -1.692
1.671 4.437 -1.681
1.621 5.199 -1.734
1.623 5.177 -1.727
1.633 5.152 -1.72
1.647 5.14 -1.718
1.655 5.111 -1.709
1.661 5.075 -1.698
1.669 5.047 -1.69
1.681 5.031 -1.686
1.679 4.999 -1.676
1.593 5.773 -1.732
1.61 5.761 -1.73
1.623 5.739 -1.724
1.628 5.723 -1.72
1.637 5.685 -1.71
1.644 5.643 -1.698
1.655 5.612 -1.689
1.67 5.598 -1.687
1.68 5.569 -1.679
1.605 6.628 -1.73
1.624 6.615 -1.728
1.635 6.571 -1.717
1.643 6.517 -1.703
1.65 6.455 -1.687
1.658 6.447 -1.686
1.67 6.406 -1.676
1.578 7.809 -1.722
1.599 7.79 -1.719
1.621 7.774 -1.716
1.629 7.746 -1.711
1.634 7.652 -1.689
1.649 7.603 -1.679
1.663 7.554 -1.669
1.602 9.322 -1.707
1.629 9.303 -1.704
1.646 9.228 -1.69
1.641 9.119 -1.669
1.659 9.054 -1.658
1.684 9.032 -1.654
1.567 11.18 -1.667
1.598 11.15 -1.663
1.622 11.067 -1.651
1.639 10.942 -1.632
1.647 10.873 -1.621
1.678 10.852 -1.619
1.7 10.767 -1.606
1.625 14.26 -1.636
1.64 14.201 -1.629
1.663 14.016 -1.606
1.695 13.909 -1.593
1.733 13.86 -1.587
1.763 13.748 -1.573
4.506 13.768 -1.312
4.503 13.614 -1.296
4.517 13.513 -1.287
4.54 13.442 -1.281
4.508 13.281 -1.264
4.526 13.197 -1.256
1.773 23.79 -1.557
1.782 23.404 -1.528
1.822 22.966 -1.496
1.878 22.764 -1.482
1.904 22.221 -1.442
