-3.55808 0.107138 -0.140112 0.0108792
-6.088 4.424 -1.62
-6.089 4.453 -1.624
-6.078 4.475 -1.625
-6.072 4.5 -1.627
-6.054 4.516 -1.627
-6.046 4.54 -1.628
-6.037 4.562 -1.63
-6.033 4.574 -1.631
-6.011 4.587 -1.628
-6.008 4.616 -1.632
-6.009 4.646 -1.637
-6.002 4.671 -1.639
-6.002 4.701 -1.643
-6.005 4.734 -1.648
-6.015 4.757 -1.653
-6.004 4.779 -1.655
-5.995 4.803 -1.656
-5.988 4.828 -1.659
-5.968 4.843 -1.657
-5.954 4.863 -1.658
-5.944 4.885 -1.659
-5.937 4.911 -1.662
-5.957 4.943 -1.67
-5.951 4.97 -1.673
-6.257 6.405 -1.609
-6.354 6.524 -1.639
-6.338 6.548 -1.64
-6.441 6.696 -1.674
-6.47 6.769 -1.688
-2.543 12.601 -1.142
-2.537 12.779 -1.16
-2.525 12.935 -1.175
-2.516 13.109 -1.193
