1.7106 0.0621053 -0.00527 0.000158431
1.897 3.964 -1.735
1.89 3.934 -1.723
1.895 3.914 -1.716
1.895 3.883 -1.704
1.899 3.86 -1.696
1.878 3.789 -1.665
1.871 3.745 -1.647
1.863 4.471 -1.721
1.872 4.451 -1.715
1.883 4.439 -1.712
1.888 4.414 -1.704
1.893 4.387 -1.696
1.895 4.372 -1.691
1.898 4.342 -1.681
1.91 4.333 -1.679
1.917 4.312 -1.673
1.935 4.316 -1.677
1.948 4.31 -1.677
1.956 4.292 -1.672
1.966 4.295 -1.675
1.97 4.269 -1.667
1.976 4.246 -1.659
1.985 4.231 -1.656
1.991 4.21 -1.65
1.992 4.178 -1.639
1.845 5.04 -1.707
1.862 5.039 -1.709
1.876 5.028 -1.707
1.885 5.004 -1.701
1.892 4.976 -1.692
1.896 4.94 -1.682
1.902 4.909 -1.673
1.909 4.904 -1.672
1.912 4.867 -1.66
1.934 4.878 -1.667
1.945 4.861 -1.663
1.953 4.838 -1.656
1.894 5.575 -1.701
1.895 5.52 -1.685
1.905 5.492 -1.678
1.918 5.473 -1.674
1.929 5.449 -1.668
1.935 5.441 -1.666
1.956 5.444 -1.669
1.973 5.438 -1.669
1.982 5.41 -1.662
1.993 5.387 -1.656
2.007 5.372 -1.653
2.009 5.326 -1.64
1.851 6.477 -1.707
1.869 6.46 -1.704
1.888 6.452 -1.704
1.895 6.398 -1.69
1.904 6.357 -1.68
1.916 6.323 -1.672
1.93 6.298 -1.667
1.932 6.268 -1.659
1.95 6.256 -1.657
1.875 7.654 -1.702
1.895 7.631 -1.698
1.903 7.563 -1.683
1.915 7.51 -1.672
1.93 7.468 -1.664
1.939 7.455 -1.661
1.956 7.427 -1.656
1.979 7.418 -1.655
1.994 7.38 -1.648
1.893 9.191 -1.692
1.905 9.172 -1.689
1.923 9.116 -1.679
1.931 9.012 -1.66
1.947 8.95 -1.649
1.975 8.942 -1.649
1.999 8.917 -1.645
2.026 8.909 -1.644
2.034 8.875 -1.638
1.905 10.949 -1.64
1.933 10.908 -1.634
1.939 10.843 -1.624
1.971 10.823 -1.622
2.003 10.807 -1.62
2.031 10.766 -1.614
2.057 10.721 -1.608
2.08 10.656 -1.599
2.088 10.521 -1.578
2.033 13.939 -1.602
2.054 13.786 -1.583
2.079 13.658 -1.568
2.113 13.594 -1.56
2.147 13.537 -1.554
2.156 13.457 -1.544
1.906 18.455 -1.622
1.954 18.354 -1.613
2.007 18.311 -1.609
2.039 18.075 -1.586
2.057 17.98 -1.577
2.092 17.786 -1.559
2.129 17.619 -1.543
2.05 23.952 -1.57
2.093 23.57 -1.542
2.122 23.071 -1.506
2.184 22.951 -1.497
2.22 22.573 -1.47
7.421 25.508 -1.13
7.487 25.437 -1.128
7.534 25.302 -1.122
7.571 25.137 -1.115
7.582 24.891 -1.103
7.629 24.764 -1.098
7.643 24.536 -1.087
7.632 24.364 -1.078
4.18 59.22 -1.04
4.223 58.525 -1.025
4.332 57.528 -1.005
4.55 57.989 -1.015
4.752 58.205 -1.019
4.865 57.373 -1.002
4.988 56.714 -0.989
5.119 56.181 -0.978
