-6.01782 0.481316 -0.0462774 0.00141896
-4.427 6.299 -1.66
-4.441 6.339 -1.67
-4.429 6.365 -1.673
-4.427 6.404 -1.68
-4.44 6.466 -1.694
-4.422 6.483 -1.695
-4.419 6.523 -1.702
-4.423 6.572 -1.712
-4.419 6.589 -1.715
-4.436 7.845 -1.62
-4.442 7.914 -1.633
-4.429 7.95 -1.638
-4.431 8.012 -1.648
-4.43 8.069 -1.658
-4.433 8.105 -1.664
-4.43 8.16 -1.673
-4.429 8.219 -1.683
-4.455 9.814 -1.586
-4.454 9.895 -1.598
-4.445 9.957 -1.606
-4.444 10.04 -1.618
-4.438 10.111 -1.628
-4.433 10.185 -1.639
-4.419 10.24 -1.646
-4.408 10.26 -1.648
-11.551 10.949 -1.755
-11.551 11.018 -1.761
-11.552 11.089 -1.767
-11.567 11.173 -1.775
-11.558 11.234 -1.78
-11.583 11.294 -1.787
-11.582 11.364 -1.793
-11.58 11.434 -1.799
-11.586 11.512 -1.806
-11.582 11.58 -1.811
-4.346 16.453 -1.471
-4.318 16.557 -1.48
-4.311 16.744 -1.498
-4.325 16.906 -1.514
-4.309 17.067 -1.529
-4.297 17.246 -1.546
-4.27 17.37 -1.557
-4.217 17.389 -1.557
-4.161 17.396 -1.557
-12.341 21.506 -1.626
-12.37 21.713 -1.64
-12.388 21.904 -1.653
-12.41 22.105 -1.667
-12.425 22.295 -1.679
-12.465 22.533 -1.696
-12.43 22.637 -1.702
