-3.84978 -0.113207 0.0103317 -0.000222361
-4.306 7.816 -1.603
-4.301 7.864 -1.611
-4.284 7.893 -1.614
-4.274 7.933 -1.62
-4.266 7.979 -1.627
-4.262 8.03 -1.636
-4.261 8.06 -1.641
-4.249 8.099 -1.646
-4.237 8.137 -1.652
-4.216 8.159 -1.654
-4.198 8.187 -1.657
-4.245 9.797 -1.57
-4.241 9.874 -1.581
-4.234 9.942 -1.591
-4.23 10.02 -1.602
-4.221 10.086 -1.611
-4.217 10.167 -1.623
-4.201 10.172 -1.622
-4.177 10.205 -1.626
-11.094 11.024 -1.721
-11.094 11.094 -1.727
-11.101 11.171 -1.734
-11.097 11.237 -1.74
-11.113 11.288 -1.745
-11.122 11.368 -1.753
-11.118 11.436 -1.759
-11.119 11.509 -1.765
-11.113 11.576 -1.771
-11.103 11.638 -1.775
-4.021 16.361 -1.455
-4.005 16.521 -1.469
-3.993 16.697 -1.486
-4.005 16.866 -1.503
-3.986 17.02 -1.517
-3.959 17.149 -1.529
-3.915 17.204 -1.533
-3.844 21.128 -1.381
-3.816 21.356 -1.397
-3.795 21.627 -1.417
-3.768 21.875 -1.434
-3.727 22.05 -1.446
-12.34 55.553 -0.988
-12.216 55.824 -0.993
-12.192 56.137 -0.999
-12.045 56.311 -1.002
-11.927 56.629 -1.008
-11.807 56.95 -1.014
-11.701 57.343 -1.022
-11.579 57.672 -1.028
-11.463 58.038 -1.035
-11.409 58.244 -1.039
