3.92332 -0.373969 0.0385844 -0.000921144
2.929 4.961 -1.662
2.94 4.962 -1.663
2.942 4.929 -1.655
2.946 4.9 -1.648
2.96 4.889 -1.648
2.964 4.86 -1.64
2.973 4.841 -1.637
2.989 4.834 -1.637
2.973 4.79 -1.623
2.997 4.795 -1.629
3.018 4.795 -1.632
3.02 4.765 -1.624
3.014 4.723 -1.613
3.025 4.707 -1.61
3.029 4.68 -1.604
3.031 4.667 -1.601
2.97 5.845 -1.658
2.98 5.84 -1.658
2.987 5.81 -1.652
2.991 5.772 -1.643
2.99 5.726 -1.632
3.009 5.719 -1.633
3.01 5.677 -1.623
3.018 5.649 -1.617
3.011 5.615 -1.608
3.019 5.587 -1.602
2.987 7.023 -1.645
2.995 6.981 -1.637
2.991 6.94 -1.627
3.002 6.906 -1.621
2.996 6.834 -1.605
3.003 6.79 -1.597
3.008 6.745 -1.588
2.87 8.407 -1.595
2.877 8.342 -1.584
2.895 8.307 -1.579
2.893 8.261 -1.57
2.916 8.243 -1.568
2.937 8.221 -1.566
2.939 8.145 -1.552
2.946 8.082 -1.541
2.943 10.206 -1.561
2.968 10.172 -1.557
2.971 10.064 -1.541
2.979 9.973 -1.528
2.973 9.897 -1.516
2.973 9.785 -1.499
4.913 10.66 -1.302
4.908 10.606 -1.295
4.913 10.529 -1.287
4.914 10.445 -1.277
4.918 10.369 -1.269
4.921 10.293 -1.26
4.93 10.229 -1.253
4.935 10.158 -1.245
2.84 16.968 -1.49
2.891 16.943 -1.488
2.913 16.917 -1.486
2.955 16.841 -1.479
2.992 16.74 -1.47
3.035 16.681 -1.465
3.041 16.415 -1.44
3.047 16.165 -1.416
6.151 10.768 -0.794
6.185 10.75 -0.794
6.134 10.584 -0.78
6.107 10.462 -0.771
6.158 10.474 -0.774
6.169 10.455 -0.773
6.124 10.306 -0.761
6.132 10.245 -0.757
6.092 10.107 -0.746
6.134 10.105 -0.747
6.14 10.045 -0.743
3.572 28.574 -1.242
3.653 28.49 -1.239
3.726 28.353 -1.232
3.796 28.203 -1.225
3.862 28.025 -1.217
3.83 27.464 -1.189
