2.73897 -0.419345 0.145635 -0.00454371
4.301 6.351 -1.654
4.32 6.336 -1.653
4.33 6.307 -1.649
4.342 6.283 -1.646
4.354 6.258 -1.643
4.363 6.249 -1.642
4.372 6.221 -1.638
4.397 6.215 -1.641
4.414 6.197 -1.639
4.441 6.194 -1.642
4.447 6.161 -1.637
4.46 6.139 -1.635
4.46 6.118 -1.631
4.453 6.068 -1.62
4.467 6.047 -1.618
4.486 6.033 -1.618
4.51 6.025 -1.62
4.534 6.019 -1.623
4.548 5.998 -1.621
4.554 5.987 -1.619
4.565 5.961 -1.616
4.581 5.944 -1.615
4.602 5.933 -1.616
4.605 5.898 -1.61
4.613 5.87 -1.606
4.628 5.851 -1.605
4.638 5.845 -1.605
4.647 5.818 -1.602
5.275 7.274 -1.615
5.304 7.267 -1.617
5.309 7.225 -1.611
5.317 7.189 -1.607
5.326 7.177 -1.606
5.338 7.147 -1.603
5.368 7.139 -1.605
5.395 7.129 -1.606
5.382 7.065 -1.595
5.423 7.073 -1.601
5.421 7.047 -1.597
5.453 7.042 -1.6
5.465 7.013 -1.597
5.482 6.989 -1.595
5.502 6.969 -1.595
5.504 6.927 -1.589
5.525 6.908 -1.588
5.518 6.878 -1.583
5.544 6.865 -1.584
5.553 6.832 -1.58
5.562 6.8 -1.576
5.578 6.776 -1.575
5.595 6.753 -1.573
5.607 6.724 -1.571
5.604 6.699 -1.566
5.611 6.665 -1.562
6.578 8.217 -1.546
6.574 8.159 -1.539
6.587 8.123 -1.535
6.602 8.09 -1.533
6.609 8.046 -1.528
6.644 8.038 -1.531
6.649 8.018 -1.529
6.669 7.991 -1.528
6.689 7.964 -1.526
6.708 7.935 -1.525
6.73 7.911 -1.524
6.741 7.873 -1.521
6.749 7.833 -1.517
6.749 7.807 -1.513
6.764 7.775 -1.511
6.783 7.748 -1.51
6.8 7.718 -1.508
6.812 7.683 -1.505
6.823 7.647 -1.502
6.833 7.609 -1.499
6.827 7.579 -1.495
0.492999 25.467 -1.676
0.570999 25.388 -1.67
0.609999 25.321 -1.665
0.686999 25.255 -1.66
0.763999 25.159 -1.653
0.840999 25.085 -1.648
0.917999 25.048 -1.646
0.993999 24.973 -1.64
1.071 24.924 -1.637
1.108 24.889 -1.634
1.182 24.784 -1.627
1.257 24.722 -1.623
0.578998 36.622 -1.635
0.692998 36.598 -1.634
0.807998 36.588 -1.634
0.863998 36.539 -1.632
0.973998 36.356 -1.623
1.085 36.233 -1.617
1.176 35.509 -1.58
