2.45125 -0.2258 0.0204694 -0.000332947
1.744 4.062 -1.746
1.756 4.055 -1.745
1.766 4.044 -1.743
1.776 4.032 -1.74
1.783 4.014 -1.734
1.785 3.985 -1.724
1.797 3.978 -1.723
1.8 3.968 -1.72
1.816 3.969 -1.723
1.824 3.955 -1.719
1.834 3.945 -1.717
1.852 3.95 -1.722
1.857 3.928 -1.714
1.876 3.937 -1.721
1.875 3.919 -1.714
1.877 3.892 -1.704
1.882 3.871 -1.697
1.887 3.85 -1.69
1.698 4.57 -1.733
1.713 4.567 -1.733
1.728 4.563 -1.734
1.741 4.556 -1.733
1.742 4.538 -1.727
1.753 4.523 -1.723
1.763 4.506 -1.718
1.765 4.471 -1.706
1.755 4.406 -1.682
1.878 5.499 -1.677
1.878 5.441 -1.66
1.876 5.381 -1.642
1.889 5.364 -1.639
1.888 5.334 -1.63
1.894 5.297 -1.62
5.972 1.359 -1.541
5.961 1.337 -1.537
5.884 1.3 -1.514
5.828 1.268 -1.498
5.705 1.232 -1.463
5.703 1.213 -1.461
1.65 7.728 -1.707
1.675 7.726 -1.708
1.684 7.707 -1.704
1.706 7.692 -1.702
1.715 7.62 -1.686
1.732 7.584 -1.679
1.756 7.579 -1.679
1.776 7.556 -1.675
1.799 7.546 -1.674
1.814 7.557 -1.677
1.834 7.536 -1.674
1.853 7.513 -1.669
1.865 7.46 -1.658
1.875 7.399 -1.645
5.931 7.774 -1.427
5.941 7.737 -1.424
5.895 7.627 -1.406
5.763 7.43 -1.368
10.517 8.023 -1.493
10.517 7.997 -1.491
10.478 7.916 -1.48
10.376 7.788 -1.46
10.399 7.754 -1.46
10.449 7.741 -1.464
10.454 7.694 -1.461
10.435 7.629 -1.454
10.432 7.602 -1.452
10.408 7.535 -1.444
10.435 7.504 -1.445
10.439 7.458 -1.442
10.47 7.431 -1.443
10.49 7.395 -1.442
1.444 19.334 -1.704
1.5 19.264 -1.698
1.535 18.945 -1.667
1.587 18.841 -1.657
1.646 18.834 -1.657
1.705 18.835 -1.657
1.729 18.765 -1.651
1.788 18.759 -1.651
1.842 18.706 -1.646
1.906 18.748 -1.651
1.963 18.724 -1.649
2.022 18.723 -1.65
2.079 18.695 -1.647
2.14 18.714 -1.65
2.165 18.669 -1.646
2.224 18.664 -1.646
2.278 18.624 -1.643
2.338 18.628 -1.644
2.393 18.591 -1.641
2.45 18.576 -1.64
2.504 18.534 -1.637
2.531 18.515 -1.635
1.276 25.917 -1.711
1.356 25.887 -1.709
1.432 25.789 -1.702
1.478 25.171 -1.657
1.544 24.961 -1.642
1.576 24.842 -1.633
1.621 24.325 -1.595
1.147 36.401 -1.625
1.256 36.22 -1.616
1.342 35.471 -1.579
1.429 34.874 -1.549
1.465 34.409 -1.526
1.567 34.276 -1.519
10.299 33.919 -0.538
10.249 33.376 -0.527
10.236 32.966 -0.519
10.257 32.672 -0.513
10.258 32.322 -0.506
10.261 31.983 -0.499
10.265 31.652 -0.493
10.253 31.447 -0.488
10.253 31.117 -0.482
