2.85558 0.0730092 -0.00760616 0.00024615
2.968 3.14 -1.704
2.977 3.129 -1.703
2.969 3.111 -1.696
2.984 3.107 -1.699
2.984 3.089 -1.693
2.989 3.074 -1.69
3.001 3.067 -1.692
2.996 3.043 -1.683
3.005 3.043 -1.685
3.025 3.044 -1.692
3.015 3.015 -1.68
3.035 3.015 -1.686
3.048 3.01 -1.689
3.045 2.987 -1.681
3.045 2.969 -1.675
3.047 2.962 -1.674
3.057 2.953 -1.675
3.059 2.936 -1.67
3.058 2.918 -1.665
3.094 2.933 -1.68
3.079 2.901 -1.666
3.086 2.889 -1.665
3.079 2.874 -1.658
3.078 2.854 -1.652
3.032 4.904 -1.663
3.032 4.87 -1.654
3.04 4.847 -1.649
3.047 4.825 -1.645
3.044 4.786 -1.634
3.049 4.762 -1.629
3.074 4.767 -1.634
3.053 4.718 -1.618
3.061 4.698 -1.614
3.07 4.68 -1.611
3.036 5.792 -1.654
3.041 5.758 -1.646
3.048 5.727 -1.64
3.045 5.7 -1.633
3.05 5.666 -1.625
3.051 5.626 -1.616
3.056 5.593 -1.609
3.055 5.549 -1.598
2.982 6.982 -1.636
2.991 6.94 -1.627
3.001 6.936 -1.627
3.024 6.928 -1.628
3.021 6.861 -1.613
3.04 6.846 -1.612
3.047 6.805 -1.604
3.052 6.758 -1.595
3.045 6.686 -1.579
3.01 8.468 -1.615
3.035 8.453 -1.614
3.034 8.368 -1.599
3.047 8.323 -1.592
3.051 8.251 -1.579
3.057 8.188 -1.568
3.05 8.129 -1.557
6.624 1.256 -1.012
6.533 1.218 -0.995
6.391 1.171 -0.97
6.3 1.135 -0.954
6.422 1.135 -0.974
6.328 1.099 -0.958
6.295 1.083 -0.952
6.288 1.061 -0.95
3.053 13.064 -1.517
3.055 12.891 -1.495
3.063 12.75 -1.478
3.049 12.606 -1.46
4.094 13.979 -1.32
4.103 13.927 -1.315
4.141 13.896 -1.313
4.173 13.845 -1.309
4.204 13.792 -1.305
4.24 13.752 -1.302
4.277 13.722 -1.3
4.312 13.682 -1.297
4.326 13.652 -1.295
4.358 13.605 -1.291
4.397 13.578 -1.289
4.427 13.528 -1.285
4.463 13.493 -1.283
4.496 13.451 -1.28
4.534 13.425 -1.279
4.546 13.39 -1.276
4.574 13.336 -1.271
4.61 13.305 -1.269
6.27 12.376 -0.912
6.303 12.297 -0.907
6.246 12.093 -0.891
6.28 12.066 -0.89
6.172 11.77 -0.865
6.21 11.752 -0.865
6.274 11.783 -0.87
6.277 11.7 -0.864
6.25 11.606 -0.856
6.302 12.259 -0.576
6.264 12.139 -0.569
6.176 11.878 -0.554
6.351 12.12 -0.571
6.254 11.845 -0.554
6.245 11.739 -0.549
6.283 11.721 -0.549
6.363 11.825 -0.556
6.331 11.679 -0.548
6.307 11.548 -0.541
6.417 11.661 -0.55
6.307 11.378 -0.533
6.274 11.236 -0.525
6.261 11.131 -0.519
6.245 11.062 -0.515
