2.06477 0.00890834 -0.00154665 6.64934e-05
2.004 9.215 -1.701
2.024 9.165 -1.693
2.032 9.068 -1.675
2.035 9.013 -1.665
2.055 8.971 -1.657
2.079 8.947 -1.654
2.104 8.927 -1.651
2.134 8.926 -1.652
2.158 8.902 -1.649
1.896 11.321 -1.698
1.927 11.292 -1.694
1.948 11.305 -1.696
1.979 11.273 -1.692
2.006 11.222 -1.685
2.018 11.082 -1.663
2.036 10.986 -1.649
2.06 10.921 -1.64
2.008 14.077 -1.619
2.051 14.059 -1.618
2.085 13.986 -1.609
2.08 13.81 -1.587
2.114 13.739 -1.579
2.154 13.716 -1.577
2.194 13.69 -1.574
2.228 13.63 -1.567
1.991 17.9 -1.569
2.045 17.868 -1.566
2.099 17.845 -1.565
2.138 17.698 -1.551
2.167 17.476 -1.53
2.215 17.414 -1.524
2.236 17.355 -1.519
2.275 17.236 -1.507
2.149 22.968 -1.499
2.217 22.92 -1.495
2.251 22.529 -1.467
2.309 22.391 -1.457
2.348 22.086 -1.435
2.302 31.712 -1.393
2.404 31.746 -1.395
2.492 31.589 -1.387
2.561 31.199 -1.368
2.612 30.633 -1.34
2.657 30.046 -1.311
2.706 29.538 -1.286
10.951 24.694 -0.5
10.927 24.431 -0.493
10.964 24.309 -0.491
10.945 24.064 -0.485
10.972 23.924 -0.482
10.989 23.764 -0.478
10.927 23.531 -0.472
10.92 23.324 -0.467
10.95 23.197 -0.464
10.98 23.073 -0.462
10.996 22.921 -0.458
11.012 22.769 -0.455
10.983 22.529 -0.449
