-1.58574 -3.22999 0.481165 -0.0196305
-5.689 0.363 -1.643
-5.705 0.382 -1.648
-5.734 0.402 -1.658
-5.731 0.42 -1.657
-5.741 0.439 -1.661
-5.759 0.458 -1.666
-5.769 0.477 -1.67
-5.785 0.488 -1.675
-5.814 0.508 -1.685
-5.805 0.526 -1.682
-5.814 0.545 -1.686
-5.847 0.567 -1.697
-5.557 9.286 -1.593
-5.563 9.363 -1.604
-5.561 9.426 -1.613
-5.561 9.494 -1.622
-5.55 9.544 -1.628
-5.548 9.609 -1.637
-5.555 9.656 -1.644
-5.545 9.709 -1.65
-5.518 9.733 -1.651
-5.541 12.815 -1.586
-5.541 12.926 -1.599
-5.532 13.018 -1.61
-5.547 13.111 -1.621
-5.541 13.212 -1.633
-5.52 13.279 -1.64
