-7.26923 0.858983 -0.0812048 0.00248822
-4.329 6.327 -1.653
-4.352 6.403 -1.67
-4.296 6.364 -1.655
-4.368 6.491 -1.689
-4.376 6.547 -1.701
-4.369 6.582 -1.707
-4.351 6.599 -1.708
-4.365 7.894 -1.622
-4.364 7.95 -1.631
-4.351 7.985 -1.636
-4.36 8.062 -1.65
-4.346 8.097 -1.655
-4.339 8.145 -1.662
-4.338 8.205 -1.673
-4.337 8.233 -1.677
-4.361 9.811 -1.58
-4.358 9.888 -1.591
-4.352 9.959 -1.601
-4.357 10.013 -1.609
-4.353 10.09 -1.62
-4.352 10.175 -1.632
-4.337 10.228 -1.639
-11.336 10.985 -1.739
-11.364 11.047 -1.746
-11.359 11.111 -1.752
-11.358 11.18 -1.757
-11.361 11.254 -1.764
-11.361 11.324 -1.77
-11.366 11.401 -1.777
-11.361 11.467 -1.782
-11.365 11.508 -1.786
-11.353 11.567 -1.791
-4.204 16.545 -1.477
-4.187 16.695 -1.49
-4.173 16.865 -1.506
-4.161 17.042 -1.523
-4.13 17.15 -1.532
-4.085 17.199 -1.536
-4.059 17.212 -1.537
-12.057 21.243 -1.599
-12.063 21.41 -1.61
-12.073 21.585 -1.621
-12.066 21.733 -1.63
-12.099 21.872 -1.641
-12.105 22.046 -1.652
-12.085 22.173 -1.659
