3.16749 -0.238025 0.0126602 -0.000185895
2.081 3.742 -1.688
2.083 3.718 -1.679
2.081 3.689 -1.668
2.1 3.696 -1.675
2.106 3.679 -1.67
2.093 3.63 -1.649
2.101 3.631 -1.651
2.105 3.612 -1.645
2.092 3.564 -1.625
2.053 4.269 -1.68
2.058 4.246 -1.673
2.069 4.235 -1.671
2.078 4.22 -1.667
2.079 4.19 -1.657
2.075 4.148 -1.642
2.063 4.11 -1.628
1.844 5.111 -1.73
1.856 5.094 -1.726
1.869 5.081 -1.723
1.889 5.086 -1.727
1.905 5.08 -1.727
1.916 5.062 -1.723
1.933 5.057 -1.723
1.931 5.03 -1.714
1.938 5.001 -1.706
1.947 4.977 -1.7
1.957 4.957 -1.694
1.97 4.945 -1.692
1.985 4.937 -1.692
2.005 4.942 -1.696
2.006 4.923 -1.69
2.026 4.927 -1.694
2.025 4.882 -1.68
2.027 4.844 -1.668
2.047 4.85 -1.673
2.054 4.824 -1.665
2.053 4.78 -1.651
2.057 4.768 -1.648
1.894 5.663 -1.727
1.912 5.657 -1.727
1.927 5.644 -1.724
1.934 5.605 -1.714
1.94 5.567 -1.703
1.943 5.548 -1.698
1.961 5.543 -1.698
1.972 5.519 -1.692
1.991 5.516 -1.694
2.006 5.505 -1.692
2.017 5.48 -1.686
2.028 5.458 -1.681
2.032 5.442 -1.676
1.943 6.45 -1.707
1.943 6.414 -1.698
1.96 6.398 -1.695
1.971 6.362 -1.687
1.988 6.345 -1.684
2.009 6.343 -1.685
2.02 6.307 -1.676
2.035 6.286 -1.672
2.041 6.271 -1.669
2.052 6.239 -1.662
2.051 6.169 -1.643
1.921 7.687 -1.712
1.931 7.675 -1.71
1.945 7.627 -1.7
1.964 7.604 -1.696
1.974 7.545 -1.683
1.991 7.512 -1.677
2.006 7.472 -1.669
2.021 7.434 -1.661
1.904 9.243 -1.703
1.933 9.237 -1.703
1.957 9.207 -1.698
1.979 9.17 -1.692
1.992 9.089 -1.677
2.01 9.033 -1.667
2.004 8.942 -1.65
1.939 11.254 -1.688
1.951 11.22 -1.683
1.973 11.134 -1.67
1.995 11.058 -1.659
2.024 11.02 -1.654
2.035 10.882 -1.633
2.018 14.631 -1.69
2.045 14.495 -1.673
2.085 14.449 -1.668
2.117 14.352 -1.656
2.141 14.206 -1.638
2.169 14.092 -1.624
2.164 13.916 -1.602
11.182 6.919 -1.172
11.085 6.811 -1.158
11.052 6.743 -1.151
11.049 6.694 -1.148
11.103 6.679 -1.152
11.072 6.613 -1.146
10.966 6.527 -1.132
11.009 6.506 -1.134
10.894 6.392 -1.118
2.008 25.877 -1.711
2.074 25.67 -1.696
2.111 25.144 -1.658
2.159 24.78 -1.632
2.187 24.212 -1.59
4.865 31.976 -1.42
4.942 31.811 -1.413
5.006 31.566 -1.401
5.05 31.523 -1.399
5.137 31.434 -1.396
5.274 31.646 -1.407
5.314 31.279 -1.389
5.402 31.207 -1.387
5.461 30.966 -1.375
5.532 30.799 -1.368
11.32 70.817 -1.299
11.419 70.029 -1.283
11.47 68.975 -1.261
11.416 67.348 -1.227
