4.80712 -1.32853 0.18277 -0.00882495
1.414 4.024 -1.681
1.422 4.008 -1.675
1.407 3.929 -1.642
1.4 3.871 -1.618
1.428 3.927 -1.644
1.421 3.871 -1.621
1.44 3.886 -1.63
1.445 3.862 -1.621
1.454 3.849 -1.617
1.182 6.514 -1.676
1.202 6.506 -1.675
1.226 6.52 -1.679
1.24 6.482 -1.67
1.257 6.461 -1.665
1.276 6.453 -1.664
1.294 6.436 -1.661
1.303 6.428 -1.659
1.324 6.429 -1.661
1.341 6.406 -1.655
1.358 6.387 -1.651
1.379 6.388 -1.653
1.397 6.376 -1.651
1.418 6.374 -1.651
1.425 6.36 -1.648
1.442 6.341 -1.644
1.459 6.323 -1.64
1.482 6.332 -1.644
1.498 6.312 -1.64
1.516 6.298 -1.637
1.537 6.3 -1.639
1.544 6.283 -1.635
1.563 6.276 -1.634
1.582 6.268 -1.633
1.599 6.253 -1.631
1.616 6.239 -1.628
1.635 6.232 -1.628
1.653 6.221 -1.626
1.662 6.215 -1.625
1.142 7.679 -1.675
1.162 7.653 -1.67
1.188 7.659 -1.672
1.197 7.639 -1.668
1.217 7.61 -1.662
1.235 7.57 -1.654
1.252 7.524 -1.644
1.274 7.506 -1.641
1.294 7.483 -1.636
1.319 7.487 -1.638
1.326 7.456 -1.631
1.344 7.423 -1.624
1.164 9.175 -1.666
1.183 9.091 -1.65
1.202 9.017 -1.637
1.222 8.949 -1.624
1.248 8.928 -1.621
1.276 8.924 -1.621
1.302 8.904 -1.618
1.314 8.888 -1.615
1.13 11.084 -1.644
1.149 10.931 -1.62
1.173 10.827 -1.604
1.202 10.782 -1.598
1.238 10.796 -1.6
1.261 10.694 -1.585
1.279 10.706 -1.587
1.288 10.498 -1.554
1.308 10.382 -1.536
1.027 14.129 -1.613
1.071 14.12 -1.612
1.11 14.045 -1.603
1.116 13.852 -1.578
1.155 13.799 -1.572
1.196 13.771 -1.569
1.225 13.611 -1.549
0.981999 18.083 -1.579
1.007 18.018 -1.572
1.052 17.816 -1.553
1.095 17.608 -1.533
1.133 17.324 -1.505
1.165 16.985 -1.472
2.109 20.752 -1.336
2.167 20.675 -1.33
2.183 20.515 -1.319
2.237 20.421 -1.312
2.299 20.386 -1.31
2.321 20.016 -1.283
0.741998 33.519 -1.48
0.777999 32.765 -1.442
0.876999 32.608 -1.434
0.973999 32.446 -1.426
10.258 23.424 -0.462
10.193 23.079 -0.453
10.142 22.767 -0.445
10.19 22.779 -0.446
10.068 22.318 -0.434
10.078 22.154 -0.43
10.141 22.107 -0.43
10.12 21.879 -0.424
10.08 21.613 -0.417
10.128 21.54 -0.416
10.125 21.446 -0.414
10.161 21.348 -0.412
