1.71585 0.048327 -0.0049971 0.000164006
1.818 3.942 -1.713
1.82 3.915 -1.703
1.824 3.891 -1.694
1.824 3.874 -1.688
1.831 3.859 -1.683
1.837 3.84 -1.677
1.842 3.821 -1.671
1.857 3.82 -1.673
1.862 3.801 -1.667
1.873 3.793 -1.666
1.887 3.805 -1.673
1.892 3.786 -1.667
1.903 3.778 -1.666
1.906 3.756 -1.658
1.782 4.433 -1.696
1.783 4.415 -1.689
1.788 4.389 -1.681
1.792 4.359 -1.671
1.806 4.353 -1.671
1.809 4.323 -1.661
1.823 4.318 -1.661
1.829 4.297 -1.654
1.832 4.283 -1.65
1.844 4.274 -1.649
1.859 4.272 -1.65
1.871 4.264 -1.65
1.885 4.26 -1.65
1.891 4.237 -1.643
1.904 4.229 -1.642
1.909 4.225 -1.642
1.925 4.224 -1.644
1.931 4.202 -1.637
1.942 4.191 -1.635
1.958 4.19 -1.637
1.964 4.171 -1.632
1.981 4.171 -1.635
1.97 4.133 -1.62
1.967 4.094 -1.606
1.971 4.07 -1.598
3.105 3.277 -1.464
3.083 3.233 -1.447
3.073 3.201 -1.437
3.072 3.181 -1.431
3.065 3.154 -1.423
3.061 3.129 -1.415
3.043 3.101 -1.404
1.808 5.549 -1.685
1.804 5.508 -1.672
1.809 5.464 -1.66
1.817 5.429 -1.65
1.83 5.411 -1.646
1.841 5.389 -1.641
1.856 5.376 -1.639
1.874 5.375 -1.64
1.88 5.363 -1.637
1.894 5.35 -1.635
1.911 5.344 -1.635
1.928 5.338 -1.635
1.937 5.31 -1.628
1.951 5.297 -1.626
1.957 5.264 -1.617
1.961 5.249 -1.613
1.791 6.376 -1.676
1.805 6.35 -1.671
1.81 6.29 -1.655
1.819 6.247 -1.645
1.833 6.223 -1.64
1.845 6.191 -1.632
1.851 6.177 -1.629
1.866 6.155 -1.624
1.863 7.207 -1.601
1.868 7.133 -1.585
1.883 7.097 -1.578
1.898 7.063 -1.571
1.913 7.031 -1.565
1.925 7.033 -1.566
1.939 6.995 -1.558
1.954 6.967 -1.553
1.964 6.917 -1.543
1.776 8.9 -1.633
1.795 8.85 -1.624
1.813 8.794 -1.614
1.835 8.763 -1.609
1.85 8.698 -1.597
1.868 8.646 -1.588
1.895 8.64 -1.588
1.899 8.593 -1.579
1.779 10.716 -1.6
1.806 10.676 -1.594
1.803 10.554 -1.575
1.826 10.486 -1.565
1.851 10.437 -1.558
1.869 10.346 -1.544
1.88 10.225 -1.526
6.436 8.642 -1.254
6.424 8.569 -1.245
6.418 8.505 -1.238
6.41 8.466 -1.233
6.411 8.413 -1.227
6.41 8.356 -1.221
6.401 8.291 -1.214
6.359 8.183 -1.199
5.785 12.38 -1.226
5.757 12.219 -1.21
5.768 12.144 -1.203
5.718 11.943 -1.182
5.724 11.907 -1.179
5.719 11.801 -1.169
11.062 10.433 -1.019
10.971 10.282 -1.005
10.942 10.223 -1
10.923 10.141 -0.995
10.981 10.131 -0.998
10.966 10.054 -0.992
10.802 9.842 -0.971
10.789 9.768 -0.966
2.125 54.446 -0.937
2.256 53.513 -0.918
2.427 53.567 -0.919
2.483 52.97 -0.907
2.641 52.788 -0.903
2.798 52.622 -0.9
2.977 52.84 -0.905
3.137 52.731 -0.903
3.226 51.518 -0.877
