-6.3151 -0.0606746 0.0181424 -0.000779
-6.356 2.647 -1.748
-6.364 2.662 -1.751
-6.354 2.681 -1.751
-6.363 2.709 -1.756
-6.36 2.731 -1.758
-6.362 2.755 -1.761
-6.357 2.777 -1.762
-6.36 2.802 -1.765
-6.367 2.817 -1.769
-6.368 2.841 -1.772
-6.374 2.868 -1.776
-6.384 2.896 -1.782
-6.385 2.921 -1.785
-6.402 2.953 -1.793
-6.404 2.978 -1.796
-6.415 2.996 -1.8
-8.502 2.828 -1.61
-8.616 2.881 -1.635
-8.678 2.931 -1.649
-8.639 2.949 -1.643
-8.721 3.007 -1.661
-8.728 3.04 -1.665
-8.815 3.101 -1.685
-5.769 14.244 -1.687
-5.761 14.352 -1.699
-5.751 14.459 -1.711
-5.749 14.588 -1.726
-5.737 14.691 -1.737
-5.735 14.755 -1.744
-13.415 41.526 -1.737
-13.42 41.766 -1.748
-13.391 42.129 -1.763
-13.309 42.331 -1.77
-13.262 42.652 -1.783
-13.145 42.748 -1.786
-13.012 42.793 -1.786
-12.91 42.943 -1.791
-12.858 43.015 -1.793
-12.736 61.928 -1.121
-12.723 62.867 -1.14
-12.67 63.637 -1.155
-12.645 64.569 -1.175
