3.47185 -0.187119 0.0175459 -7.27295e-05
3.037 3.065 -1.702
3.033 3.041 -1.693
3.028 3.018 -1.685
3.029 3 -1.68
3.041 2.993 -1.682
3.039 2.972 -1.675
3.034 2.959 -1.669
3.039 2.945 -1.667
3.045 2.932 -1.665
3.043 2.912 -1.658
3.035 2.886 -1.648
3.002 3.684 -1.686
3.001 3.658 -1.678
3.007 3.643 -1.675
3.015 3.629 -1.673
3.011 3.601 -1.664
3.018 3.588 -1.662
3.012 3.569 -1.654
3.012 3.546 -1.648
3.014 3.526 -1.642
3.026 3.518 -1.643
3.02 3.488 -1.633
2.988 4.901 -1.655
2.991 4.871 -1.648
2.995 4.859 -1.645
3.002 4.837 -1.64
2.996 4.793 -1.628
2.999 4.764 -1.621
3.011 4.75 -1.619
3.005 4.708 -1.607
3.013 4.688 -1.603
2.978 5.837 -1.657
2.988 5.812 -1.653
2.995 5.78 -1.646
2.996 5.738 -1.636
3.006 5.714 -1.631
3 5.658 -1.617
2.997 5.631 -1.61
3.004 5.601 -1.604
2.972 6.927 -1.623
2.973 6.899 -1.617
2.98 6.856 -1.609
2.998 6.837 -1.606
2.989 6.76 -1.589
2.991 6.706 -1.578
3.002 6.674 -1.572
2.956 8.358 -1.592
2.953 8.265 -1.575
2.945 8.16 -1.555
2.952 8.101 -1.545
2.972 8.075 -1.541
2.966 10.047 -1.538
2.97 9.943 -1.523
2.966 9.872 -1.512
2.973 9.785 -1.499
2.988 9.723 -1.49
3.011 9.689 -1.486
2.862 13.378 -1.55
2.879 13.356 -1.548
2.912 13.306 -1.543
2.946 13.262 -1.538
2.98 13.22 -1.534
3.003 13.131 -1.524
2.993 12.903 -1.495
4.391 13.93 -1.324
4.424 13.882 -1.321
4.452 13.821 -1.315
4.486 13.779 -1.312
4.516 13.725 -1.308
4.558 13.707 -1.307
4.557 13.632 -1.3
4.574 13.544 -1.292
4.598 13.475 -1.286
4.648 13.481 -1.288
4.674 13.419 -1.283
4.701 13.361 -1.278
4.73 13.313 -1.274
4.735 13.261 -1.269
4.501 26.469 -1.145
4.558 26.304 -1.137
4.611 26.122 -1.128
4.623 25.953 -1.12
4.688 25.844 -1.115
4.752 25.739 -1.111
4.817 25.638 -1.106
4.879 25.526 -1.101
4.936 25.389 -1.095
5.003 25.307 -1.092
