32.1648 -6.37818 0.349195 -0.00628454
-10.266 15.602 -1.634
-10.228 15.651 -1.636
-10.227 15.757 -1.645
-10.214 15.845 -1.652
-10.196 15.928 -1.657
-10.165 15.988 -1.661
-10.171 16.109 -1.671
-10.18 16.181 -1.678
-10.14 16.229 -1.679
-10.097 16.273 -1.681
-10.068 16.342 -1.685
-14.306 38.231 -1.612
-14.281 38.532 -1.624
-14.239 38.795 -1.634
-14.208 39.089 -1.646
-14.233 39.35 -1.658
-14.159 39.535 -1.664
-19.001 39.531 -0.715
-18.993 39.834 -0.72
-18.967 40.105 -0.725
-19.039 40.423 -0.732
-19.01 40.692 -0.737
-18.988 40.981 -0.742
-18.978 41.298 -0.748
-18.942 41.565 -0.753
-18.939 41.907 -0.759
-18.914 42.203 -0.765
