2.0148 -0.0632951 0.00556212 -0.00013477
4.126 0.619 -1.51
4.121 0.605 -1.507
4.069 0.584 -1.486
4.022 0.57 -1.467
4.004 0.555 -1.459
1.73 5.068 -1.703
1.743 5.056 -1.701
1.753 5.034 -1.695
1.753 5.008 -1.687
1.761 4.981 -1.679
1.773 4.965 -1.675
1.78 4.936 -1.667
1.794 4.927 -1.665
1.806 4.913 -1.662
1.808 4.872 -1.649
1.748 5.604 -1.695
1.765 5.595 -1.694
1.785 5.597 -1.697
1.784 5.563 -1.687
1.791 5.526 -1.676
1.801 5.497 -1.669
1.815 5.48 -1.665
1.828 5.464 -1.662
1.845 5.458 -1.662
1.851 5.446 -1.659
1.865 5.431 -1.656
1.867 5.38 -1.641
1.744 6.443 -1.69
1.767 6.448 -1.694
1.781 6.418 -1.687
1.788 6.366 -1.674
1.801 6.336 -1.667
1.814 6.305 -1.66
1.826 6.273 -1.652
1.831 6.254 -1.647
1.846 6.231 -1.643
1.864 6.22 -1.641
1.883 6.214 -1.641
1.897 6.188 -1.635
1.743 7.577 -1.678
1.764 7.561 -1.675
1.785 7.542 -1.672
1.796 7.481 -1.659
1.809 7.434 -1.649
1.816 7.412 -1.645
1.832 7.374 -1.637
1.85 7.349 -1.632
1.86 7.292 -1.62
1.759 9.113 -1.673
1.78 9.071 -1.665
1.791 8.975 -1.647
1.81 8.923 -1.638
1.833 8.892 -1.633
1.858 8.875 -1.631
1.876 8.819 -1.621
1.755 11.006 -1.645
1.773 10.897 -1.628
1.794 10.812 -1.615
1.807 10.786 -1.611
1.838 10.76 -1.608
1.855 10.659 -1.593
1.875 13.927 -1.598
1.91 13.863 -1.59
1.926 13.662 -1.565
1.942 13.468 -1.541
10.187 9.319 -1.241
10.164 9.24 -1.234
10.213 9.225 -1.236
10.179 9.137 -1.228
10.214 9.14 -1.23
10.213 9.081 -1.226
10.236 9.044 -1.225
10.243 8.993 -1.223
10.258 8.949 -1.221
10.265 8.899 -1.218
10.272 8.849 -1.215
10.263 8.813 -1.212
10.271 8.764 -1.209
10.294 8.728 -1.208
10.277 8.658 -1.202
10.274 8.601 -1.198
10.279 8.55 -1.195
10.304 8.517 -1.195
10.278 8.468 -1.19
3.666 20.921 -1.364
3.664 20.524 -1.335
3.723 20.485 -1.333
3.789 20.481 -1.333
3.82 20.291 -1.32
3.913 20.431 -1.331
3.898 20.178 -1.313
3.946 20.088 -1.307
4.555 28.42 -1.242
4.627 27.747 -1.209
4.735 27.854 -1.215
4.803 27.729 -1.209
4.84 27.682 -1.207
4.9 27.517 -1.2
5.002 27.586 -1.204
5.064 27.435 -1.197
5.171 27.532 -1.203
5.248 27.467 -1.201
5.23 27.137 -1.184
