1.89706 0.0118176 -0.00293236 8.18298e-05
1.834 4.042 -1.754
1.839 4.02 -1.746
1.842 3.992 -1.736
1.847 3.971 -1.729
1.851 3.947 -1.72
1.856 3.926 -1.713
1.871 3.927 -1.717
1.87 3.908 -1.709
1.876 3.89 -1.703
1.747 4.57 -1.739
1.76 4.563 -1.738
1.765 4.553 -1.735
1.781 4.551 -1.737
1.795 4.545 -1.737
1.802 4.522 -1.73
1.81 4.501 -1.723
1.823 4.493 -1.723
1.826 4.46 -1.711
1.826 4.442 -1.705
1.834 4.42 -1.699
1.848 4.416 -1.699
1.861 4.407 -1.698
1.871 4.393 -1.694
1.887 4.392 -1.696
1.902 4.389 -1.698
1.899 4.364 -1.689
1.912 4.356 -1.688
1.928 4.354 -1.689
1.94 4.344 -1.688
1.958 4.348 -1.692
1.964 4.325 -1.685
1.961 4.283 -1.67
1.955 4.253 -1.659
1.823 5.13 -1.734
1.828 5.094 -1.723
1.839 5.074 -1.718
1.839 5.048 -1.709
1.849 5.028 -1.704
1.856 4.997 -1.695
1.871 4.99 -1.694
1.89 4.993 -1.698
1.901 4.974 -1.693
1.912 4.958 -1.689
1.917 4.948 -1.687
1.928 4.929 -1.682
1.834 5.629 -1.711
1.842 5.596 -1.702
1.857 5.581 -1.699
1.863 5.571 -1.697
1.874 5.545 -1.69
1.894 5.545 -1.692
1.899 5.502 -1.68
1.918 5.502 -1.682
1.923 5.46 -1.67
1.93 5.427 -1.661
1.927 5.389 -1.65
1.747 6.665 -1.749
1.768 6.658 -1.749
1.789 6.656 -1.75
1.794 6.589 -1.732
1.807 6.553 -1.724
1.81 6.486 -1.707
1.824 6.458 -1.7
1.834 6.454 -1.7
1.852 6.439 -1.697
1.863 6.401 -1.688
1.781 7.917 -1.757
1.795 7.862 -1.745
1.804 7.787 -1.729
1.806 7.741 -1.718
1.827 7.72 -1.715
1.85 7.71 -1.714
1.87 7.686 -1.709
1.887 7.651 -1.702
1.771 9.589 -1.763
1.786 9.5 -1.747
1.804 9.431 -1.734
1.822 9.365 -1.723
1.83 9.251 -1.701
1.697 11.712 -1.754
1.729 11.676 -1.749
1.759 11.629 -1.742
1.788 11.571 -1.734
1.791 11.469 -1.718
1.82 11.42 -1.711
1.842 11.328 -1.697
1.736 15.432 -1.787
1.758 15.415 -1.785
1.79 15.27 -1.767
1.821 15.122 -1.749
1.859 15.04 -1.739
1.876 14.804 -1.709
1.9 14.623 -1.687
9.799 10.892 -1.329
9.844 10.806 -1.326
9.856 10.784 -1.325
9.882 10.745 -1.323
9.901 10.697 -1.321
9.929 10.66 -1.32
9.958 10.625 -1.32
9.99 10.592 -1.319
10.022 10.559 -1.319
10.023 10.528 -1.317
10.058 10.498 -1.317
10.084 10.459 -1.316
10.11 10.42 -1.315
10.134 10.38 -1.314
10.165 10.346 -1.314
10.188 10.304 -1.312
10.197 10.281 -1.311
10.231 10.251 -1.311
10.26 10.216 -1.311
10.291 10.182 -1.311
10.291 10.119 -1.306
10.313 10.077 -1.305
10.31 10.011 -1.3
10.316 9.985 -1.298
10.31 9.917 -1.293
10.351 9.894 -1.294
10.371 9.851 -1.293
10.39 9.807 -1.291
10.379 9.735 -1.285
10.374 9.67 -1.28
10.35 9.617 -1.274
1.779 28.088 -1.873
1.837 27.631 -1.839
1.895 27.201 -1.808
1.943 26.67 -1.769
2.746 37.912 -1.705
2.826 37.375 -1.678
2.85 36.923 -1.656
2.937 36.543 -1.637
