2.76355 -0.224063 0.0252726 -0.000801925
2.075 3.886 -1.74
2.087 3.88 -1.74
2.096 3.868 -1.738
2.106 3.857 -1.735
2.123 3.86 -1.74
2.125 3.849 -1.736
2.135 3.839 -1.734
2.147 3.832 -1.734
2.138 3.788 -1.717
2.146 3.775 -1.713
2.153 3.759 -1.709
2.155 3.736 -1.701
2.158 3.728 -1.699
2.161 3.706 -1.691
2.182 3.715 -1.699
2.27 3.69 -1.709
2.272 3.667 -1.701
2.28 3.655 -1.699
2.282 3.632 -1.691
2.284 3.624 -1.689
2.126 4.385 -1.732
2.133 4.365 -1.726
2.14 4.343 -1.72
2.139 4.308 -1.708
2.148 4.293 -1.704
2.149 4.278 -1.699
2.155 4.256 -1.693
2.159 4.231 -1.685
2.167 4.215 -1.681
2.133 4.964 -1.72
2.14 4.959 -1.719
2.147 4.931 -1.711
2.149 4.895 -1.7
2.157 4.873 -1.694
2.163 4.845 -1.687
2.172 4.825 -1.682
2.176 4.794 -1.673
2.184 4.79 -1.673
2.196 4.776 -1.67
2.131 5.601 -1.733
2.144 5.582 -1.729
2.155 5.557 -1.723
2.158 5.513 -1.711
2.161 5.471 -1.699
2.16 5.444 -1.691
2.171 5.419 -1.685
2.176 5.384 -1.676
2.187 6.314 -1.693
2.18 6.261 -1.678
2.195 6.242 -1.675
2.209 6.218 -1.67
2.225 6.202 -1.667
2.245 6.195 -1.667
2.264 6.186 -1.667
2.276 6.161 -1.662
2.282 6.147 -1.658
2.299 6.132 -1.656
2.317 6.121 -1.655
2.319 6.069 -1.642
2.148 7.667 -1.721
2.17 7.651 -1.719
2.191 7.635 -1.717
2.199 7.572 -1.703
2.195 7.514 -1.69
2.204 7.458 -1.678
2.22 7.425 -1.672
2.24 7.407 -1.669
2.222 9.236 -1.715
2.238 9.173 -1.704
2.233 9.092 -1.688
2.25 9.035 -1.678
2.268 8.986 -1.67
2.292 8.966 -1.667
2.317 8.943 -1.664
2.223 11.211 -1.69
2.25 11.16 -1.683
2.261 11.037 -1.664
2.281 10.96 -1.652
2.306 10.904 -1.645
2.305 10.815 -1.631
2.362 14.581 -1.69
2.383 14.421 -1.67
2.412 14.324 -1.658
2.448 14.263 -1.652
2.441 14.091 -1.63
8.48 10.956 -1.246
8.511 10.926 -1.245
8.541 10.893 -1.245
8.568 10.857 -1.243
8.582 10.805 -1.24
8.581 10.769 -1.237
8.603 10.727 -1.235
8.621 10.681 -1.232
8.646 10.643 -1.231
8.673 10.609 -1.23
8.69 10.561 -1.227
8.714 10.523 -1.226
8.726 10.503 -1.225
8.746 10.461 -1.223
8.773 10.427 -1.222
8.797 10.389 -1.221
8.803 10.329 -1.216
8.828 10.294 -1.215
8.854 10.259 -1.214
8.859 10.231 -1.212
8.876 10.187 -1.21
8.898 10.147 -1.208
8.918 10.106 -1.207
8.941 10.069 -1.205
8.965 10.032 -1.204
8.983 9.989 -1.202
8.99 9.964 -1.201
9.005 9.918 -1.198
9.029 9.883 -1.197
9.061 9.856 -1.197
9.078 9.811 -1.195
2.763 26.439 -1.758
2.817 26.158 -1.737
2.839 25.6 -1.697
2.857 25.042 -1.656
10.885 13.22 -0.765
10.851 13.095 -0.759
10.859 13.021 -0.756
10.869 12.95 -0.753
10.883 12.925 -0.752
10.869 12.827 -0.748
10.936 12.825 -0.75
10.875 12.672 -0.741
10.849 12.563 -0.736
10.852 12.486 -0.732
10.864 12.421 -0.73
10.899 12.421 -0.731
10.84 12.277 -0.723
10.874 12.238 -0.723
10.874 12.161 -0.719
10.88 12.091 -0.717
10.867 12 -0.712
10.709 41.239 -0.688
10.647 40.48 -0.673
10.681 40.095 -0.665
10.645 39.464 -0.652
10.671 39.072 -0.644
10.644 38.735 -0.637
