1.59062 0.0135802 0.000537573 -3.89011e-06
1.667 4.13 -1.76
1.675 4.113 -1.755
1.688 4.109 -1.755
1.691 4.078 -1.744
1.69 4.059 -1.736
1.692 4.028 -1.724
1.698 4.009 -1.718
1.708 3.997 -1.715
1.713 3.973 -1.706
4.074 0.235 -1.475
4.073 0.222 -1.474
4.053 0.208 -1.466
4.043 0.195 -1.462
4.03 0.181 -1.456
4.018 0.168 -1.451
3.994 0.154 -1.442
3.944 0.146 -1.422
1.688 5.13 -1.719
1.695 5.098 -1.709
1.693 5.039 -1.69
1.696 4.998 -1.677
1.705 4.973 -1.67
1.712 4.942 -1.661
1.665 5.717 -1.721
1.679 5.695 -1.716
1.694 5.681 -1.713
1.695 5.652 -1.705
1.698 5.596 -1.688
1.706 5.561 -1.679
1.71 5.512 -1.665
1.701 6.53 -1.71
1.712 6.489 -1.7
1.721 6.439 -1.688
1.727 6.381 -1.673
1.724 6.33 -1.66
1.718 7.633 -1.689
1.739 7.613 -1.686
1.746 7.537 -1.669
1.749 7.442 -1.648
1.767 7.41 -1.641
1.785 7.383 -1.637
1.699 9.111 -1.67
1.724 9.088 -1.666
1.748 9.055 -1.661
1.759 9.035 -1.658
1.78 8.995 -1.651
1.79 8.895 -1.632
1.81 8.853 -1.625
1.831 8.811 -1.618
1.793 10.91 -1.63
1.802 10.859 -1.623
1.814 10.724 -1.602
1.835 10.641 -1.589
1.863 10.604 -1.584
1.896 10.598 -1.584
1.929 10.59 -1.584
1.962 10.584 -1.584
1.972 10.54 -1.577
1.996 10.489 -1.57
2.025 10.461 -1.567
2.056 10.443 -1.565
2.087 10.429 -1.564
2.115 10.399 -1.56
1.858 13.966 -1.603
1.889 13.866 -1.59
1.912 13.716 -1.572
1.948 13.659 -1.565
1.979 13.574 -1.555
1.994 13.532 -1.55
1.889 18.013 -1.579
1.944 17.989 -1.577
1.984 17.836 -1.563
2.017 17.626 -1.542
2.068 17.58 -1.539
2.1 17.38 -1.519
2.077 16.958 -1.478
3.159 20.91 -1.357
3.186 20.868 -1.354
3.284 21.065 -1.37
3.304 20.765 -1.348
3.319 20.443 -1.325
3.428 20.706 -1.345
3.457 20.479 -1.329
3.474 20.381 -1.322
3.548 20.431 -1.327
3.694 20.14 -1.307
3.778 20.244 -1.316
3.827 20.151 -1.31
3.862 20.163 -1.311
3.914 20.092 -1.307
3.931 19.845 -1.289
4.013 19.932 -1.297
4.053 19.806 -1.288
4.126 19.848 -1.292
4.202 19.901 -1.297
4.226 19.857 -1.295
4.285 19.83 -1.294
4.328 19.729 -1.287
4.374 19.641 -1.281
4.396 19.452 -1.268
10.934 13.668 -0.787
10.892 13.528 -0.779
10.733 13.246 -0.761
10.763 13.198 -0.76
10.745 13.092 -0.755
10.862 13.15 -0.761
10.763 12.989 -0.751
10.797 12.947 -0.75
10.667 12.71 -0.735
