3.13412 -0.0168045 -0.0106883 0.00102792
2.99 3.153 -1.714
2.977 3.129 -1.703
2.983 3.116 -1.701
2.985 3.099 -1.696
2.997 3.092 -1.698
3.005 3.081 -1.697
3.001 3.057 -1.689
3.009 3.047 -1.688
3.009 3.037 -1.685
3.002 3.012 -1.675
3.008 2.998 -1.673
3.011 2.982 -1.669
3.016 2.969 -1.667
3.011 2.945 -1.658
2.982 3.695 -1.684
2.974 3.673 -1.676
2.98 3.656 -1.672
2.98 3.634 -1.666
2.986 3.617 -1.662
2.99 3.599 -1.658
2.991 3.579 -1.652
2.992 3.556 -1.646
2.99 3.543 -1.642
2.988 3.518 -1.634
2.898 5.052 -1.681
2.901 5.022 -1.674
2.91 4.999 -1.669
2.921 4.984 -1.666
2.914 4.935 -1.652
2.903 4.899 -1.641
2.914 4.882 -1.638
2.916 4.851 -1.63
2.947 5.799 -1.644
2.92 5.722 -1.622
2.92 5.678 -1.612
2.916 5.626 -1.599
2.925 5.601 -1.594
2.783 7.195 -1.664
2.801 7.174 -1.661
2.823 7.163 -1.66
2.819 7.087 -1.644
2.817 7.019 -1.629
2.825 6.974 -1.62
2.84 6.947 -1.615
2.853 6.949 -1.617
2.863 6.912 -1.61
2.93 8.674 -1.648
2.941 8.617 -1.638
2.954 8.567 -1.63
2.977 8.546 -1.628
2.989 8.494 -1.619
2.967 8.389 -1.598
2.974 8.324 -1.587
2.865 10.76 -1.643
2.888 10.711 -1.636
2.919 10.691 -1.635
2.945 10.653 -1.63
2.973 10.627 -1.627
2.975 10.567 -1.618
2.987 10.483 -1.606
2.992 10.377 -1.59
5.455 8.577 -1.172
5.476 8.55 -1.17
5.496 8.523 -1.169
5.514 8.492 -1.167
5.513 8.432 -1.16
5.524 8.391 -1.156
5.501 8.328 -1.147
5.496 8.262 -1.139
5.514 8.234 -1.137
5.531 8.203 -1.135
5.554 8.182 -1.135
5.568 8.147 -1.132
5.59 8.124 -1.131
5.593 8.101 -1.129
5.605 8.064 -1.125
5.612 8.02 -1.121
6.256 5.278 -0.708
6.173 5.174 -0.693
6.206 5.168 -0.696
6.185 5.118 -0.691
6.177 5.079 -0.687
6.169 5.056 -0.685
6.159 5.015 -0.681
6.087 4.924 -0.669
6.093 4.898 -0.667
6.231 4.977 -0.685
6.231 4.945 -0.682
6.169 4.864 -0.671
6.091 4.786 -0.659
6.134 4.697 -0.657
3.556 20.869 -1.359
3.615 20.818 -1.356
3.672 20.758 -1.352
3.731 20.715 -1.35
3.758 20.675 -1.347
3.816 20.628 -1.344
3.87 20.555 -1.34
3.93 20.521 -1.338
3.989 20.48 -1.336
4.045 20.426 -1.333
4.102 20.378 -1.33
4.123 20.317 -1.326
4.177 20.257 -1.323
4.235 20.212 -1.32
4.285 20.138 -1.316
4.34 20.086 -1.313
4.399 20.054 -1.311
4.453 20 -1.308
5.155 15.494 -0.72
5.173 15.387 -0.715
5.166 15.208 -0.705
5.166 15.052 -0.697
5.194 14.981 -0.694
5.195 14.835 -0.686
5.201 14.776 -0.683
5.231 14.715 -0.68
5.199 14.482 -0.667
