10.9501 -4.43152 0.672282 -0.0297109
1.808 4.641 -1.772
1.817 4.623 -1.767
1.828 4.628 -1.771
1.835 4.604 -1.763
1.844 4.584 -1.757
1.855 4.57 -1.754
1.865 4.555 -1.75
1.881 4.553 -1.752
1.895 4.545 -1.751
1.9 4.537 -1.749
1.912 4.526 -1.747
1.926 4.52 -1.747
1.941 4.515 -1.747
1.954 4.507 -1.747
1.966 4.496 -1.745
1.983 4.497 -1.747
1.991 4.495 -1.748
1.998 4.474 -1.742
2.012 4.466 -1.741
2.023 4.454 -1.739
2.037 4.448 -1.739
2.05 4.44 -1.738
2.06 4.425 -1.735
2.067 4.42 -1.734
2.077 4.407 -1.731
2.089 4.395 -1.729
2.102 4.389 -1.729
2.112 4.374 -1.725
2.123 4.362 -1.723
2.137 4.355 -1.723
2.14 4.345 -1.721
2.413 6.666 -1.803
2.432 6.651 -1.801
2.463 6.607 -1.793
2.475 6.575 -1.786
2.492 6.559 -1.783
2.51 6.543 -1.781
2.52 6.54 -1.781
2.538 6.524 -1.779
2.56 6.52 -1.78
2.578 6.506 -1.778
2.596 6.493 -1.777
2.608 6.463 -1.771
2.628 6.455 -1.771
2.633 6.437 -1.766
2.649 6.419 -1.764
2.663 6.395 -1.759
2.681 6.381 -1.758
2.702 6.375 -1.758
2.716 6.352 -1.754
2.71 6.312 -1.743
2.938 7.708 -1.788
2.958 7.688 -1.785
2.983 7.68 -1.785
2.998 7.649 -1.78
3.01 7.609 -1.772
3.031 7.59 -1.77
3.058 7.59 -1.772
3.064 7.569 -1.768
3.084 7.552 -1.766
3.116 7.562 -1.771
3.126 7.518 -1.763
3.144 7.495 -1.76
3.159 7.466 -1.755
3.165 7.446 -1.751
3.189 7.438 -1.752
3.207 7.416 -1.748
3.217 7.375 -1.741
3.235 7.352 -1.738
3.261 7.349 -1.739
3.276 7.319 -1.734
3.876 9.024 -1.777
3.9 9.003 -1.775
3.916 8.962 -1.769
3.926 8.947 -1.767
3.949 8.922 -1.765
3.972 8.899 -1.762
3.983 8.848 -1.754
3.99 8.789 -1.744
4.015 8.771 -1.743
4.076 8.832 -1.759
4.078 8.799 -1.753
4.088 8.749 -1.745
4.11 8.723 -1.742
4.114 8.66 -1.732
4.142 8.649 -1.732
4.163 8.624 -1.73
4.177 8.584 -1.724
5.196 10.499 -1.735
5.223 10.47 -1.733
5.239 10.42 -1.727
5.248 10.396 -1.724
5.274 10.367 -1.722
5.289 10.317 -1.716
5.316 10.29 -1.714
5.347 10.269 -1.713
5.374 10.242 -1.711
5.415 10.242 -1.715
5.419 10.211 -1.71
5.434 10.163 -1.705
5.457 10.128 -1.702
5.473 10.081 -1.696
5.481 10.021 -1.689
5.497 9.976 -1.683
0.383999 29.728 -1.99
0.428999 29.616 -1.981
0.519999 29.482 -1.972
0.607999 29.261 -1.955
0.694999 29.022 -1.938
0.783999 28.942 -1.932
0.874999 28.929 -1.931
28.596 7.048 -1.275
28.618 6.958 -1.275
28.52 6.887 -1.27
28.493 6.785 -1.267
28.509 6.694 -1.267
28.5 6.598 -1.265
28.494 6.502 -1.264
28.473 6.403 -1.262
28.436 6.348 -1.259
28.405 6.248 -1.257
28.366 6.146 -1.254
28.356 6.05 -1.252
28.295 5.944 -1.248
28.249 5.842 -1.245
28.216 5.743 -1.242
28.2 5.693 -1.241
28.165 5.594 -1.238
28.143 5.498 -1.236
28.101 5.398 -1.233
28.071 5.301 -1.231
28.062 5.208 -1.23
28.023 5.11 -1.227
27.992 5.058 -1.225
27.958 4.962 -1.222
