-7.19123 0.581481 -0.0737364 0.00252804
-5.698 5.008 -1.634
-5.702 5.043 -1.64
-5.699 5.072 -1.644
-5.692 5.098 -1.647
-5.692 5.13 -1.652
-5.681 5.153 -1.654
-5.684 5.188 -1.66
-5.682 5.202 -1.661
-5.662 5.217 -1.66
-5.669 5.256 -1.668
-5.678 5.298 -1.676
-5.663 5.317 -1.676
-5.649 5.337 -1.677
-5.659 5.38 -1.686
-5.66 5.399 -1.689
-6.899 4.713 -1.493
-6.921 4.76 -1.502
-6.935 4.802 -1.509
-6.96 4.852 -1.518
-6.963 4.886 -1.522
-6.965 4.903 -1.525
-6.949 4.925 -1.525
-6.972 4.974 -1.534
-7.016 5.038 -1.548
-7.008 5.066 -1.55
-9.61 3.186 -1.482
-9.688 3.246 -1.497
-9.704 3.285 -1.502
-9.643 3.298 -1.493
-9.711 3.355 -1.506
-9.726 3.395 -1.511
-9.697 3.402 -1.507
-9.712 3.441 -1.511
-9.709 3.474 -1.512
-9.646 3.486 -1.503
-9.648 3.521 -1.506
-9.611 3.542 -1.501
-9.668 3.598 -1.513
-9.686 3.622 -1.517
-9.779 3.691 -1.534
-10.611 10.679 -1.649
-10.593 10.728 -1.652
-10.574 10.777 -1.654
-10.543 10.779 -1.652
-10.522 10.825 -1.654
-10.489 10.859 -1.654
-10.456 10.894 -1.655
-10.43 10.935 -1.656
-10.401 10.974 -1.657
-10.357 10.996 -1.655
-10.305 11.01 -1.652
-10.291 11.029 -1.653
-10.26 11.065 -1.653
-10.226 11.099 -1.654
-10.201 11.141 -1.655
-10.199 11.21 -1.661
-10.185 11.266 -1.665
-10.182 11.333 -1.671
-10.199 11.387 -1.677
-10.192 11.452 -1.683
-10.169 11.499 -1.685
-10.17 11.572 -1.692
-10.165 11.64 -1.698
-10.138 11.684 -1.7
-5.976 38.525 -1.53
-5.867 38.626 -1.534
-5.788 38.931 -1.547
-5.708 39.236 -1.56
-5.668 39.399 -1.567
-5.594 39.769 -1.583
-5.475 39.832 -1.585
