4.80793 -0.454072 0.0410037 -0.00101348
2.338 3.488 -1.653
2.341 3.468 -1.647
2.347 3.453 -1.643
2.36 3.462 -1.649
2.353 3.429 -1.636
2.362 3.418 -1.634
2.37 3.406 -1.632
2.368 3.382 -1.623
2.368 3.36 -1.616
2.388 3.364 -1.622
2.391 3.358 -1.62
2.381 3.322 -1.605
2.376 3.293 -1.595
1.686 4.497 -1.705
1.684 4.45 -1.688
1.691 4.425 -1.68
1.698 4.402 -1.673
1.703 4.376 -1.664
1.714 4.362 -1.661
1.723 4.346 -1.657
1.728 4.34 -1.655
1.654 5.609 -1.688
1.666 5.585 -1.682
1.673 5.577 -1.681
1.686 5.555 -1.675
1.702 5.546 -1.674
1.714 5.525 -1.669
1.732 5.521 -1.669
1.737 5.475 -1.656
1.752 5.463 -1.654
1.756 5.447 -1.65
1.773 5.44 -1.649
1.794 5.445 -1.653
1.81 5.438 -1.652
1.821 5.414 -1.646
1.837 5.404 -1.645
1.845 5.373 -1.637
2.667 7.16 -1.647
2.685 7.141 -1.644
2.704 7.122 -1.641
2.732 7.129 -1.646
2.742 7.122 -1.645
2.759 7.098 -1.641
2.75 7.01 -1.621
2.739 6.916 -1.6
2.76 6.907 -1.6
2.782 6.898 -1.6
2.778 6.856 -1.59
2.793 6.831 -1.586
7.768 0.603 -1.384
7.736 0.576 -1.378
7.677 0.559 -1.366
7.52 0.523 -1.335
7.457 0.495 -1.322
7.491 4.397 -1.254
7.464 4.35 -1.246
7.367 4.261 -1.226
7.258 4.168 -1.204
7.296 4.174 -1.209
7.228 4.105 -1.195
3.51 13.741 -1.615
3.523 13.705 -1.611
3.522 13.525 -1.588
3.556 13.483 -1.584
3.601 13.481 -1.585
3.647 13.481 -1.587
3.683 13.449 -1.584
3.726 13.439 -1.584
3.743 13.418 -1.582
3.782 13.397 -1.581
3.823 13.379 -1.58
3.862 13.357 -1.579
3.902 13.337 -1.578
3.945 13.331 -1.579
3.981 13.299 -1.576
3.99 13.253 -1.571
4.034 13.246 -1.572
4.067 13.207 -1.568
4.104 13.179 -1.566
4.144 13.164 -1.566
4.178 13.128 -1.563
4.217 13.106 -1.562
3.683 17.571 -1.563
3.695 17.355 -1.543
3.718 17.197 -1.528
3.737 17.024 -1.512
3.772 16.93 -1.504
3.83 16.94 -1.506
3.883 16.926 -1.505
3.905 16.902 -1.504
4.535 21.154 -1.393
4.594 21.106 -1.39
4.619 21.062 -1.388
4.681 21.03 -1.386
4.735 20.959 -1.382
4.786 20.879 -1.377
4.841 20.822 -1.374
4.894 20.75 -1.37
4.948 20.69 -1.366
4.973 20.651 -1.364
5.027 20.589 -1.36
5.081 20.53 -1.357
5.135 20.472 -1.354
5.19 20.421 -1.351
5.242 20.354 -1.347
5.299 20.31 -1.345
5.321 20.265 -1.343
5.38 20.233 -1.341
6.535 15.534 -0.75
6.524 15.372 -0.741
6.508 15.203 -0.732
6.501 15.056 -0.724
6.491 14.905 -0.716
6.465 14.782 -0.709
6.506 14.749 -0.709
6.483 14.573 -0.699
16.014 42.832 -0.754
16.194 42.901 -0.756
16.257 42.068 -0.741
16.109 41.3 -0.724
16.139 40.996 -0.719
16.156 40.664 -0.712
16.139 40.253 -0.704
