1.55532 0.026992 -0.00459703 0.000218578
1.588 4.119 -1.744
1.591 4.09 -1.733
1.589 4.067 -1.724
1.593 4.04 -1.713
1.594 4.006 -1.7
1.607 4.003 -1.701
1.619 3.996 -1.7
1.619 3.96 -1.686
1.563 4.579 -1.718
1.573 4.563 -1.714
1.573 4.54 -1.706
1.576 4.503 -1.693
1.586 4.486 -1.688
1.59 4.453 -1.676
1.602 4.442 -1.674
1.612 4.427 -1.67
1.621 4.409 -1.665
1.561 5.149 -1.712
1.563 5.126 -1.705
1.566 5.082 -1.691
1.576 5.057 -1.683
1.579 5.012 -1.669
1.588 4.987 -1.662
1.528 5.71 -1.708
1.546 5.705 -1.708
1.551 5.688 -1.703
1.561 5.653 -1.694
1.569 5.611 -1.682
1.581 5.588 -1.676
1.589 5.55 -1.665
1.605 5.538 -1.663
1.621 5.529 -1.662
1.627 5.517 -1.659
1.645 5.516 -1.66
1.663 5.51 -1.66
1.668 5.467 -1.648
1.51 6.549 -1.703
1.527 6.527 -1.698
1.546 6.517 -1.697
1.564 6.502 -1.694
1.572 6.447 -1.68
1.583 6.402 -1.669
1.587 6.374 -1.662
1.602 6.35 -1.656
1.619 6.334 -1.653
1.64 6.332 -1.654
1.66 6.329 -1.655
1.668 6.279 -1.642
1.543 7.698 -1.696
1.551 7.677 -1.691
1.562 7.605 -1.675
1.573 7.539 -1.661
1.586 7.482 -1.649
1.607 7.466 -1.646
1.627 7.444 -1.642
1.534 9.184 -1.678
1.544 9.158 -1.674
1.562 9.087 -1.661
1.58 9.022 -1.649
1.599 8.963 -1.638
1.621 8.923 -1.631
1.642 8.878 -1.623
1.503 11.105 -1.654
1.534 11.067 -1.649
1.559 10.996 -1.638
1.561 10.886 -1.621
1.583 10.797 -1.608
1.615 10.774 -1.605
1.635 10.679 -1.59
1.579 14.258 -1.635
1.612 14.154 -1.623
1.635 13.97 -1.6
1.671 13.896 -1.591
1.708 13.841 -1.584
1.717 13.736 -1.571
1.727 13.473 -1.538
2.265 16.546 -1.44
2.262 16.143 -1.401
2.281 16.094 -1.396
2.377 16.408 -1.428
2.396 16.176 -1.406
2.436 16.097 -1.399
2.463 15.936 -1.384
6.624 18.084 -1.218
6.612 17.876 -1.203
6.596 17.662 -1.188
6.587 17.47 -1.174
6.637 17.434 -1.173
6.715 17.475 -1.178
6.767 17.529 -1.183
6.817 17.495 -1.182
6.842 17.395 -1.176
6.877 17.325 -1.172
6.963 17.383 -1.178
6.981 17.269 -1.171
6.952 17.042 -1.155
7.036 17.173 -1.166
7.064 17.086 -1.161
6.672 26.292 -1.158
6.601 25.671 -1.127
6.6 25.337 -1.111
6.66 25.24 -1.107
