2.02404 -0.158636 0.0238643 -0.000939614
1.737 3.978 -1.713
1.739 3.949 -1.702
1.742 3.922 -1.692
1.731 3.882 -1.675
1.739 3.868 -1.671
1.743 3.845 -1.662
1.68 4.481 -1.699
1.687 4.479 -1.699
1.699 4.468 -1.696
1.712 4.459 -1.695
1.724 4.45 -1.694
1.729 4.422 -1.684
1.731 4.387 -1.672
1.731 4.345 -1.657
1.732 4.329 -1.652
1.739 4.308 -1.645
3.583 2.976 -1.514
3.609 2.978 -1.521
3.564 2.922 -1.497
3.515 2.863 -1.47
3.521 2.85 -1.469
3.52 2.839 -1.466
3.507 2.81 -1.457
3.495 2.783 -1.447
1.695 5.556 -1.676
1.709 5.54 -1.673
1.725 5.527 -1.671
1.741 5.518 -1.669
1.755 5.504 -1.666
1.761 5.462 -1.655
1.757 5.419 -1.642
1.773 5.41 -1.64
1.777 5.364 -1.627
1.791 5.351 -1.625
1.737 6.338 -1.663
1.753 6.318 -1.658
1.769 6.297 -1.654
1.773 6.236 -1.639
1.787 6.21 -1.633
1.794 6.162 -1.621
1.807 6.132 -1.614
1.821 6.11 -1.609
1.783 7.428 -1.646
1.798 7.386 -1.638
1.805 7.316 -1.623
1.805 7.266 -1.611
1.815 7.207 -1.599
1.831 7.173 -1.592
1.827 8.863 -1.628
1.842 8.796 -1.615
1.854 8.717 -1.601
1.868 8.646 -1.588
1.888 8.61 -1.582
1.9 8.597 -1.58
1.926 8.587 -1.579
1.952 8.575 -1.578
1.803 10.658 -1.591
1.821 10.661 -1.592
1.849 10.62 -1.587
1.86 10.488 -1.566
1.88 10.41 -1.555
1.909 10.385 -1.551
1.941 10.375 -1.551
1.974 10.37 -1.551
1.987 10.35 -1.548
2.019 10.344 -1.548
2.049 10.32 -1.545
2.079 10.306 -1.544
2.107 10.278 -1.541
2.137 10.257 -1.539
2.169 10.249 -1.538
1.87 13.572 -1.553
1.911 13.556 -1.552
1.937 13.438 -1.537
1.952 13.246 -1.513
1.979 13.149 -1.501
1.993 13.101 -1.496
2.017 12.983 -1.481
3.871 13.615 -1.277
3.873 13.463 -1.262
3.909 13.428 -1.259
3.87 13.217 -1.237
3.899 13.163 -1.233
3.921 13.086 -1.226
4.031 13.3 -1.25
4.062 13.253 -1.247
4.11 13.261 -1.249
4.086 13.04 -1.226
10.927 13.144 -0.764
10.922 13.054 -0.759
10.816 12.846 -0.747
10.802 12.748 -0.742
10.89 12.77 -0.746
10.932 12.739 -0.746
10.843 12.555 -0.735
10.783 12.446 -0.728
10.805 12.393 -0.727
10.904 12.427 -0.732
10.845 12.283 -0.724
10.78 12.132 -0.715
10.701 11.967 -0.705
11.17 24.872 -0.506
11.132 24.58 -0.499
11.078 24.357 -0.493
11.082 24.164 -0.489
11.057 23.911 -0.482
11.057 23.715 -0.478
11.134 23.685 -0.478
11.164 23.556 -0.475
11.07 23.169 -0.465
11.104 23.053 -0.463
11.069 22.888 -0.458
11.057 22.68 -0.453
