2.20764 -0.0471165 0.00428377 -8.30758e-05
2.024 3.851 -1.717
2.03 3.833 -1.711
2.038 3.818 -1.707
2.045 3.802 -1.703
2.047 3.778 -1.694
2.042 3.755 -1.685
2.047 3.736 -1.679
2.052 3.718 -1.673
2.053 3.693 -1.664
2.172 5.254 -1.638
2.173 5.208 -1.625
2.19 5.203 -1.626
2.192 5.162 -1.614
2.193 5.12 -1.603
2.205 5.103 -1.599
2.222 5.098 -1.6
2.228 5.091 -1.598
2.235 5.063 -1.591
2.24 5.031 -1.583
2.022 6.35 -1.688
2.03 6.304 -1.676
2.038 6.26 -1.666
2.052 6.239 -1.662
2.063 6.205 -1.654
2.078 6.184 -1.65
2.093 6.165 -1.646
2.092 6.13 -1.637
2.027 7.551 -1.688
2.03 7.514 -1.68
2.039 7.455 -1.667
2.051 7.407 -1.657
2.061 7.354 -1.646
2.083 7.341 -1.645
2.104 7.327 -1.643
2.126 7.317 -1.642
2.129 7.284 -1.635
2.157 8.9 -1.649
2.179 8.867 -1.643
2.2 8.835 -1.638
2.205 8.736 -1.62
2.221 8.684 -1.611
2.223 8.578 -1.591
2.004 11.104 -1.667
2.031 11.055 -1.66
2.046 10.942 -1.642
2.057 10.91 -1.638
2.086 10.872 -1.633
2.116 10.846 -1.63
2.15 10.835 -1.629
2.179 10.807 -1.625
2.182 10.644 -1.6
2.021 14.326 -1.651
2.047 14.188 -1.634
2.076 14.077 -1.621
2.111 14.014 -1.613
2.129 13.985 -1.61
2.168 13.945 -1.606
2.202 13.877 -1.598
2.162 18.145 -1.595
2.209 18.053 -1.586
2.236 18.039 -1.585
2.282 17.947 -1.577
2.296 17.606 -1.544
8.735 13.637 -1.098
8.748 13.609 -1.097
8.777 13.56 -1.095
8.811 13.519 -1.094
8.842 13.475 -1.092
8.875 13.434 -1.091
8.902 13.382 -1.088
8.942 13.351 -1.088
8.946 13.312 -1.086
8.978 13.269 -1.084
9.013 13.231 -1.083
9.043 13.186 -1.082
9.07 13.137 -1.08
9.101 13.093 -1.078
9.126 13.042 -1.076
9.13 13.005 -1.074
9.164 12.966 -1.073
9.193 12.921 -1.071
9.217 12.869 -1.069
9.251 12.831 -1.068
9.285 12.794 -1.067
9.309 12.742 -1.065
9.323 12.719 -1.064
9.357 12.682 -1.063
9.387 12.639 -1.062
9.43 12.615 -1.062
9.46 12.572 -1.061
9.492 12.533 -1.06
9.506 12.51 -1.059
9.525 12.453 -1.057
9.549 12.404 -1.055
9.59 12.377 -1.055
9.615 12.328 -1.053
9.632 12.272 -1.05
9.667 12.237 -1.05
9.671 12.203 -1.048
1.958 36.569 -1.635
2.071 36.528 -1.633
2.155 35.997 -1.607
2.246 35.641 -1.59
2.321 35.062 -1.561
11.156 50.724 -0.884
11.11 49.774 -0.864
11.154 49.243 -0.854
11.099 48.647 -0.841
11.028 47.648 -0.82
