-9.7205 0.424377 -0.067842 0.00219911
-8.873 3.247 -1.705
-8.872 3.278 -1.707
-8.922 3.329 -1.719
-8.991 3.386 -1.736
-9.034 3.434 -1.747
-9.076 3.467 -1.757
-9.035 4.026 -1.445
-9.036 4.06 -1.448
-9.049 4.1 -1.452
-9.054 4.137 -1.455
-9.068 4.178 -1.46
-9.067 4.212 -1.462
-9.066 4.246 -1.464
-9.092 4.275 -1.47
-9.077 4.303 -1.47
-9.088 4.343 -1.474
-9.089 4.379 -1.477
-9.102 4.42 -1.481
-9.102 4.456 -1.484
-9.113 4.496 -1.488
-9.127 4.521 -1.492
-9.141 4.564 -1.497
-9.229 5.997 -1.208
-9.223 6.035 -1.21
-9.434 6.195 -1.244
-9.396 6.212 -1.241
-9.263 6.166 -1.224
-9.278 6.218 -1.229
-9.296 6.273 -1.235
-9.311 6.325 -1.24
-9.343 6.39 -1.249
-9.361 6.424 -1.253
-9.386 6.485 -1.26
-10.295 20.798 -1.509
-10.287 20.946 -1.518
-10.255 21.048 -1.524
-10.194 21.091 -1.525
-10.152 21.173 -1.529
-10.108 21.252 -1.533
-10.128 21.381 -1.542
-10.082 21.458 -1.546
-10.028 21.519 -1.548
-9.936 21.498 -1.544
-9.864 21.518 -1.543
-9.841 21.647 -1.551
-9.819 21.779 -1.559
-9.828 21.891 -1.567
-2.93 29.589 -1.289
-2.846 29.693 -1.294
-2.754 29.716 -1.295
-2.684 29.979 -1.308
-2.625 30.389 -1.328
-2.565 30.816 -1.349
-2.547 31.192 -1.368
