-5.40844 -0.498904 0.0379641 -0.000642293
-10.741 2.431 -1.624
-10.741 2.466 -1.625
-10.726 2.481 -1.623
-10.843 2.543 -1.643
-10.983 2.612 -1.667
-11.056 2.666 -1.681
-6.358 16.631 -1.549
-6.352 16.772 -1.561
-6.383 17.014 -1.585
-6.33 17.037 -1.585
-6.215 16.891 -1.568
-6.269 17.117 -1.59
-6.233 17.188 -1.596
-6.183 17.216 -1.597
-6.143 17.277 -1.601
-6.086 17.287 -1.6
-6.043 17.34 -1.603
-5.972 17.312 -1.599
-5.962 17.37 -1.604
-5.849 33.54 -1.506
-5.824 34.027 -1.53
-5.791 34.484 -1.552
-5.714 34.691 -1.562
-5.676 34.801 -1.567
-5.577 34.886 -1.57
