-4.3108 -0.0105143 0.00232513 -3.30921e-05
-4.285 7.866 -1.61
-4.293 7.909 -1.618
-4.293 7.969 -1.628
-4.298 8.038 -1.64
-4.288 8.081 -1.647
-4.286 8.137 -1.656
-4.287 8.201 -1.667
-4.282 9.841 -1.579
-4.27 9.898 -1.587
-4.27 9.984 -1.599
-4.283 10.056 -1.61
-4.275 10.126 -1.62
-4.264 10.188 -1.629
-4.245 10.235 -1.634
-11.203 11.063 -1.734
-11.197 11.126 -1.739
-11.2 11.199 -1.745
-11.198 11.268 -1.751
-11.188 11.329 -1.755
-11.191 11.403 -1.762
-11.208 11.492 -1.772
-11.219 11.54 -1.777
-11.221 11.615 -1.783
-11.206 11.671 -1.787
-4.088 16.631 -1.482
-4.072 16.795 -1.497
-4.052 16.943 -1.511
-4.032 17.097 -1.525
-3.984 17.131 -1.527
-3.973 17.207 -1.534
-3.919 17.222 -1.535
-11.838 21.243 -1.591
-11.829 21.385 -1.6
-11.839 21.562 -1.611
-11.839 21.723 -1.622
-11.881 21.882 -1.633
-11.868 22.023 -1.642
-11.859 22.173 -1.652
-11.795 22.22 -1.652
