1.46267 0.108022 -0.00628391 0.000115847
1.775 4.046 -1.745
1.777 4.017 -1.734
1.783 3.996 -1.727
1.795 3.989 -1.727
1.799 3.965 -1.718
1.81 3.956 -1.717
1.82 3.947 -1.715
1.826 3.942 -1.714
1.837 3.935 -1.713
1.846 3.921 -1.71
1.853 3.905 -1.705
1.868 3.904 -1.707
1.888 3.913 -1.714
1.899 3.906 -1.713
1.895 3.883 -1.704
1.896 3.854 -1.693
1.763 4.548 -1.733
1.767 4.518 -1.723
1.769 4.501 -1.718
1.781 4.49 -1.716
1.787 4.466 -1.708
1.799 4.455 -1.706
1.809 4.439 -1.701
1.824 4.437 -1.703
1.83 4.412 -1.695
1.828 4.387 -1.686
1.841 4.379 -1.685
1.844 4.349 -1.675
2.631 3.862 -1.519
2.619 3.818 -1.504
2.627 3.803 -1.502
2.636 3.804 -1.503
2.627 3.765 -1.49
2.644 3.764 -1.494
2.669 3.774 -1.502
2.672 3.754 -1.496
2.669 3.725 -1.488
2.632 3.648 -1.458
2.675 3.696 -1.48
2.717 3.73 -1.499
2.728 3.72 -1.498
2.702 3.66 -1.476
2.702 3.636 -1.469
1.725 5.721 -1.728
1.741 5.708 -1.726
1.761 5.708 -1.727
1.774 5.688 -1.723
1.786 5.662 -1.716
1.785 5.629 -1.706
1.794 5.596 -1.697
1.81 5.584 -1.695
1.821 5.561 -1.689
1.838 5.551 -1.688
1.856 5.549 -1.689
1.872 5.538 -1.688
1.869 5.5 -1.676
1.769 6.58 -1.728
1.779 6.573 -1.727
1.789 6.53 -1.717
1.793 6.465 -1.7
1.805 6.43 -1.692
1.817 6.394 -1.683
1.83 6.361 -1.675
1.79 7.673 -1.702
1.801 7.612 -1.689
1.812 7.551 -1.676
1.826 7.502 -1.665
1.831 7.471 -1.659
1.849 7.444 -1.654
1.871 7.434 -1.653
1.888 7.402 -1.646
1.898 9.067 -1.669
1.92 9.032 -1.663
1.918 8.953 -1.648
1.936 8.899 -1.639
1.943 8.795 -1.619
1.796 11.266 -1.686
1.825 11.219 -1.68
1.829 11.132 -1.666
1.847 11.023 -1.65
1.877 10.99 -1.645
1.913 10.996 -1.647
1.949 10.998 -1.648
1.979 10.968 -1.645
2.011 10.944 -1.642
2.044 10.932 -1.641
2.061 10.929 -1.641
2.098 10.934 -1.643
2.129 10.914 -1.641
2.164 10.909 -1.641
2.197 10.896 -1.64
2.228 10.874 -1.637
2.26 10.853 -1.635
2.275 10.84 -1.634
2.305 10.814 -1.63
1.824 14.394 -1.656
1.845 14.384 -1.655
1.886 14.342 -1.651
1.901 14.118 -1.623
1.929 13.994 -1.607
1.963 13.921 -1.599
2.007 13.917 -1.599
2.015 13.669 -1.568
1.819 18.176 -1.594
1.875 18.154 -1.592
1.917 18.006 -1.578
1.946 17.745 -1.553
1.969 17.448 -1.524
2.019 17.394 -1.52
2.068 17.344 -1.515
3.569 13.006 -0.881
3.564 12.832 -0.867
3.548 12.623 -0.851
3.548 12.472 -0.839
3.54 12.298 -0.826
3.599 13.134 -0.567
3.59 12.943 -0.557
3.584 12.765 -0.547
3.573 12.575 -0.536
3.574 12.431 -0.528
3.57 12.272 -0.52
3.558 12.162 -0.514
