2.25891 -0.0136246 0.00501762 -0.000168789
2.219 3.778 -1.73
2.222 3.742 -1.717
2.272 3.693 -1.71
2.273 3.67 -1.703
2.265 3.645 -1.692
2.268 3.623 -1.685
2.278 3.615 -1.684
2.28 3.592 -1.676
2.22 4.83 -1.69
2.236 4.823 -1.69
2.247 4.807 -1.687
2.24 4.774 -1.676
2.244 4.743 -1.667
2.247 4.713 -1.658
2.255 4.692 -1.653
2.265 4.675 -1.649
2.272 4.652 -1.643
2.283 4.638 -1.64
2.237 5.487 -1.713
2.25 5.468 -1.708
2.257 5.461 -1.707
2.266 5.434 -1.701
2.265 5.383 -1.686
2.27 5.348 -1.676
2.273 5.309 -1.666
2.287 5.294 -1.663
2.291 6.293 -1.697
2.295 6.243 -1.684
2.302 6.201 -1.674
2.311 6.165 -1.666
2.318 6.125 -1.656
2.334 6.109 -1.654
2.337 6.089 -1.649
2.354 6.074 -1.647
2.294 7.376 -1.666
2.317 7.367 -1.666
2.331 7.332 -1.659
2.338 7.273 -1.646
2.348 7.226 -1.637
2.353 7.165 -1.624
2.37 7.139 -1.619
2.375 7.117 -1.615
2.339 8.744 -1.628
2.35 8.676 -1.616
2.365 8.623 -1.607
2.362 8.506 -1.585
2.375 8.499 -1.584
2.4 8.485 -1.583
2.424 8.468 -1.581
2.451 8.463 -1.581
2.483 8.476 -1.585
2.503 8.443 -1.581
2.517 8.394 -1.572
2.352 10.389 -1.566
2.368 10.308 -1.554
2.382 10.297 -1.553
2.407 10.256 -1.548
2.417 10.153 -1.532
2.445 10.13 -1.529
2.478 10.128 -1.53
2.499 10.078 -1.523
2.52 10.024 -1.516
2.515 9.937 -1.502
2.484 13.118 -1.508
2.483 13.001 -1.494
2.503 12.89 -1.48
2.532 12.824 -1.473
2.573 12.821 -1.473
2.603 12.761 -1.466
2.625 12.669 -1.456
2.433 16.428 -1.431
2.48 16.39 -1.428
2.503 16.198 -1.41
2.533 16.052 -1.396
2.574 15.989 -1.39
2.611 15.898 -1.382
2.611 15.743 -1.367
2.413 20.821 -1.343
2.461 20.665 -1.332
2.51 20.522 -1.322
2.609 20.276 -1.305
2.626 20.157 -1.297
2.649 19.843 -1.274
8.861 43.909 -0.734
8.949 43.638 -0.729
8.967 43.381 -0.724
9.02 42.957 -0.715
9.09 42.624 -0.709
9.078 41.925 -0.694
9.052 41.18 -0.679
