19.1724 2.9337 -0.471565 0.0136029
0.375999 16.672 -1.933
0.427999 16.648 -1.931
0.479999 16.623 -1.928
0.504999 16.603 -1.925
0.556999 16.585 -1.923
0.607999 16.559 -1.92
0.658999 16.536 -1.917
0.709999 16.514 -1.915
0.759999 16.472 -1.91
0.810999 16.444 -1.906
0.834999 16.405 -1.902
0.884999 16.384 -1.899
0.934999 16.355 -1.896
0.983999 16.319 -1.892
1.032 16.262 -1.885
1.082 16.235 -1.882
12.959 6.904 -1.332
12.939 6.789 -1.325
12.637 6.606 -1.288
12.746 6.612 -1.299
12.709 6.542 -1.292
12.474 6.372 -1.262
12.371 6.271 -1.247
18.435 3.38 -1.18
18.414 3.317 -1.177
18.399 3.254 -1.175
18.382 3.221 -1.174
18.365 3.159 -1.172
18.351 3.097 -1.17
18.355 3.038 -1.169
18.341 2.977 -1.168
18.318 2.914 -1.165
18.308 2.854 -1.164
18.292 2.822 -1.162
18.27 2.759 -1.16
18.266 2.7 -1.159
18.249 2.639 -1.157
18.23 2.578 -1.155
18.226 2.519 -1.154
18.21 2.458 -1.153
18.21 2.429 -1.152
18.188 2.368 -1.15
18.185 2.31 -1.149
18.177 2.251 -1.148
18.168 2.192 -1.147
18.125 2.129 -1.143
18.136 2.101 -1.144
18.135 2.043 -1.143
18.133 1.985 -1.143
18.127 1.927 -1.142
18.125 1.869 -1.141
18.123 1.811 -1.141
18.113 1.753 -1.139
18.092 1.722 -1.138
18.089 1.665 -1.137
18.088 1.607 -1.137
18.086 1.55 -1.136
18.09 1.493 -1.136
18.083 1.435 -1.135
18.075 1.377 -1.134
18.068 1.348 -1.134
18.066 1.291 -1.133
18.06 1.234 -1.132
18.058 1.176 -1.132
18.043 1.119 -1.131
18.033 1.061 -1.13
18.002 1.002 -1.127
25.023 4.682 -1.075
24.988 4.594 -1.072
24.948 4.505 -1.069
24.922 4.42 -1.067
24.899 4.335 -1.065
24.856 4.287 -1.063
24.826 4.202 -1.061
24.782 4.114 -1.058
24.738 4.027 -1.055
24.705 3.942 -1.053
24.66 3.855 -1.05
24.619 3.77 -1.047
24.571 3.723 -1.044
24.512 3.635 -1.041
24.472 3.551 -1.038
24.451 3.469 -1.037
24.403 3.384 -1.034
24.362 3.3 -1.031
24.343 3.259 -1.03
24.282 3.173 -1.026
24.238 3.09 -1.023
