2.57945 -0.13147 0.0119136 -0.000211232
2.69 3.043 -1.595
2.683 3.016 -1.585
2.711 3.028 -1.596
2.71 3.017 -1.592
2.707 2.995 -1.585
2.715 2.985 -1.584
2.695 2.946 -1.566
2.722 2.956 -1.577
2.673 2.886 -1.541
2.133 4.297 -1.703
2.14 4.277 -1.697
2.152 4.266 -1.696
2.155 4.24 -1.687
2.148 4.211 -1.676
2.149 4.18 -1.666
2.16 4.17 -1.664
2.165 4.148 -1.658
2.175 4.135 -1.655
2.184 4.121 -1.652
2.147 4.85 -1.686
2.151 4.818 -1.676
2.157 4.792 -1.669
2.16 4.758 -1.659
2.165 4.73 -1.651
2.165 4.711 -1.645
2.176 4.696 -1.642
2.186 4.679 -1.638
2.198 4.667 -1.636
2.207 4.648 -1.632
2.132 5.447 -1.689
2.146 5.433 -1.687
2.161 5.421 -1.685
2.169 5.391 -1.677
2.163 5.35 -1.665
2.169 5.317 -1.656
2.18 5.296 -1.651
2.19 5.273 -1.646
2.199 5.249 -1.64
2.218 5.247 -1.642
2.23 5.229 -1.638
2.089 6.284 -1.676
2.1 6.25 -1.668
2.125 6.262 -1.674
2.145 6.255 -1.674
2.163 6.245 -1.673
2.135 6.099 -1.633
2.173 6.178 -1.656
2.18 6.136 -1.646
2.191 6.104 -1.639
2.206 6.086 -1.636
2.221 6.068 -1.633
2.24 6.061 -1.633
2.248 6.024 -1.624
2.174 7.396 -1.663
2.194 7.38 -1.66
2.186 7.311 -1.645
2.199 7.271 -1.637
2.209 7.219 -1.626
2.222 7.182 -1.618
2.245 7.177 -1.619
2.266 7.163 -1.617
2.287 7.154 -1.617
2.292 7.13 -1.612
2.199 8.89 -1.649
2.207 8.862 -1.644
2.223 8.807 -1.634
2.236 8.741 -1.622
2.252 8.69 -1.614
2.272 8.654 -1.608
2.294 8.628 -1.604
2.306 8.566 -1.593
2.223 10.675 -1.606
2.231 10.545 -1.586
2.259 10.514 -1.582
2.282 10.461 -1.575
2.294 10.44 -1.572
2.317 10.384 -1.564
2.328 10.283 -1.549
2.331 13.844 -1.596
2.352 13.708 -1.58
2.376 13.591 -1.565
2.388 13.539 -1.559
2.424 13.492 -1.554
2.443 13.359 -1.538
5.537 13.524 -1.325
5.544 13.42 -1.315
5.554 13.386 -1.312
5.59 13.354 -1.311
5.557 13.16 -1.291
5.646 13.254 -1.303
5.684 13.227 -1.302
5.709 13.173 -1.298
5.711 13.064 -1.288
5.746 13.088 -1.292
5.779 13.051 -1.29
5.857 13.117 -1.299
5.826 12.939 -1.281
5.894 12.98 -1.288
5.909 12.906 -1.281
5.945 12.878 -1.28
5.894 12.715 -1.263
5.952 12.734 -1.267
6.019 12.773 -1.274
6.047 12.729 -1.271
6.067 12.669 -1.266
6.095 12.625 -1.263
10.817 13.609 -0.78
10.778 13.473 -0.773
10.761 13.366 -0.767
10.821 13.354 -0.769
10.811 13.257 -0.764
10.978 13.417 -0.777
10.961 13.312 -0.772
10.965 13.231 -0.769
10.797 12.947 -0.75
10.826 12.899 -0.749
10.791 12.775 -0.743
10.84 12.752 -0.743
10.826 12.696 -0.74
10.826 12.615 -0.737
10.877 12.594 -0.738
10.826 12.456 -0.73
10.81 12.359 -0.725
10.804 24.996 -0.505
10.749 24.654 -0.497
10.766 24.483 -0.493
10.759 24.259 -0.487
10.741 24.116 -0.484
10.74 23.912 -0.479
10.733 23.696 -0.474
10.744 23.522 -0.47
10.768 23.381 -0.467
10.757 23.164 -0.461
10.773 23.009 -0.458
10.734 22.833 -0.453
