-2.60745 -1.50905 0.165115 -0.00520454
-6.219 2.787 -1.729
-6.233 2.817 -1.736
-6.249 2.848 -1.743
-6.266 2.879 -1.751
-6.267 2.892 -1.752
-6.279 2.921 -1.759
-6.287 2.949 -1.764
-6.294 2.976 -1.769
-6.298 3.002 -1.773
-6.317 3.035 -1.781
-7.05 4.486 -1.813
-7.094 4.53 -1.827
-7.112 4.573 -1.836
-7.124 4.612 -1.843
-7.119 4.641 -1.845
-7.189 4.719 -1.869
-8.248 5.762 -1.823
-8.36 5.879 -1.854
-8.518 6.03 -1.896
-8.648 6.162 -1.931
-8.635 6.194 -1.933
-17.687 7.029 -2.137
-17.7 7.098 -2.142
-17.69 7.159 -2.144
-17.736 7.242 -2.153
-17.685 7.287 -2.149
-17.609 7.32 -2.142
-17.625 7.392 -2.147
-17.668 7.442 -2.154
-17.654 7.502 -2.156
-17.646 7.564 -2.158
-17.617 7.617 -2.157
-17.609 7.679 -2.159
-17.531 7.711 -2.152
-17.505 7.765 -2.152
-17.681 7.876 -2.177
-17.763 7.98 -2.191
-24.831 5.194 -2.292
-24.897 5.289 -2.3
-24.905 5.373 -2.302
-24.921 5.458 -2.306
-24.927 5.541 -2.308
-24.914 5.621 -2.309
-24.996 5.68 -2.318
-25.104 5.788 -2.33
-25.063 5.861 -2.328
-25.033 5.937 -2.327
-25.018 6.017 -2.327
-25.026 6.102 -2.33
-24.941 6.164 -2.323
-24.987 6.259 -2.33
-25.06 6.319 -2.338
-25.044 6.399 -2.339
-25.001 6.471 -2.336
-24.928 6.536 -2.331
-24.917 6.617 -2.332
-24.958 6.712 -2.338
-24.946 6.793 -2.339
-24.976 6.843 -2.344
-5.331 24.824 -1.67
-5.304 25.079 -1.688
-5.279 25.355 -1.707
-5.267 25.698 -1.732
-5.253 26.042 -1.756
-5.198 26.196 -1.767
-5.16 26.218 -1.768
-5.093 40.34 -1.605
-5.057 41.099 -1.638
-5.033 41.994 -1.678
-4.993 42.801 -1.713
-4.914 43.311 -1.735
-4.782 43.362 -1.737
-4.713 43.358 -1.736
