-8.70744 0.535013 -0.0282902 0.000428348
-5.859 5.693 -1.769
-5.869 5.738 -1.778
-5.865 5.77 -1.783
-5.868 5.792 -1.787
-5.862 5.823 -1.791
-5.852 5.849 -1.794
-5.852 5.885 -1.799
-5.822 5.893 -1.796
-5.82 5.928 -1.801
-5.799 5.943 -1.8
-5.798 5.961 -1.803
-5.782 5.982 -1.804
-5.782 6.019 -1.81
-5.766 6.04 -1.811
-5.756 6.068 -1.814
-5.75 6.1 -1.819
-5.735 6.123 -1.82
-5.849 7.721 -1.751
-5.833 7.75 -1.753
-5.812 7.773 -1.755
-5.797 7.804 -1.758
-5.796 7.854 -1.765
-5.803 7.89 -1.772
-5.775 7.903 -1.771
-5.757 7.931 -1.773
-5.75 7.974 -1.779
-5.732 8.002 -1.781
-5.713 8.028 -1.783
-5.711 8.079 -1.791
-5.717 8.114 -1.797
-5.696 8.138 -1.799
-5.67 8.156 -1.799
-5.656 8.19 -1.803
-5.884 9.725 -1.68
-5.897 9.816 -1.693
-5.912 9.876 -1.703
-5.879 9.892 -1.702
-5.867 9.942 -1.708
-5.848 9.981 -1.712
-5.847 10.052 -1.721
-5.831 10.098 -1.726
-5.842 10.19 -1.74
-5.595 14.134 -1.667
-5.591 14.253 -1.68
-5.594 14.393 -1.696
-5.609 14.498 -1.709
-5.617 14.654 -1.727
-5.612 14.779 -1.742
-5.583 37.544 -1.485
-5.543 37.683 -1.49
-5.453 37.898 -1.499
-5.363 38.123 -1.509
-5.27 38.331 -1.517
-5.172 38.522 -1.525
-5.085 38.794 -1.537
-4.96 38.786 -1.536
