1.72847 0.0146867 -0.000725933 1.37304e-05
1.791 3.999 -1.73
1.795 3.973 -1.72
1.803 3.959 -1.717
1.806 3.931 -1.706
1.81 3.909 -1.699
1.818 3.895 -1.695
1.821 3.884 -1.691
1.83 3.871 -1.688
1.845 3.872 -1.691
1.854 3.86 -1.688
1.859 3.839 -1.681
1.881 3.855 -1.691
1.886 3.849 -1.689
1.884 3.815 -1.676
3.091 2.802 -1.51
3.124 2.814 -1.523
3.127 2.799 -1.52
3.072 2.732 -1.486
3.076 2.718 -1.484
3.036 2.665 -1.459
1.766 5.044 -1.7
1.776 5.022 -1.694
1.779 5.007 -1.689
1.781 4.964 -1.676
1.794 4.951 -1.673
1.806 4.935 -1.669
1.816 4.915 -1.664
1.825 4.894 -1.658
1.833 4.891 -1.658
1.846 4.88 -1.656
1.855 4.858 -1.651
1.877 4.868 -1.656
1.882 4.837 -1.647
1.776 5.599 -1.697
1.782 5.557 -1.685
1.781 5.524 -1.675
1.793 5.503 -1.67
1.808 5.489 -1.667
1.821 5.47 -1.663
1.837 5.463 -1.662
1.851 5.448 -1.659
1.858 5.409 -1.649
1.852 5.365 -1.635
1.736 6.495 -1.704
1.754 6.482 -1.701
1.767 6.448 -1.694
1.771 6.421 -1.687
1.775 6.36 -1.671
1.79 6.334 -1.665
1.802 6.3 -1.657
1.819 6.287 -1.655
1.839 6.281 -1.655
1.853 6.293 -1.66
1.863 6.252 -1.65
1.744 7.637 -1.692
1.762 7.603 -1.685
1.775 7.554 -1.674
1.789 7.505 -1.664
1.8 7.446 -1.651
1.822 7.437 -1.65
1.848 7.44 -1.653
1.853 7.411 -1.646
1.872 7.388 -1.642
1.769 9.165 -1.683
1.77 9.097 -1.67
1.787 9.03 -1.658
1.804 8.968 -1.647
1.826 8.93 -1.64
1.845 8.882 -1.632
1.831 10.93 -1.635
1.846 10.911 -1.632
1.867 10.831 -1.62
1.876 10.681 -1.597
1.877 10.491 -1.567
1.681 14.549 -1.674
1.722 14.501 -1.668
1.763 14.46 -1.664
1.774 14.181 -1.629
1.792 13.972 -1.602
5.724 13.093 -1.291
5.728 12.993 -1.282
5.767 12.97 -1.281
5.794 12.923 -1.278
5.8 12.881 -1.274
5.857 12.899 -1.278
5.86 12.799 -1.269
5.885 12.748 -1.265
5.891 12.657 -1.257
5.93 12.637 -1.257
5.994 12.669 -1.263
6.034 12.7 -1.267
6.041 12.615 -1.26
6.043 12.517 -1.251
6.094 12.523 -1.253
6.126 12.488 -1.252
6.183 12.504 -1.256
6.178 12.447 -1.25
6.181 12.354 -1.242
6.186 12.269 -1.234
6.546 18.783 -1.264
6.593 18.726 -1.262
6.645 18.687 -1.26
6.659 18.54 -1.25
6.697 18.463 -1.246
6.762 18.462 -1.247
6.806 18.404 -1.244
6.83 18.378 -1.243
6.803 18.13 -1.225
6.801 17.952 -1.213
3.505 29.955 -1.311
3.59 29.864 -1.307
3.659 29.653 -1.297
3.732 29.478 -1.288
3.76 28.969 -1.263
3.853 28.975 -1.264
3.922 29.141 -1.273
4 29.034 -1.268
4.08 28.94 -1.264
4.16 28.846 -1.26
