-4.20274 -0.0932786 0.00898556 -0.000218364
-4.422 3.091 -1.717
-4.431 3.118 -1.725
-4.427 3.136 -1.727
-4.422 3.154 -1.729
-4.429 3.18 -1.736
-4.428 3.19 -1.738
-4.424 3.208 -1.741
-4.426 3.231 -1.746
-4.427 3.253 -1.75
-4.42 3.269 -1.752
-4.425 3.294 -1.758
-4.422 3.314 -1.761
-4.427 3.329 -1.766
-4.432 3.354 -1.772
-4.485 4.872 -1.676
-4.487 4.905 -1.683
-4.477 4.924 -1.685
-4.486 4.95 -1.692
-4.485 4.98 -1.698
-4.473 4.998 -1.699
-4.475 5.032 -1.707
-4.475 5.064 -1.713
-4.479 5.101 -1.721
-4.462 5.113 -1.721
-4.478 5.148 -1.731
-4.495 6.289 -1.668
-4.5 6.338 -1.678
-4.512 6.397 -1.69
-4.492 6.411 -1.69
-4.491 6.452 -1.698
-4.493 6.498 -1.707
-4.489 6.537 -1.714
-4.487 6.556 -1.717
-4.475 6.583 -1.721
-4.484 8.077 -1.664
-4.485 8.139 -1.675
-4.475 8.181 -1.681
-4.476 8.245 -1.692
-4.473 8.3 -1.701
-4.461 8.309 -1.701
-4.451 8.354 -1.708
-4.447 8.41 -1.717
-4.466 10.088 -1.627
-4.469 10.139 -1.634
-4.469 10.223 -1.646
-4.467 10.308 -1.659
-4.46 10.38 -1.669
-4.451 10.448 -1.678
-4.431 10.493 -1.683
-11.954 11.259 -1.817
-11.952 11.328 -1.822
-11.978 11.388 -1.83
-11.978 11.46 -1.836
-11.982 11.536 -1.843
-11.974 11.601 -1.848
-11.984 11.684 -1.856
-11.975 11.748 -1.86
-11.977 11.825 -1.867
-11.977 11.862 -1.87
-12.292 15.869 -1.771
-12.295 15.976 -1.78
-12.299 16.086 -1.789
-12.297 16.188 -1.797
-12.294 16.29 -1.804
-12.292 16.394 -1.812
-12.299 16.51 -1.822
-12.311 16.581 -1.828
