-4.41456 0.00884634 -0.00554744 0.000441451
-4.419 3.079 -1.714
-4.432 3.109 -1.723
-4.429 3.127 -1.726
-4.429 3.137 -1.728
-4.425 3.156 -1.731
-4.418 3.172 -1.732
-4.422 3.196 -1.738
-4.432 3.224 -1.746
-4.426 3.242 -1.748
-4.428 3.264 -1.753
-4.421 3.27 -1.752
-4.426 3.296 -1.759
-4.434 3.323 -1.767
-4.458 3.718 -1.675
-4.472 3.753 -1.685
-4.463 3.77 -1.687
-4.451 3.784 -1.687
-4.462 3.817 -1.696
-4.467 3.833 -1.7
-4.469 3.859 -1.706
-4.479 3.892 -1.715
-4.465 3.905 -1.714
-4.464 3.929 -1.719
-4.472 3.961 -1.727
-4.466 3.968 -1.727
-4.486 4.997 -1.701
-4.477 5.018 -1.704
-4.482 5.039 -1.709
-4.479 5.068 -1.715
-4.478 5.099 -1.721
-4.477 5.131 -1.727
-4.466 5.151 -1.729
-4.461 5.178 -1.734
-4.468 5.218 -1.743
-4.476 5.244 -1.75
-4.456 5.254 -1.749
-4.453 5.284 -1.754
-4.485 6.38 -1.683
-4.489 6.408 -1.689
-4.484 6.443 -1.695
-4.488 6.492 -1.705
-4.482 6.527 -1.711
-4.47 6.554 -1.715
-4.485 6.619 -1.729
-4.471 6.643 -1.732
-4.477 6.674 -1.738
-4.469 8.171 -1.679
-4.469 8.231 -1.689
-4.458 8.273 -1.695
-4.465 8.349 -1.709
-4.458 8.397 -1.716
-4.447 8.441 -1.723
-4.438 8.488 -1.73
-4.443 8.53 -1.738
-4.44 10.289 -1.654
-4.447 10.351 -1.664
-4.441 10.425 -1.674
-4.439 10.511 -1.687
-4.43 10.583 -1.697
-4.423 10.659 -1.707
-4.398 10.695 -1.711
-12.072 11.441 -1.843
-12.076 11.518 -1.85
-12.074 11.588 -1.855
-12.079 11.666 -1.862
-12.071 11.732 -1.867
-12.09 11.787 -1.874
-12.094 11.865 -1.881
-12.096 11.942 -1.888
-12.099 12.02 -1.895
-12.088 12.085 -1.899
-12.351 16.312 -1.81
-12.383 16.407 -1.819
-12.387 16.519 -1.828
-12.411 16.66 -1.84
-12.414 16.774 -1.85
-12.424 16.898 -1.86
-12.418 17.001 -1.868
-47.234 0.826998 -3.048
-47.442 0.904998 -3.063
-48.079 1.069 -3.107
