1.9661 0.183762 -0.0401691 0.0021811
2.05 3.812 -1.707
2.052 3.788 -1.699
2.052 3.76 -1.689
2.055 3.738 -1.681
2.061 3.72 -1.675
2.068 3.705 -1.672
2.074 3.689 -1.667
2.076 3.68 -1.664
2.092 3.681 -1.668
2.086 3.644 -1.653
1.993 4.3 -1.681
2.003 4.287 -1.678
2.009 4.263 -1.671
2.018 4.249 -1.667
2.02 4.219 -1.657
2.027 4.199 -1.652
2.032 4.194 -1.651
2.041 4.179 -1.647
2.047 4.158 -1.641
2.057 4.145 -1.638
2.072 4.143 -1.64
2.089 4.145 -1.644
2.099 4.132 -1.641
2.101 4.12 -1.637
2.118 4.122 -1.641
2.125 4.103 -1.636
2.14 4.1 -1.637
2.145 4.079 -1.631
2.148 4.054 -1.623
2.157 4.055 -1.625
2.163 4.035 -1.62
2.162 4.004 -1.609
2.18 4.007 -1.613
2.189 3.993 -1.61
2.191 3.969 -1.603
1.942 5.459 -1.672
1.961 5.46 -1.674
1.965 5.443 -1.669
1.978 5.426 -1.666
1.983 5.387 -1.655
1.993 5.361 -1.649
1.998 5.322 -1.638
2.013 5.313 -1.637
2.013 5.288 -1.63
2.031 5.285 -1.631
2.041 5.261 -1.625
2.058 5.256 -1.626
2.077 5.255 -1.627
2.094 5.25 -1.628
2.101 5.221 -1.62
2.103 5.2 -1.614
2.105 5.159 -1.603
2.117 5.14 -1.599
2.124 5.112 -1.592
2.126 5.072 -1.581
1.969 6.321 -1.676
1.965 6.27 -1.662
1.971 6.221 -1.65
1.984 6.194 -1.644
1.989 6.142 -1.631
2.006 6.13 -1.63
2.006 6.064 -1.612
1.939 7.455 -1.661
1.957 7.428 -1.656
1.962 7.399 -1.65
1.97 7.336 -1.637
1.976 7.266 -1.621
1.992 7.235 -1.615
2.013 7.222 -1.613
2.032 7.204 -1.611
1.939 8.978 -1.654
1.965 8.965 -1.652
1.984 8.916 -1.644
1.998 8.845 -1.631
2.007 8.756 -1.615
2.024 8.706 -1.606
2.036 8.695 -1.604
1.962 10.773 -1.614
1.976 10.752 -1.611
1.997 10.676 -1.599
2.006 10.541 -1.579
2.028 10.475 -1.569
2.057 10.451 -1.566
2.085 10.417 -1.562
2.131 13.852 -1.593
2.145 13.656 -1.569
2.168 13.531 -1.553
2.201 13.466 -1.546
2.233 13.394 -1.537
2.232 13.264 -1.521
2.254 13.143 -1.506
3.595 13.7 -1.278
3.627 13.649 -1.274
3.627 13.48 -1.257
3.617 13.277 -1.236
3.689 13.376 -1.248
3.698 13.248 -1.235
3.732 13.207 -1.232
3.755 13.209 -1.233
3.759 13.067 -1.219
8.302 10.15 -0.851
8.238 10.008 -0.839
8.067 9.739 -0.813
8.093 9.707 -0.813
8.129 9.689 -0.814
8.064 9.551 -0.802
8.081 9.54 -0.802
8.116 9.521 -0.802
8.068 9.404 -0.793
8.063 9.34 -0.789
8.068 9.286 -0.786
8.14 9.31 -0.791
8.252 9.379 -0.801
8.09 9.166 -0.78
8.113 9.134 -0.779
8.122 9.086 -0.777
5.285 32.029 -1.426
5.366 31.894 -1.42
5.336 31.111 -1.381
5.346 30.88 -1.37
5.442 30.855 -1.37
5.523 30.752 -1.365
5.613 30.697 -1.363
5.692 30.587 -1.359
