3.0962 -0.0396757 0.00354099 -7.16477e-05
3.001 3.106 -1.703
3.001 3.096 -1.7
3.007 3.082 -1.698
3.009 3.065 -1.693
2.999 3.036 -1.682
3.004 3.023 -1.679
3.011 3.011 -1.678
3.007 2.997 -1.672
3.005 2.977 -1.666
3.015 2.968 -1.666
3.017 2.952 -1.662
3.019 2.935 -1.658
3.016 2.914 -1.651
2.99 3.681 -1.682
2.991 3.659 -1.676
2.981 3.635 -1.667
2.986 3.617 -1.662
2.986 3.595 -1.656
2.993 3.58 -1.653
2.998 3.563 -1.65
2.998 3.541 -1.643
2.993 3.513 -1.634
2.993 3.502 -1.63
2.947 5.844 -1.655
2.954 5.812 -1.649
2.959 5.777 -1.641
2.981 5.775 -1.643
2.972 5.714 -1.627
2.912 5.576 -1.586
2.962 7.056 -1.65
2.971 7.048 -1.649
2.981 7.01 -1.641
2.982 6.95 -1.629
2.977 6.878 -1.613
2.988 6.844 -1.607
2.987 6.783 -1.594
2.946 8.542 -1.625
2.967 8.516 -1.622
2.985 8.481 -1.616
2.99 8.411 -1.604
2.995 8.342 -1.592
2.986 8.276 -1.579
2.989 8.202 -1.566
2.979 10.518 -1.611
2.984 10.41 -1.594
2.969 10.297 -1.577
2.98 10.214 -1.564
2.986 10.115 -1.55
3.031 13.543 -1.576
3.05 13.429 -1.562
3.03 13.247 -1.539
3.034 13.077 -1.518
6.204 2.553 -0.586
6.165 2.526 -0.58
6.063 2.462 -0.566
6.028 2.426 -0.561
6.03 2.405 -0.56
6.034 2.384 -0.56
5.932 2.323 -0.546
5.887 2.285 -0.54
5.848 2.259 -0.534
3.318 20.855 -1.355
3.38 20.823 -1.353
3.439 20.773 -1.35
3.467 20.736 -1.348
3.525 20.682 -1.345
3.582 20.629 -1.341
3.639 20.569 -1.338
3.695 20.512 -1.334
3.755 20.475 -1.333
3.812 20.426 -1.33
3.842 20.408 -1.329
3.903 20.376 -1.327
3.961 20.337 -1.325
4.017 20.283 -1.322
4.071 20.221 -1.319
4.127 20.171 -1.316
4.182 20.117 -1.313
4.203 20.06 -1.309
4.251 19.978 -1.304
5.173 16.309 -0.765
5.167 16.114 -0.754
5.173 15.961 -0.746
5.195 15.86 -0.741
5.165 15.605 -0.726
5.195 15.532 -0.723
5.245 15.599 -0.728
5.22 15.365 -0.715
