2.65686 0.161887 -0.0181767 0.000532713
3.055 4.907 -1.668
3.067 4.891 -1.665
3.063 4.851 -1.654
3.057 4.825 -1.646
3.067 4.807 -1.643
3.065 4.77 -1.633
3.066 4.738 -1.625
3.072 4.715 -1.62
3.073 4.685 -1.613
3.035 5.814 -1.659
3.051 5.799 -1.657
3.058 5.767 -1.651
3.049 5.708 -1.635
3.071 5.705 -1.638
3.07 5.66 -1.627
3.072 5.622 -1.618
3.072 5.601 -1.613
3.077 5.568 -1.606
3.068 6.909 -1.628
3.054 6.849 -1.614
3.041 6.763 -1.595
3.072 6.774 -1.6
3.061 6.694 -1.582
3.068 6.652 -1.574
3.065 8.329 -1.594
3.069 8.261 -1.582
3.072 8.19 -1.569
3.077 8.123 -1.557
3.086 8.072 -1.549
3.079 8.013 -1.538
3.104 8.006 -1.538
3.13 7.998 -1.538
3.153 7.98 -1.537
6.477 2.462 -1.043
6.387 2.405 -1.026
6.304 2.352 -1.009
6.304 2.329 -1.008
6.317 2.311 -1.009
6.304 2.284 -1.005
6.257 2.245 -0.996
6.219 2.221 -0.988
2.987 13.155 -1.526
3.025 13.132 -1.524
3.038 13.096 -1.52
3.08 13.089 -1.52
3.067 12.855 -1.491
3.081 12.737 -1.477
3.088 12.591 -1.459
3.098 12.466 -1.444
6.146 5.923 -0.747
6.149 5.888 -0.744
6.097 5.801 -0.734
6.054 5.742 -0.726
6.072 5.723 -0.726
6.04 5.656 -0.718
5.928 5.517 -0.698
5.94 5.492 -0.697
5.967 5.483 -0.699
5.992 5.471 -0.7
6.125 5.576 -0.719
6.114 5.531 -0.715
6.145 5.524 -0.717
6.161 5.503 -0.716
6.168 5.475 -0.715
6.206 5.474 -0.718
6.151 5.391 -0.707
6.07 5.303 -0.694
5.961 5.174 -0.676
5.538 14.68 -1.058
5.557 14.592 -1.052
5.503 14.382 -1.034
5.532 14.322 -1.031
5.558 14.256 -1.026
5.572 14.161 -1.02
5.612 14.132 -1.019
5.632 14.055 -1.014
5.659 13.995 -1.01
5.639 13.883 -1.001
3.846 26.076 -1.12
3.921 26.014 -1.117
3.953 25.953 -1.115
4.025 25.879 -1.112
4.099 25.817 -1.109
4.171 25.751 -1.106
4.239 25.655 -1.102
4.307 25.57 -1.098
4.379 25.503 -1.096
4.408 25.437 -1.093
4.478 25.366 -1.09
4.548 25.295 -1.087
4.62 25.241 -1.085
4.691 25.18 -1.083
4.762 25.122 -1.08
4.828 25.044 -1.077
4.858 24.987 -1.075
4.928 24.927 -1.072
4.995 24.856 -1.07
5.06 24.776 -1.066
