2.07008 -0.105764 0.0177724 -0.000720889
1.865 3.945 -1.722
1.871 3.925 -1.716
1.877 3.908 -1.71
1.876 3.89 -1.703
1.882 3.871 -1.697
1.888 3.853 -1.692
1.899 3.844 -1.69
1.903 3.823 -1.683
1.914 3.816 -1.682
1.926 3.808 -1.682
1.921 3.785 -1.672
1.938 3.789 -1.677
1.943 3.77 -1.671
1.844 4.463 -1.715
1.847 4.451 -1.711
1.857 4.437 -1.708
1.861 4.407 -1.698
1.869 4.388 -1.692
1.874 4.361 -1.684
1.884 4.347 -1.68
1.891 4.327 -1.674
1.891 4.309 -1.668
1.902 4.298 -1.666
1.916 4.292 -1.666
1.927 4.28 -1.664
4.607 0.437 -1.503
4.545 0.416 -1.481
4.518 0.399 -1.471
4.483 0.382 -1.458
4.479 0.367 -1.457
4.458 0.351 -1.449
1.891 5.594 -1.706
1.897 5.555 -1.695
1.904 5.519 -1.685
1.912 5.484 -1.676
1.929 5.479 -1.676
1.943 5.463 -1.673
1.952 5.435 -1.666
1.966 5.446 -1.671
1.966 5.391 -1.655
2.053 6.274 -1.671
2.064 6.242 -1.663
2.061 6.2 -1.652
2.073 6.171 -1.646
2.085 6.141 -1.639
2.086 6.081 -1.624
2.101 6.062 -1.62
1.946 7.685 -1.713
1.96 7.639 -1.704
1.961 7.591 -1.693
1.975 7.547 -1.684
1.993 7.52 -1.679
2.014 7.504 -1.677
2.037 7.496 -1.676
2.06 7.487 -1.676
2.067 7.419 -1.661
1.964 9.238 -1.704
1.981 9.178 -1.693
2.002 9.133 -1.686
2.024 9.1 -1.681
2.052 9.09 -1.68
2.083 9.093 -1.682
2.094 9.076 -1.679
2.117 9.047 -1.674
2.135 8.994 -1.665
2.15 8.932 -1.654
2.168 8.885 -1.646
2.359 10.656 -1.608
2.363 10.593 -1.598
2.375 10.491 -1.583
2.401 10.454 -1.578
2.448 10.506 -1.588
2.476 10.479 -1.585
2.497 10.422 -1.577
2.5 10.289 -1.556
2.029 14.385 -1.659
2.062 14.292 -1.648
2.093 14.193 -1.636
2.137 14.185 -1.635
2.179 14.158 -1.633
2.22 14.13 -1.63
2.231 14.056 -1.621
2.269 14.01 -1.616
2.309 13.981 -1.613
2.35 13.958 -1.611
2.391 13.935 -1.609
7.237 12.398 -1.298
7.24 12.315 -1.291
7.248 12.241 -1.285
7.252 12.204 -1.281
7.296 12.189 -1.283
7.23 11.995 -1.262
7.249 11.941 -1.258
7.274 11.898 -1.255
7.266 11.802 -1.246
11.093 11.824 -1.1
11.113 11.771 -1.098
11.086 11.669 -1.09
11.119 11.631 -1.09
11.033 11.468 -1.076
11.081 11.482 -1.079
11.11 11.44 -1.078
11.113 11.371 -1.074
11.025 11.211 -1.06
10.963 11.079 -1.049
10.958 13.055 -0.761
10.978 12.996 -0.759
10.971 12.906 -0.755
10.995 12.893 -0.755
10.902 12.704 -0.744
10.942 12.67 -0.744
10.915 12.558 -0.738
10.96 12.53 -0.738
10.974 12.467 -0.736
10.955 12.367 -0.731
10.942 12.314 -0.729
10.913 12.204 -0.723
10.895 12.107 -0.718
10.983 12.128 -0.722
10.979 12.047 -0.719
10.937 11.926 -0.712
10.996 11.915 -0.714
10.917 11.792 -0.706
11.666 50.041 -0.872
11.56 48.891 -0.848
11.627 48.495 -0.841
11.458 47.464 -0.819
