-22.6394 1.59702 -0.0405912 0.00114549
-6.163 9.308 -1.647
-6.14 9.337 -1.649
-6.113 9.359 -1.65
-6.09 9.388 -1.652
-6.08 9.437 -1.657
-6.067 9.45 -1.658
-6.046 9.483 -1.661
-6.02 9.508 -1.662
-6.005 9.55 -1.666
-5.973 9.566 -1.666
-5.948 9.593 -1.667
-5.933 9.635 -1.672
-5.926 9.658 -1.674
-5.897 9.678 -1.674
-5.871 9.705 -1.676
-5.839 9.72 -1.675
-5.8 9.725 -1.673
-5.774 9.751 -1.674
-5.763 9.767 -1.676
-5.731 9.784 -1.675
-5.69 9.783 -1.672
-5.664 9.809 -1.673
-5.662 9.877 -1.683
-5.649 9.927 -1.689
-5.624 9.955 -1.69
-5.61 9.967 -1.691
-5.594 10.012 -1.696
-5.571 10.044 -1.699
-5.537 10.058 -1.698
-5.767 17.515 -1.611
-5.764 17.692 -1.627
-5.742 17.72 -1.629
-5.712 17.818 -1.638
-5.633 17.761 -1.63
-5.581 17.792 -1.631
-5.543 17.867 -1.637
-5.515 17.977 -1.647
-5.502 18.137 -1.661
-5.496 18.218 -1.669
-14.594 18.96 -1.562
-14.615 19.11 -1.571
-14.626 19.249 -1.58
-14.609 19.352 -1.585
-14.633 19.449 -1.592
-14.623 19.562 -1.598
-14.603 19.663 -1.603
-14.601 19.791 -1.611
-14.579 19.891 -1.616
-5.962 38.434 -1.526
-5.865 38.613 -1.533
-5.75 38.67 -1.535
-5.642 38.781 -1.539
-5.537 38.919 -1.545
-5.499 39.09 -1.552
-5.402 39.301 -1.561
-5.286 39.376 -1.563
-5.167 39.428 -1.565
-5.084 39.759 -1.579
