8.17916 -2.69662 0.344379 -0.0143405
1.372 4.089 -1.701
1.379 4.068 -1.693
1.385 4.044 -1.685
1.384 4 -1.667
1.387 3.971 -1.656
1.391 3.962 -1.653
1.401 3.951 -1.65
1.335 4.559 -1.685
1.346 4.544 -1.681
1.354 4.518 -1.672
1.355 4.473 -1.656
1.361 4.442 -1.645
1.362 4.42 -1.637
1.369 4.394 -1.629
2.71 3.696 -1.488
2.717 3.681 -1.485
2.697 3.63 -1.466
2.744 3.668 -1.487
2.729 3.625 -1.472
2.724 3.594 -1.462
2.73 3.591 -1.462
2.725 3.56 -1.453
2.7 3.505 -1.432
1.33 5.555 -1.646
1.33 5.48 -1.624
1.34 5.444 -1.614
1.348 5.403 -1.602
1.36 5.38 -1.596
1.307 6.395 -1.651
1.314 6.325 -1.632
1.319 6.253 -1.613
1.32 6.206 -1.601
1.331 6.164 -1.59
1.347 6.144 -1.586
1.258 7.414 -1.619
1.283 7.416 -1.62
1.292 7.333 -1.602
1.298 7.233 -1.579
1.311 7.173 -1.566
1.207 8.836 -1.602
1.234 8.825 -1.601
1.261 8.815 -1.6
1.279 8.743 -1.586
1.291 8.638 -1.566
1.308 8.562 -1.552
1.314 8.515 -1.544
3.492 8.663 -1.358
3.499 8.6 -1.349
3.518 8.571 -1.346
3.467 8.408 -1.319
3.473 8.348 -1.31
3.552 8.463 -1.332
3.618 8.544 -1.348
3.618 8.471 -1.337
3.607 8.373 -1.322
3.664 8.469 -1.34
3.641 8.341 -1.32
3.641 8.272 -1.31
3.656 8.235 -1.305
3.707 8.279 -1.315
3.722 8.242 -1.311
3.737 8.207 -1.307
1.18 13.352 -1.515
1.2 13.335 -1.513
1.234 13.248 -1.502
1.265 13.141 -1.489
1.304 13.108 -1.485
1.343 13.086 -1.483
1.373 12.977 -1.47
1.392 12.777 -1.445
4.489 13.293 -1.264
4.517 13.238 -1.26
4.557 13.22 -1.259
4.589 13.177 -1.256
4.612 13.112 -1.251
4.644 13.071 -1.248
4.621 12.942 -1.234
4.611 12.787 -1.219
4.656 12.786 -1.22
4.67 12.702 -1.212
7.683 14.202 -1.094
7.713 14.151 -1.092
7.747 14.108 -1.09
7.777 14.057 -1.088
7.812 14.017 -1.086
7.825 13.989 -1.085
7.861 13.951 -1.084
7.894 13.907 -1.082
7.929 13.866 -1.08
7.963 13.824 -1.079
7.995 13.78 -1.077
8.028 13.738 -1.075
8.047 13.72 -1.075
8.068 13.659 -1.072
8.103 13.619 -1.07
8.136 13.579 -1.069
8.168 13.534 -1.067
8.206 13.502 -1.066
8.247 13.474 -1.066
8.246 13.424 -1.063
8.278 13.383 -1.061
8.316 13.35 -1.061
8.356 13.32 -1.06
8.392 13.285 -1.06
8.422 13.24 -1.058
8.463 13.212 -1.058
8.468 13.176 -1.055
8.501 13.135 -1.054
8.536 13.099 -1.053
8.566 13.055 -1.052
8.6 13.018 -1.051
8.641 12.991 -1.051
8.665 12.939 -1.048
8.683 12.922 -1.048
8.715 12.882 -1.047
8.752 12.849 -1.046
8.782 12.807 -1.045
8.819 12.774 -1.044
8.864 12.755 -1.045
8.894 12.712 -1.044
8.91 12.692 -1.043
3.559 23.851 -1.007
3.6 23.616 -0.996
3.632 23.332 -0.982
3.686 22.968 -0.965
3.74 22.842 -0.959
3.774 22.603 -0.947
1.157 46.645 -0.773
1.219 46.222 -0.764
1.351 45.798 -0.756
1.487 45.546 -0.75
1.619 45.245 -0.744
1.757 45.142 -0.742
1.898 45.1 -0.741
2.027 44.818 -0.736
2.083 44.507 -0.729
2.207 44.203 -0.723
