-4.47506 0.0565621 -0.00145071 5.28346e-05
-4.121 9.597 -1.533
-4.11 9.653 -1.541
-4.089 9.69 -1.545
-4.076 9.742 -1.552
-4.087 9.811 -1.562
-4.06 9.834 -1.564
-4.061 9.924 -1.577
-4.033 9.946 -1.579
-4.021 10.004 -1.587
-10.717 10.887 -1.676
-10.726 10.965 -1.684
-10.719 11.027 -1.689
-10.719 11.096 -1.695
-10.722 11.17 -1.702
-10.716 11.233 -1.707
-10.724 11.277 -1.711
-10.734 11.359 -1.719
-10.727 11.423 -1.724
-10.714 11.481 -1.729
-3.793 15.976 -1.413
-3.778 16.141 -1.428
-3.763 16.304 -1.443
-3.745 16.463 -1.458
-3.753 16.614 -1.473
-3.719 16.708 -1.481
-3.671 16.739 -1.483
-3.592 20.48 -1.331
-3.564 20.511 -1.333
-3.536 20.733 -1.348
-3.509 20.968 -1.365
-3.483 21.223 -1.383
-3.457 21.482 -1.402
-3.4 21.561 -1.407
-3.331 21.564 -1.406
