2.02163 -0.0577179 0.00790359 -0.000313462
2.259 3.428 -1.613
2.266 3.416 -1.611
2.233 3.343 -1.578
2.226 3.312 -1.565
2.238 3.307 -1.566
2.257 3.323 -1.576
2.253 3.296 -1.566
2.244 3.26 -1.551
2.25 3.247 -1.548
1.832 4.534 -1.738
1.838 4.51 -1.73
1.844 4.485 -1.723
1.859 4.481 -1.723
1.867 4.459 -1.717
1.871 4.45 -1.714
1.882 4.437 -1.711
1.894 4.426 -1.709
1.907 4.42 -1.709
1.919 4.409 -1.707
1.933 4.403 -1.707
1.941 4.383 -1.701
1.944 4.371 -1.698
1.955 4.36 -1.696
1.962 4.34 -1.69
1.967 4.315 -1.682
1.87 5.083 -1.724
1.873 5.043 -1.712
1.887 5.034 -1.711
1.893 5.024 -1.708
1.911 5.025 -1.711
1.921 5.003 -1.705
1.934 4.992 -1.703
1.933 4.942 -1.687
1.936 4.906 -1.676
1.945 4.884 -1.67
1.814 5.69 -1.727
1.824 5.692 -1.729
1.841 5.681 -1.727
1.855 5.664 -1.723
1.863 5.628 -1.713
1.867 5.582 -1.7
1.877 5.554 -1.693
1.897 5.555 -1.695
1.9 5.534 -1.689
1.915 5.523 -1.688
1.933 5.517 -1.688
1.939 5.48 -1.678
1.949 5.452 -1.671
1.808 6.517 -1.715
1.828 6.51 -1.714
1.848 6.504 -1.714
1.864 6.481 -1.709
1.874 6.442 -1.7
1.884 6.399 -1.689
1.893 6.392 -1.688
1.91 6.377 -1.686
1.932 6.377 -1.687
1.951 6.369 -1.687
1.97 6.357 -1.685
1.984 6.332 -1.68
1.998 6.308 -1.675
2.002 6.286 -1.669
2.008 6.236 -1.657
1.863 7.657 -1.702
1.868 7.624 -1.695
1.881 7.576 -1.685
1.895 7.529 -1.675
1.917 7.517 -1.674
1.925 7.451 -1.66
1.95 7.45 -1.661
1.969 7.427 -1.657
1.968 7.377 -1.646
1.993 9.023 -1.665
2.008 8.957 -1.653
2.015 8.859 -1.635
2.026 8.776 -1.619
2.031 8.674 -1.6
1.856 11.082 -1.659
1.873 10.969 -1.642
1.899 10.914 -1.634
1.93 10.889 -1.631
1.955 10.83 -1.622
1.974 10.74 -1.609
1.825 14.23 -1.636
1.87 14.226 -1.636
1.897 14.087 -1.619
1.919 13.925 -1.599
1.96 13.902 -1.596
1.99 13.801 -1.584
2.023 13.724 -1.575
7.504 12.535 -1.325
7.51 12.457 -1.318
7.521 12.432 -1.316
7.463 12.249 -1.297
7.508 12.235 -1.298
7.619 12.33 -1.313
7.58 12.181 -1.297
7.585 12.105 -1.291
7.528 11.89 -1.269
1.841 24.711 -1.625
1.899 24.457 -1.606
1.945 24.055 -1.577
2.014 23.967 -1.571
2.064 23.675 -1.55
2.091 23.13 -1.51
4.191 30.072 -1.321
4.268 29.936 -1.315
4.366 29.954 -1.316
4.45 29.867 -1.313
4.503 29.589 -1.299
4.515 29.354 -1.288
4.579 29.159 -1.278
4.653 29.032 -1.273
4.729 28.928 -1.268
