-6.22728 0.04125 -0.00189292 4.08463e-05
-6.12 5.292 -1.751
-6.116 5.321 -1.755
-6.108 5.348 -1.757
-6.1 5.375 -1.76
-6.09 5.401 -1.762
-6.083 5.429 -1.766
-6.076 5.44 -1.766
-6.055 5.455 -1.765
-6.04 5.476 -1.766
-6.023 5.495 -1.766
-6.012 5.52 -1.767
-6.003 5.546 -1.77
-5.994 5.573 -1.773
-5.994 5.59 -1.776
-5.988 5.62 -1.779
-5.987 5.655 -1.785
-5.98 5.684 -1.788
-5.972 5.712 -1.791
-5.97 5.746 -1.796
-5.949 5.762 -1.795
-5.96 5.79 -1.802
-6.072 7.394 -1.728
-6.089 7.439 -1.737
-6.086 7.482 -1.743
-6.075 7.517 -1.747
-6.068 7.557 -1.752
-6.047 7.579 -1.753
-6.034 7.612 -1.756
-6.011 7.632 -1.757
-6.002 7.645 -1.757
-5.977 7.662 -1.757
-5.961 7.692 -1.76
-5.948 7.724 -1.763
-5.95 7.777 -1.771
-5.933 7.807 -1.774
-5.915 7.833 -1.776
-5.919 7.864 -1.781
-5.905 7.897 -1.785
-5.879 7.914 -1.784
-6.048 9.856 -1.711
-6.04 9.912 -1.718
-6.018 9.946 -1.721
-6.003 9.992 -1.726
-5.989 10.04 -1.731
-5.959 10.062 -1.732
-5.935 10.093 -1.734
-5.93 10.121 -1.737
-5.919 10.175 -1.744
-5.92 10.25 -1.754
-5.908 10.304 -1.761
-5.938 14.273 -1.699
-5.924 14.365 -1.708
-5.911 14.463 -1.719
-5.883 14.523 -1.724
-5.878 14.577 -1.73
-5.857 14.658 -1.739
-5.843 14.756 -1.749
-5.808 14.803 -1.753
-5.858 18.076 -1.666
-5.826 18.172 -1.674
-5.814 18.33 -1.689
-5.794 18.468 -1.701
-5.767 18.587 -1.711
-5.746 18.725 -1.724
-5.698 18.779 -1.727
-5.819 23.481 -1.581
-5.776 23.625 -1.591
-5.733 23.773 -1.601
-5.734 24.105 -1.624
-5.756 24.541 -1.656
-5.777 24.98 -1.688
