-1.87165 1.86724 -0.113834 0.00181886
5.964 1.81 -1.57
5.932 1.789 -1.561
5.895 1.758 -1.548
5.895 1.738 -1.547
5.876 1.712 -1.54
5.874 1.691 -1.538
5.846 1.663 -1.529
5.825 1.638 -1.521
5.841 1.632 -1.525
5.844 1.613 -1.524
5.869 1.601 -1.53
5.874 1.582 -1.53
5.868 1.561 -1.527
5.851 1.536 -1.521
5.9 1.53 -1.533
5.843 1.505 -1.516
5.842 1.485 -1.515
5.832 1.463 -1.511
5.861 1.45 -1.518
5.809 1.418 -1.502
5.242 5.743 -1.678
5.243 5.708 -1.672
5.239 5.668 -1.665
5.294 5.692 -1.678
5.18 5.551 -1.636
5.096 5.426 -1.601
6.314 7.042 -1.707
6.284 6.987 -1.695
6.253 6.907 -1.679
6.15 6.751 -1.644
6.084 6.636 -1.619
6.064 6.572 -1.607
7.533 7.469 -1.559
7.499 7.388 -1.546
7.481 7.324 -1.537
7.572 7.367 -1.552
7.5 7.251 -1.531
7.512 7.216 -1.529
7.532 7.19 -1.528
7.574 7.208 -1.535
7.458 7.052 -1.505
12.901 13.935 -1.665
12.915 13.862 -1.661
12.639 13.48 -1.615
12.45 13.195 -1.582
20.309 9.308 -1.445
20.244 9.201 -1.437
20.176 9.132 -1.431
20.063 9.005 -1.419
20.02 8.91 -1.413
19.973 8.814 -1.407
19.882 8.699 -1.398
19.825 8.6 -1.391
33.019 14.905 -1.615
32.835 14.76 -1.604
32.681 14.567 -1.593
32.617 14.415 -1.587
32.479 14.233 -1.577
32.43 14.09 -1.572
32.366 13.941 -1.566
32.261 13.776 -1.558
