2.01941 -0.0374789 0.00448786 -0.000146403
1.883 4.44 -1.713
1.891 4.419 -1.706
1.895 4.409 -1.703
1.902 4.389 -1.698
1.909 4.368 -1.691
1.917 4.348 -1.686
1.931 4.344 -1.686
1.944 4.336 -1.686
1.95 4.313 -1.679
1.955 4.307 -1.677
1.959 4.28 -1.669
1.973 4.274 -1.669
1.98 4.254 -1.663
1.991 4.243 -1.661
2 4.228 -1.657
1.878 5.032 -1.709
1.89 5.017 -1.705
1.898 4.99 -1.698
1.907 4.968 -1.692
1.904 4.938 -1.682
1.921 4.934 -1.683
1.929 4.911 -1.676
1.943 4.901 -1.675
1.961 4.9 -1.677
1.972 4.885 -1.674
1.977 4.853 -1.664
1.977 4.83 -1.657
1.857 5.609 -1.707
1.864 5.601 -1.705
1.878 5.586 -1.703
1.898 5.587 -1.705
1.905 5.551 -1.695
1.91 5.508 -1.683
1.924 5.492 -1.679
1.941 5.484 -1.679
1.945 5.468 -1.675
1.964 5.467 -1.676
1.981 5.461 -1.676
1.994 5.444 -1.673
2.009 5.432 -1.671
2.013 5.39 -1.659
2.025 5.369 -1.655
2.027 5.35 -1.649
2.026 6.224 -1.655
2.025 6.189 -1.646
2.032 6.142 -1.635
2.042 6.109 -1.627
2.043 6.047 -1.611
2.051 6.01 -1.602
1.889 7.609 -1.693
1.907 7.578 -1.687
1.917 7.519 -1.674
1.923 7.49 -1.668
1.938 7.452 -1.66
1.958 7.432 -1.657
1.98 7.42 -1.656
1.997 7.393 -1.651
2.003 7.323 -1.636
1.911 9.06 -1.668
1.931 9.014 -1.66
1.944 8.935 -1.646
1.964 8.89 -1.638
1.993 8.892 -1.64
1.999 8.852 -1.633
2.008 8.764 -1.616
1.906 10.953 -1.64
1.909 10.868 -1.627
1.928 10.779 -1.614
1.947 10.691 -1.6
1.963 10.586 -1.584
1.983 10.511 -1.573
1.901 14.12 -1.623
1.943 14.094 -1.62
1.946 13.956 -1.603
1.98 13.883 -1.594
2.019 13.845 -1.59
2.044 13.715 -1.574
2.059 13.53 -1.551
11.249 6.065 -1.134
11.222 6.005 -1.128
10.967 5.825 -1.096
11.237 5.922 -1.126
11.139 5.826 -1.112
11.115 5.769 -1.107
11.046 5.69 -1.097
10.873 5.579 -1.075
1.736 24.331 -1.596
1.809 24.272 -1.592
1.862 23.97 -1.57
1.856 23.412 -1.529
1.97 23.903 -1.566
2.015 23.535 -1.539
2.074 23.363 -1.527
2.118 23.033 -1.503
3.596 29.916 -1.309
3.658 29.643 -1.296
3.702 29.245 -1.277
3.811 29.362 -1.283
3.895 29.29 -1.28
3.956 29.046 -1.268
4.022 28.855 -1.259
