22.9069 -2.952 0.105969 -0.0012005
-10.966 13.713 -1.524
-10.933 13.759 -1.526
-10.924 13.837 -1.531
-10.903 13.9 -1.535
-10.874 13.953 -1.537
-10.816 13.968 -1.535
-10.826 14.028 -1.54
-10.856 14.158 -1.552
-10.826 14.211 -1.555
-10.791 14.257 -1.556
-10.757 14.305 -1.558
-10.721 14.35 -1.559
-10.697 14.413 -1.563
-10.682 14.441 -1.564
-10.641 14.479 -1.565
-10.6 14.519 -1.565
-10.561 14.562 -1.567
-10.539 14.627 -1.571
-10.522 14.7 -1.575
-3.609 20.767 -1.352
-3.562 20.884 -1.36
-3.563 21.088 -1.375
-3.539 21.353 -1.394
-3.514 21.618 -1.413
-3.479 21.838 -1.428
-3.422 21.919 -1.433
-3.036 28.391 -1.23
-2.951 28.442 -1.232
-2.893 28.756 -1.248
-2.84 29.148 -1.267
-2.787 29.561 -1.287
-2.716 29.81 -1.299
-2.67 29.822 -1.3
