0.584656 0.394335 -0.0305426 0.000676332
1.949 3.794 -1.681
1.957 3.782 -1.678
1.966 3.771 -1.675
1.976 3.76 -1.673
1.963 3.722 -1.657
1.96 3.689 -1.644
1.978 3.694 -1.649
1.983 3.676 -1.644
1.991 3.663 -1.64
2 3.652 -1.638
2.022 3.665 -1.647
2.007 3.625 -1.63
1.825 4.517 -1.731
1.825 4.499 -1.725
1.832 4.474 -1.717
1.839 4.451 -1.71
1.848 4.435 -1.706
1.855 4.412 -1.699
1.862 4.39 -1.692
1.87 4.371 -1.686
1.873 4.359 -1.683
1.871 4.317 -1.668
1.787 5.105 -1.721
1.802 5.095 -1.72
1.815 5.083 -1.718
1.832 5.079 -1.718
1.833 5.056 -1.711
1.834 5.011 -1.697
1.826 4.942 -1.674
1.824 4.89 -1.657
1.82 5.678 -1.724
1.836 5.668 -1.723
1.845 5.633 -1.713
1.845 5.603 -1.704
1.852 5.565 -1.694
1.863 5.539 -1.687
1.873 5.513 -1.681
1.889 5.502 -1.679
1.892 5.456 -1.666
1.834 6.532 -1.72
1.836 6.499 -1.712
1.839 6.434 -1.695
1.861 6.432 -1.696
1.87 6.389 -1.686
1.882 6.353 -1.677
1.899 6.338 -1.675
1.912 6.308 -1.668
1.763 7.777 -1.724
1.773 7.71 -1.71
1.788 7.663 -1.7
1.797 7.647 -1.697
1.822 7.645 -1.697
1.846 7.639 -1.697
1.866 7.616 -1.693
1.884 7.586 -1.688
1.904 7.567 -1.684
1.923 7.542 -1.68
1.937 7.548 -1.682
1.964 7.553 -1.685
1.986 7.542 -1.683
2.008 7.528 -1.682
2.023 7.488 -1.674
2.039 7.455 -1.667
1.746 9.368 -1.72
1.765 9.304 -1.709
1.782 9.237 -1.697
1.81 9.227 -1.696
1.834 9.195 -1.691
1.865 9.198 -1.693
1.878 9.19 -1.692
1.903 9.163 -1.687
1.921 9.105 -1.677
1.952 9.11 -1.679
1.964 9.027 -1.664
1.835 11.399 -1.708
1.864 11.349 -1.701
1.878 11.212 -1.68
1.901 11.136 -1.669
1.931 11.101 -1.664
1.942 11.061 -1.658
1.944 10.87 -1.628
1.805 14.799 -1.707
1.847 14.763 -1.704
1.885 14.69 -1.695
1.92 14.598 -1.684
1.947 14.456 -1.666
1.981 14.366 -1.655
10.387 9.501 -1.269
10.391 9.475 -1.268
10.395 9.418 -1.264
10.432 9.392 -1.265
10.433 9.334 -1.261
10.377 9.226 -1.249
10.436 9.22 -1.253
10.414 9.143 -1.246
10.445 9.141 -1.248
10.454 9.091 -1.246
10.472 9.049 -1.244
10.476 8.995 -1.241
10.491 8.951 -1.239
10.511 8.911 -1.238
10.522 8.892 -1.238
10.471 8.793 -1.227
10.518 8.776 -1.23
10.481 8.69 -1.221
10.476 8.631 -1.217
1.908 25.63 -1.693
1.963 25.282 -1.667
1.993 25.158 -1.658
2.052 24.903 -1.64
2.1 24.541 -1.614
2.16 24.335 -1.599
7.385 27.47 -1.225
7.394 27.163 -1.21
7.518 27.281 -1.217
7.529 26.987 -1.203
7.596 26.9 -1.2
7.629 26.697 -1.191
7.554 26.276 -1.169
7.554 25.969 -1.154
5.303 64.925 -1.161
5.493 64.747 -1.157
5.69 64.658 -1.156
6.078 63.365 -1.13
6.26 63.179 -1.126
6.43 62.874 -1.12
6.634 62.915 -1.121
6.868 63.23 -1.129
6.943 62.103 -1.105
