-6.66537 0.0837627 -0.00345277 4.85439e-05
-6.17 7.3 -1.726
-6.159 7.335 -1.73
-6.168 7.368 -1.736
-6.144 7.386 -1.736
-6.133 7.421 -1.739
-6.097 7.425 -1.736
-6.084 7.456 -1.739
-6.067 7.483 -1.741
-6.052 7.512 -1.743
-6.05 7.534 -1.746
-6.036 7.565 -1.749
-6.032 7.609 -1.755
-6.025 7.649 -1.761
-6.026 7.701 -1.769
-6.015 7.736 -1.773
-6.004 7.772 -1.777
-6.168 9.639 -1.692
-6.154 9.685 -1.697
-6.134 9.719 -1.7
-6.132 9.751 -1.704
-6.125 9.808 -1.711
-6.106 9.846 -1.715
-6.089 9.887 -1.719
-6.059 9.908 -1.719
-6.042 9.95 -1.723
-6.035 10.01 -1.731
-6.035 10.045 -1.736
-6.022 10.096 -1.742
-6.003 10.135 -1.745
-5.976 10.162 -1.747
-6.107 13.994 -1.675
-6.088 14.07 -1.683
-6.063 14.134 -1.689
-6.039 14.201 -1.695
-6.016 14.271 -1.702
-5.982 14.315 -1.705
-5.968 14.407 -1.715
-5.968 14.472 -1.723
-5.951 14.56 -1.732
-5.997 17.835 -1.648
-5.982 17.975 -1.661
-5.965 18.114 -1.673
-5.918 18.163 -1.676
-5.893 18.28 -1.686
-5.867 18.397 -1.696
-5.821 18.453 -1.7
-14.202 26.238 -1.295
-14.237 26.501 -1.307
-14.202 26.635 -1.312
-14.182 26.8 -1.319
-14.177 26.995 -1.327
-14.221 27.287 -1.341
-14.25 27.553 -1.354
