1.34288 -0.00681073 -0.000488226 6.58929e-06
4.19 0.196 -1.519
4.185 0.183 -1.517
4.163 0.175 -1.508
4.147 0.161 -1.502
4.086 0.146 -1.478
4.166 0.136 -1.509
4.15 0.122 -1.502
4.108 0.108 -1.486
4.069 0.0940002 -1.47
4.071 0.0870002 -1.471
4.032 0.0740002 -1.456
4.6 0.768 -1.516
4.54 0.75 -1.494
4.578 0.727 -1.506
4.577 0.712 -1.505
4.659 0.71 -1.533
4.568 0.681 -1.5
4.567 0.666 -1.499
4.592 0.663 -1.507
4.532 0.639 -1.486
4.521 0.623 -1.481
4.572 0.616 -1.498
4.489 0.59 -1.468
4.45 0.57 -1.454
1.375 5.552 -1.649
1.391 5.54 -1.646
1.403 5.515 -1.64
1.405 5.451 -1.621
1.427 5.464 -1.626
1.44 5.444 -1.622
1.442 5.418 -1.614
1.452 5.384 -1.604
1.456 5.333 -1.59
1.219 6.601 -1.701
1.23 6.544 -1.686
1.244 6.502 -1.676
1.255 6.451 -1.663
1.268 6.407 -1.652
1.281 6.421 -1.656
1.298 6.401 -1.652
1.318 6.397 -1.652
1.338 6.391 -1.651
1.352 6.359 -1.643
1.18 7.768 -1.697
1.191 7.759 -1.695
1.212 7.734 -1.69
1.224 7.651 -1.672
1.238 7.587 -1.658
1.255 7.539 -1.647
1.145 9.254 -1.681
1.175 9.256 -1.682
1.2 9.223 -1.676
1.216 9.118 -1.657
1.237 9.056 -1.645
1.259 9.011 -1.637
1.271 8.992 -1.634
1.3 8.992 -1.635
1.326 8.974 -1.632
1.352 8.956 -1.629
1.133 11.113 -1.649
1.16 11.039 -1.637
1.181 10.904 -1.616
1.209 10.845 -1.608
1.242 10.829 -1.606
1.258 10.818 -1.604
1.29 10.798 -1.602
1.309 10.67 -1.582
1.143 14.176 -1.62
1.172 13.99 -1.596
1.21 13.923 -1.588
1.249 13.87 -1.582
1.278 13.71 -1.562
0.697999 33.915 -1.5
0.804999 33.955 -1.502
0.903998 33.643 -1.486
0.992999 33.065 -1.457
1.091 32.882 -1.448
1.188 32.7 -1.439
1.287 32.605 -1.435
1.334 32.511 -1.43
