-9.3409 1.49427 -0.193122 0.00691703
-5.878 4.65 -1.613
-5.873 4.675 -1.616
-5.875 4.707 -1.621
-5.869 4.733 -1.623
-5.862 4.757 -1.626
-5.857 4.784 -1.629
-5.868 4.808 -1.634
-5.874 4.844 -1.641
-5.872 4.873 -1.645
-5.871 4.903 -1.649
-5.873 4.937 -1.654
-5.865 4.961 -1.656
-5.863 4.991 -1.66
-5.867 5.01 -1.664
-6.088 6.311 -1.573
-6.108 6.371 -1.584
-6.104 6.408 -1.589
-6.115 6.459 -1.598
-6.132 6.519 -1.608
-6.148 6.576 -1.619
-6.158 6.608 -1.624
-6.171 6.663 -1.634
-6.775 8.157 -1.559
-6.807 8.247 -1.573
-6.87 8.376 -1.595
-6.891 8.456 -1.607
-6.886 8.504 -1.612
-14.833 9.562 -1.533
-14.823 9.622 -1.536
-14.799 9.673 -1.536
-14.815 9.75 -1.542
-14.796 9.804 -1.543
-14.797 9.871 -1.547
-14.806 9.911 -1.55
-14.788 9.967 -1.551
-14.755 10.012 -1.551
-14.717 10.054 -1.55
-14.698 10.109 -1.552
-14.637 10.135 -1.548
-14.649 10.211 -1.554
-14.617 10.223 -1.552
-14.606 10.284 -1.554
-14.567 10.325 -1.554
-14.578 10.402 -1.559
-14.557 10.456 -1.56
-14.556 10.524 -1.564
-14.531 10.576 -1.565
-14.545 10.621 -1.569
-14.547 10.693 -1.573
-14.531 10.751 -1.575
-14.491 10.792 -1.574
-14.484 10.858 -1.578
-14.445 10.9 -1.577
-14.431 10.961 -1.58
-14.447 11.009 -1.584
-13.987 32.46 -1.368
-14.007 32.647 -1.376
-13.989 32.891 -1.386
-13.979 33.156 -1.397
-13.964 33.414 -1.407
-13.945 33.666 -1.417
-13.891 33.836 -1.423
-13.802 33.922 -1.425
-13.994 34.346 -0.573
-13.994 34.659 -0.579
-13.939 34.837 -0.582
-13.917 35.101 -0.587
-13.95 35.346 -0.592
-13.963 35.711 -0.599
-13.957 36.028 -0.605
-13.99 36.453 -0.614
-14.121 37.144 -0.628
