-4.38789 -0.000210833 -0.00188078 0.000123535
-4.397 4.762 -1.638
-4.467 4.868 -1.672
-4.495 4.913 -1.686
-4.482 4.93 -1.687
-4.478 4.957 -1.692
-4.46 4.968 -1.691
-4.46 4.999 -1.697
-4.449 5.019 -1.699
-4.45 5.052 -1.706
-4.459 6.219 -1.65
-4.468 6.273 -1.661
-4.455 6.296 -1.664
-4.451 6.332 -1.67
-4.465 6.394 -1.683
-4.447 6.411 -1.684
-4.457 6.447 -1.692
-4.459 6.493 -1.701
-4.452 6.526 -1.707
-4.478 7.977 -1.647
-4.466 8.015 -1.652
-4.459 8.062 -1.659
-4.469 8.139 -1.673
-4.457 8.179 -1.679
-4.449 8.226 -1.686
-4.464 8.283 -1.697
-4.472 9.893 -1.599
-4.475 9.983 -1.612
-4.478 10.031 -1.619
-4.474 10.106 -1.63
-4.474 10.193 -1.642
-4.459 10.245 -1.649
-4.438 10.284 -1.653
-4.401 12.999 -1.556
-4.395 13.116 -1.57
-4.389 13.237 -1.584
-4.405 13.357 -1.6
-4.39 13.452 -1.611
-4.368 13.53 -1.619
-4.331 13.561 -1.621
-4.36 16.716 -1.497
-4.35 16.892 -1.513
-4.337 17.064 -1.529
-4.314 17.199 -1.541
-4.298 17.365 -1.557
-4.275 17.391 -1.559
-4.225 17.422 -1.561
-4.178 17.468 -1.564
-4.097 17.37 -1.553
-12.556 21.643 -1.642
-12.555 21.798 -1.652
-12.593 22.024 -1.668
-12.638 22.265 -1.685
-12.78 22.595 -1.712
-12.844 22.875 -1.732
-12.777 22.926 -1.733
