2.93759 -0.161416 0.00914036 -0.00015666
1.942 4.944 -1.689
1.956 4.933 -1.687
1.959 4.895 -1.675
1.971 4.882 -1.673
1.971 4.861 -1.666
1.987 4.857 -1.667
1.993 4.828 -1.658
2.011 4.828 -1.661
2.024 4.817 -1.659
2.039 4.81 -1.659
2.051 4.795 -1.656
2.067 4.811 -1.663
2.076 4.791 -1.658
2.089 4.781 -1.656
2.097 4.758 -1.651
2.108 4.743 -1.647
2.129 4.749 -1.652
2.128 4.708 -1.639
2.134 4.701 -1.638
1.936 5.528 -1.691
1.945 5.525 -1.691
1.959 5.508 -1.688
1.962 5.462 -1.675
1.973 5.438 -1.669
1.983 5.412 -1.662
2.001 5.409 -1.663
2.017 5.401 -1.663
2.025 5.396 -1.662
2.041 5.386 -1.661
2.06 5.385 -1.663
2.072 5.366 -1.659
2.093 5.37 -1.662
2.101 5.342 -1.655
2.105 5.328 -1.652
2.122 5.321 -1.652
2.136 5.308 -1.649
2.155 5.306 -1.651
2.167 5.289 -1.648
2.185 5.286 -1.649
2.192 5.254 -1.64
2.198 5.245 -1.639
2.208 5.224 -1.634
2.221 5.208 -1.631
1.952 6.336 -1.678
1.959 6.287 -1.666
1.971 6.255 -1.659
1.989 6.245 -1.658
2.006 6.23 -1.655
2.014 6.221 -1.654
2.037 6.226 -1.657
2.051 6.203 -1.652
2.074 6.206 -1.655
2.09 6.19 -1.652
2.108 6.178 -1.651
2.128 6.173 -1.651
2.136 6.164 -1.65
2.145 6.128 -1.641
2.169 6.136 -1.645
2.184 6.117 -1.642
2.203 6.108 -1.641
2.217 6.086 -1.637
2.232 6.069 -1.634
2.239 6.06 -1.632
2.258 6.051 -1.632
2.274 6.036 -1.63
2.29 6.02 -1.627
1.914 9.072 -1.671
1.94 9.053 -1.668
1.951 8.968 -1.652
1.97 8.919 -1.644
1.984 8.914 -1.644
2.009 8.896 -1.641
2.037 8.89 -1.641
2.065 8.886 -1.642
2.091 8.868 -1.639
2.12 8.867 -1.641
2.143 8.841 -1.637
2.15 8.811 -1.631
2.17 8.77 -1.625
2.203 8.786 -1.629
2.222 8.744 -1.622
2.252 8.749 -1.625
2.275 8.723 -1.621
2.3 8.708 -1.619
1.896 11.107 -1.664
1.902 11.034 -1.653
1.923 10.95 -1.64
1.949 10.899 -1.633
1.983 10.891 -1.633
2.014 10.863 -1.629
2.05 10.867 -1.631
2.084 10.864 -1.631
2.094 10.824 -1.625
2.127 10.81 -1.624
2.161 10.803 -1.624
2.187 10.759 -1.618
2.221 10.75 -1.618
2.251 10.724 -1.615
2.282 10.705 -1.613
2.293 10.675 -1.609
7.293 7.656 -1.227
7.224 7.535 -1.209
7.161 7.422 -1.192
7.322 7.542 -1.219
7.248 7.443 -1.202
7.244 7.391 -1.197
7.259 7.36 -1.195
7.166 7.22 -1.173
6.632 13.047 -1.327
6.668 13.017 -1.326
6.701 12.98 -1.324
6.737 12.95 -1.323
6.773 12.92 -1.322
6.801 12.874 -1.319
6.833 12.837 -1.318
6.844 12.81 -1.316
6.875 12.771 -1.314
6.915 12.75 -1.314
6.946 12.711 -1.312
6.969 12.659 -1.308
7.005 12.63 -1.307
7.037 12.594 -1.306
7.044 12.561 -1.303
7.075 12.525 -1.301
7.105 12.485 -1.299
7.134 12.445 -1.297
7.166 12.411 -1.296
7.199 12.378 -1.294
7.222 12.328 -1.291
7.237 12.31 -1.29
7.264 12.266 -1.288
7.29 12.223 -1.285
7.322 12.19 -1.284
7.343 12.138 -1.28
7.369 12.096 -1.278
7.378 12.068 -1.276
1.738 24.359 -1.598
1.777 24.362 -1.599
1.853 24.35 -1.598
1.923 24.267 -1.592
1.967 23.859 -1.563
2.037 23.799 -1.559
2.091 23.552 -1.541
2.151 23.395 -1.53
4.027 29.929 -1.313
4.087 29.663 -1.3
4.177 29.63 -1.299
4.199 29.121 -1.274
4.3 29.171 -1.277
4.384 29.108 -1.274
4.485 29.159 -1.278
4.457 28.674 -1.254
10.779 24.724 -0.499
10.791 24.54 -0.494
10.805 24.363 -0.49
10.861 24.283 -0.489
10.97 24.322 -0.491
10.914 23.996 -0.483
10.855 23.669 -0.474
10.825 23.505 -0.47
10.79 23.235 -0.463
10.852 23.177 -0.463
10.957 23.212 -0.465
10.851 22.802 -0.454
10.879 22.675 -0.451
10.832 22.396 -0.444
