-5.79885 0.298325 -0.0918676 0.0084087
-5.536 3.652 -1.679
-5.539 3.679 -1.684
-5.535 3.702 -1.686
-5.534 3.714 -1.688
-5.535 3.74 -1.692
-5.533 3.764 -1.695
-5.536 3.791 -1.7
-5.532 3.814 -1.703
-5.521 3.832 -1.703
-5.523 3.859 -1.708
-5.535 3.88 -1.714
-5.532 3.904 -1.717
-5.524 3.925 -1.718
-5.533 3.957 -1.725
-5.515 3.971 -1.723
-5.509 3.992 -1.726
-5.504 4.015 -1.728
-5.507 4.031 -1.731
-9.174 6.165 -1.63
-9.169 6.203 -1.633
-9.166 6.243 -1.636
-9.187 6.3 -1.644
-9.301 6.42 -1.669
-9.342 6.492 -1.681
-6.676 7.036 -1.109
-6.676 7.08 -1.113
-6.67 7.118 -1.117
-6.664 7.156 -1.12
-6.659 7.196 -1.123
-6.655 7.237 -1.127
-6.647 7.274 -1.13
-6.657 7.308 -1.134
-6.637 7.332 -1.135
-6.625 7.366 -1.137
-6.633 7.421 -1.143
-6.636 7.471 -1.149
-6.624 7.505 -1.151
-6.613 7.612 -1.161
-15.837 18.384 -1.015
-15.858 18.466 -1.019
-15.863 18.59 -1.024
-15.86 18.705 -1.028
-15.853 18.816 -1.032
-15.855 18.939 -1.037
-15.848 19.052 -1.041
-15.844 19.169 -1.045
-15.879 19.273 -1.05
-15.865 19.38 -1.054
-15.868 19.507 -1.059
-15.867 19.631 -1.064
-15.87 19.762 -1.069
