1.9161 -0.048927 0.00330551 -6.06956e-05
1.727 4.041 -1.735
1.728 4.025 -1.729
1.731 3.999 -1.72
1.742 3.99 -1.718
1.739 3.949 -1.702
1.75 3.94 -1.7
1.765 3.94 -1.703
1.764 3.922 -1.696
1.775 3.913 -1.694
1.788 3.909 -1.695
1.792 3.887 -1.687
1.804 3.881 -1.687
1.815 3.872 -1.685
1.822 3.855 -1.68
1.82 3.837 -1.673
1.689 4.548 -1.723
1.697 4.527 -1.717
1.71 4.516 -1.715
1.708 4.491 -1.706
1.716 4.47 -1.699
1.712 4.419 -1.681
1.718 4.394 -1.673
1.701 5.114 -1.715
1.714 5.1 -1.712
1.714 5.076 -1.704
1.716 5.029 -1.689
1.728 5.013 -1.685
1.739 4.993 -1.68
1.751 4.977 -1.676
1.762 4.959 -1.672
1.777 4.953 -1.672
1.772 4.915 -1.659
1.662 5.738 -1.727
1.678 5.727 -1.726
1.692 5.707 -1.721
1.702 5.674 -1.712
1.71 5.638 -1.702
1.716 5.594 -1.689
1.717 5.566 -1.681
1.731 5.547 -1.677
1.746 5.535 -1.675
1.694 6.589 -1.726
1.693 6.54 -1.712
1.701 6.486 -1.699
1.711 6.443 -1.688
1.724 6.41 -1.68
1.739 6.386 -1.675
1.664 7.793 -1.723
1.675 7.786 -1.722
1.695 7.76 -1.717
1.704 7.686 -1.701
1.711 7.603 -1.682
1.729 7.571 -1.676
1.745 7.531 -1.668
1.657 9.378 -1.719
1.685 9.367 -1.718
1.685 9.281 -1.702
1.701 9.206 -1.688
1.714 9.11 -1.67
1.736 9.07 -1.663
1.578 11.392 -1.701
1.607 11.336 -1.693
1.639 11.31 -1.689
1.67 11.275 -1.685
1.685 11.129 -1.662
1.708 11.05 -1.65
1.685 14.581 -1.678
1.701 14.521 -1.671
1.72 14.295 -1.642
1.753 14.201 -1.631
1.793 14.156 -1.626
1.83 14.094 -1.618
1.688 18.642 -1.638
1.706 18.515 -1.626
1.737 18.22 -1.598
1.778 18.048 -1.581
1.805 17.743 -1.552
1.832 17.459 -1.524
3.468 20.35 -1.32
3.523 20.284 -1.316
3.596 20.327 -1.32
3.64 20.206 -1.311
3.652 20.086 -1.303
3.647 19.706 -1.275
3.721 19.759 -1.28
3.846 20.081 -1.305
3.882 19.927 -1.295
3.923 19.805 -1.286
3.954 19.637 -1.275
3.967 19.544 -1.268
8.651 26.315 -1.187
8.714 26.229 -1.184
8.741 26.173 -1.182
8.804 26.087 -1.179
8.864 25.995 -1.175
8.945 25.965 -1.175
9.008 25.884 -1.173
9.081 25.833 -1.171
9.084 25.711 -1.166
9.174 25.709 -1.167
9.244 25.65 -1.165
9.306 25.568 -1.163
9.375 25.509 -1.161
9.443 25.447 -1.159
9.506 25.371 -1.157
9.536 25.331 -1.156
9.611 25.288 -1.155
9.672 25.211 -1.152
9.738 25.145 -1.15
9.81 25.096 -1.149
9.873 25.026 -1.147
9.941 24.967 -1.146
9.971 24.929 -1.145
10.036 24.864 -1.143
10.088 24.77 -1.139
10.169 24.745 -1.14
10.24 24.697 -1.139
10.317 24.663 -1.139
10.392 24.625 -1.138
10.407 24.553 -1.135
12.027 55.503 -0.986
12.137 55.174 -0.979
12.026 53.866 -0.952
12.095 53.387 -0.943
12.078 52.546 -0.925
