-7.53445 0.818619 -0.105299 0.00436333
-5.485 4.135 -1.743
-5.499 4.172 -1.752
-5.482 4.187 -1.751
-5.483 4.215 -1.756
-5.479 4.239 -1.759
-5.472 4.261 -1.761
-5.492 4.304 -1.773
-5.474 4.318 -1.771
-5.482 4.338 -1.776
-5.476 4.361 -1.779
-5.468 4.383 -1.781
-5.476 4.417 -1.788
-5.472 4.443 -1.792
-5.467 4.467 -1.795
-5.473 5.882 -1.738
-5.47 5.915 -1.743
-5.479 5.943 -1.749
-5.476 5.978 -1.755
-5.472 6.011 -1.76
-5.471 6.048 -1.766
-5.469 6.084 -1.772
-5.466 6.118 -1.777
-5.47 6.162 -1.785
-5.475 6.188 -1.791
-5.473 7.796 -1.72
-5.483 7.836 -1.727
-5.485 7.89 -1.736
-5.483 7.942 -1.744
-5.478 7.988 -1.751
-5.476 8.037 -1.758
-5.469 8.082 -1.765
-5.456 8.117 -1.769
-5.462 8.153 -1.776
-5.44 8.177 -1.777
-5.502 17.352 -1.588
-5.475 17.456 -1.597
-5.464 17.614 -1.611
-5.46 17.799 -1.628
-5.438 17.926 -1.64
-5.413 17.946 -1.641
