-6.52141 0.0359358 -0.00302832 4.9114e-05
-14.104 0.187999 -2.482
-14.186 0.210999 -2.497
-14.366 0.258999 -2.531
-14.342 0.303999 -2.526
-14.653 0.356999 -2.584
-6.501 9.882 -1.753
-6.492 9.937 -1.76
-6.474 9.977 -1.764
-6.455 10.016 -1.767
-6.443 10.068 -1.773
-6.448 10.11 -1.779
-6.425 10.143 -1.781
-6.404 10.182 -1.785
-6.388 10.227 -1.79
-6.379 10.284 -1.796
-6.373 10.347 -1.805
-6.348 10.379 -1.807
-6.335 10.394 -1.808
-6.588 18.162 -1.697
-6.563 18.272 -1.707
-6.529 18.357 -1.714
-6.493 18.439 -1.72
-6.472 18.564 -1.731
-6.46 18.72 -1.745
-6.451 18.787 -1.751
-15.284 29.996 -2.114
-15.231 30.126 -2.12
-15.297 30.495 -2.145
-15.369 30.882 -2.171
-15.238 30.738 -2.158
-15.189 30.882 -2.166
-7.016 38.085 -1.519
-6.935 38.325 -1.529
-6.929 38.639 -1.542
-6.862 38.967 -1.556
-6.819 39.453 -1.577
-6.775 39.944 -1.598
-6.69 40.215 -1.61
-6.548 40.135 -1.605
-6.408 40.071 -1.601
