1.66954 0.456846 0.0561684 -0.00232875
4.576 4.585 -1.637
4.578 4.558 -1.632
4.592 4.544 -1.632
4.59 4.513 -1.626
4.601 4.51 -1.628
4.607 4.487 -1.624
4.613 4.465 -1.621
4.61 4.434 -1.615
4.61 4.406 -1.61
4.611 4.38 -1.605
4.618 4.359 -1.602
4.622 4.349 -1.601
4.634 4.333 -1.601
4.648 4.318 -1.601
4.664 4.306 -1.602
4.675 4.289 -1.601
4.683 4.269 -1.599
4.69 4.249 -1.597
4.69 4.235 -1.594
4.696 4.214 -1.591
4.717 4.206 -1.594
4.72 4.182 -1.59
4.728 4.163 -1.589
4.74 4.147 -1.588
4.744 4.124 -1.585
8.069 5.449 -1.421
8.075 5.416 -1.419
8.084 5.385 -1.417
8.092 5.354 -1.416
8.094 5.319 -1.413
8.099 5.286 -1.411
8.045 5.232 -1.399
7.983 5.156 -1.384
7.91 5.073 -1.367
11.604 7.179 -1.224
11.591 7.12 -1.22
11.586 7.067 -1.216
11.516 6.975 -1.205
11.501 6.942 -1.202
11.516 6.902 -1.201
11.36 6.76 -1.18
11.383 6.725 -1.18
11.322 6.641 -1.17
7.243 19.307 -1.318
7.291 19.251 -1.315
7.324 19.157 -1.31
7.344 19.118 -1.308
7.385 19.046 -1.304
7.422 18.965 -1.299
7.449 18.858 -1.293
7.493 18.798 -1.29
7.513 18.676 -1.282
7.547 18.591 -1.277
7.549 18.513 -1.272
7.605 18.483 -1.271
7.619 18.352 -1.263
14.191 21.149 -1.075
14.198 21.015 -1.07
14.224 20.912 -1.066
14.102 20.592 -1.05
14.239 20.653 -1.056
14.253 20.604 -1.054
14.328 20.574 -1.055
14.343 20.459 -1.051
14.367 20.356 -1.048
14.42 20.295 -1.047
14.415 20.153 -1.041
14.358 19.941 -1.03
14.436 19.983 -1.034
14.446 19.865 -1.03
14.505 19.815 -1.03
14.544 19.738 -1.028
14.558 19.627 -1.023
