-1.67424 1.97518 -0.00701179 -0.0245349
2.797 3.456 -1.757
2.794 3.43 -1.748
2.789 3.403 -1.738
2.792 3.384 -1.732
2.783 3.363 -1.723
2.798 3.36 -1.726
2.805 3.347 -1.724
2.818 3.341 -1.725
2.83 3.333 -1.726
2.831 3.313 -1.72
2.847 3.311 -1.724
2.847 3.301 -1.72
2.855 3.289 -1.719
2.862 3.276 -1.717
2.871 3.266 -1.716
2.889 3.265 -1.72
2.9 3.257 -1.721
2.903 3.24 -1.717
2.913 3.241 -1.72
2.922 3.23 -1.719
2.921 3.209 -1.712
2.932 3.201 -1.713
2.937 3.186 -1.71
2.943 3.173 -1.707
2.951 3.171 -1.709
2.958 3.159 -1.707
2.953 3.134 -1.698
6.897 7.879 -1.538
6.893 7.849 -1.534
6.902 7.81 -1.53
6.908 7.767 -1.525
6.928 7.741 -1.524
6.945 7.71 -1.523
6.974 7.694 -1.524
6.965 7.636 -1.516
6.975 7.622 -1.515
6.989 7.59 -1.513
7.009 7.564 -1.512
7.043 7.553 -1.515
7.077 7.541 -1.517
7.076 7.493 -1.511
7.075 7.469 -1.508
7.076 7.422 -1.503
7.087 7.387 -1.5
7.099 7.353 -1.498
7.111 7.32 -1.495
7.12 7.283 -1.492
7.135 7.252 -1.49
7.138 7.233 -1.488
7.152 7.202 -1.486
4.927 17.106 -1.548
4.939 17.046 -1.543
4.972 16.96 -1.536
4.99 16.824 -1.523
5.018 16.726 -1.515
5.068 16.703 -1.514
5.112 16.658 -1.511
5.129 16.62 -1.508
5.175 16.583 -1.506
5.226 16.563 -1.506
5.265 16.506 -1.502
5.317 16.491 -1.502
5.353 16.424 -1.496
8.342 19.157 -1.338
8.392 19.107 -1.336
8.43 19.031 -1.332
8.486 18.995 -1.332
8.531 18.936 -1.329
8.566 18.854 -1.325
8.56 18.765 -1.318
8.589 18.672 -1.313
8.585 18.51 -1.302
8.616 18.425 -1.297
8.636 18.316 -1.291
8.669 18.237 -1.287
15.368 20.997 -1.103
15.409 20.915 -1.101
15.436 20.813 -1.098
15.459 20.709 -1.094
15.493 20.618 -1.091
15.498 20.49 -1.086
15.513 20.443 -1.085
15.518 20.317 -1.08
15.521 20.188 -1.075
15.569 20.121 -1.074
15.631 20.07 -1.074
15.667 19.986 -1.072
15.671 19.927 -1.069
15.702 19.837 -1.067
15.681 19.683 -1.06
15.731 19.619 -1.059
15.745 19.511 -1.055
15.784 19.433 -1.054
15.826 19.36 -1.052
