231.9 -30.2913 1.22806 -0.0159601
-8.863 5.051 -1.495
-8.862 5.069 -1.496
-8.859 5.105 -1.498
-8.881 5.154 -1.505
-8.894 5.199 -1.511
-8.865 5.22 -1.508
-8.803 5.221 -1.5
-8.793 5.253 -1.501
-8.782 5.283 -1.502
-8.728 5.27 -1.494
-8.818 5.361 -1.513
-8.834 5.448 -1.523
-8.916 5.537 -1.541
-8.854 5.536 -1.533
-8.838 5.565 -1.533
-8.861 5.599 -1.539
-8.883 5.652 -1.547
-8.854 5.673 -1.544
-8.843 5.705 -1.546
-9.068 7.5 -1.306
-9.078 7.557 -1.311
-9.081 7.608 -1.316
-9.087 7.663 -1.321
-9.095 7.718 -1.326
-9.116 7.761 -1.332
-9.116 7.81 -1.336
-9.118 7.862 -1.341
-9.099 7.896 -1.342
-9.113 7.958 -1.348
-9.143 8.036 -1.358
-9.145 8.063 -1.36
-2.725 29.907 -1.304
-2.636 29.969 -1.307
-2.606 30.169 -1.317
-2.543 30.555 -1.336
-2.484 31.029 -1.359
-2.407 31.289 -1.372
-2.323 31.488 -1.382
