2.71927 -0.403189 0.0595672 -0.00237708
2.042 3.743 -1.68
2.05 3.728 -1.676
2.055 3.71 -1.671
2.064 3.699 -1.668
2.054 3.654 -1.65
2.062 3.643 -1.647
2.056 3.619 -1.637
2.064 3.606 -1.634
2.059 3.572 -1.621
4.15 0.838 -1.534
4.121 0.771 -1.518
4.104 0.755 -1.51
4.088 0.738 -1.503
4.051 0.718 -1.488
4.077 0.71 -1.497
4.033 0.695 -1.479
1.903 5.028 -1.711
1.911 5.001 -1.703
1.913 4.961 -1.691
1.925 4.945 -1.687
1.935 4.925 -1.682
1.945 4.906 -1.677
1.95 4.896 -1.674
1.965 4.888 -1.674
1.978 4.877 -1.672
1.995 4.876 -1.674
2.006 4.859 -1.67
2.018 4.844 -1.667
2.023 4.813 -1.658
1.918 5.645 -1.724
1.929 5.619 -1.717
1.926 5.582 -1.706
1.929 5.534 -1.692
1.943 5.519 -1.689
1.953 5.491 -1.682
1.967 5.476 -1.679
1.985 5.472 -1.68
1.992 5.437 -1.671
1.905 6.511 -1.72
1.915 6.505 -1.719
1.936 6.502 -1.72
1.941 6.442 -1.705
1.956 6.422 -1.701
1.97 6.393 -1.695
1.984 6.369 -1.689
2.003 6.359 -1.688
2.01 6.344 -1.685
2.027 6.329 -1.683
2.045 6.317 -1.681
2.038 6.23 -1.658
1.965 7.656 -1.708
1.978 7.608 -1.698
1.99 7.557 -1.687
1.999 7.542 -1.684
2.021 7.53 -1.683
2.045 7.524 -1.683
2.062 7.493 -1.677
2.082 7.473 -1.674
2.104 7.463 -1.673
2.117 7.419 -1.664
2.124 7.399 -1.66
2.139 7.362 -1.653
2.243 8.946 -1.661
2.245 8.836 -1.641
2.271 8.821 -1.639
2.278 8.793 -1.634
2.307 8.791 -1.635
2.325 8.746 -1.628
2.34 8.691 -1.618
2.371 8.697 -1.621
2.395 8.678 -1.619
2.412 8.635 -1.611
1.996 10.959 -1.644
2.014 10.863 -1.629
2.022 10.812 -1.621
2.048 10.766 -1.615
2.082 10.76 -1.615
2.117 10.761 -1.616
2.149 10.745 -1.615
2.162 10.633 -1.598
2.187 10.584 -1.591
2.053 14.386 -1.659
2.089 14.316 -1.651
2.099 14.231 -1.64
2.142 14.216 -1.639
2.185 14.199 -1.638
2.227 14.177 -1.636
2.269 14.15 -1.634
2.31 14.123 -1.631
2.33 14.104 -1.629
2.371 14.077 -1.627
2.411 14.046 -1.623
2.452 14.021 -1.621
2.492 13.994 -1.619
2.537 13.988 -1.619
2.574 13.943 -1.614
2.612 13.905 -1.61
2.63 13.88 -1.607
8.659 11.078 -1.267
8.656 11.04 -1.264
8.673 10.989 -1.261
8.701 10.954 -1.26
8.717 10.903 -1.257
8.734 10.856 -1.254
8.765 10.824 -1.253
8.784 10.778 -1.251
8.785 10.745 -1.248
8.81 10.707 -1.247
8.825 10.656 -1.244
8.849 10.618 -1.242
8.874 10.579 -1.241
8.894 10.536 -1.239
8.917 10.496 -1.237
8.925 10.473 -1.236
8.952 10.437 -1.235
8.974 10.397 -1.233
8.995 10.355 -1.231
9.021 10.32 -1.23
9.041 10.278 -1.229
9.06 10.235 -1.226
9.069 10.211 -1.225
9.098 10.18 -1.225
9.119 10.139 -1.223
9.136 10.095 -1.221
9.161 10.058 -1.22
9.179 10.015 -1.218
9.203 9.977 -1.217
9.205 9.948 -1.214
8.607 18.105 -1.276
8.655 18.06 -1.274
8.706 18.022 -1.273
8.751 17.971 -1.272
8.777 17.952 -1.271
8.829 17.915 -1.27
8.88 17.877 -1.269
8.932 17.84 -1.269
8.98 17.796 -1.267
9.035 17.767 -1.267
9.083 17.723 -1.266
9.104 17.695 -1.265
9.15 17.648 -1.263
9.195 17.6 -1.262
9.238 17.546 -1.26
9.285 17.503 -1.259
9.326 17.447 -1.256
9.366 17.39 -1.254
9.381 17.352 -1.252
9.425 17.303 -1.25
9.474 17.265 -1.25
9.518 17.216 -1.248
9.561 17.167 -1.247
9.612 17.131 -1.246
9.623 17.088 -1.244
9.672 17.049 -1.243
9.714 16.998 -1.241
9.751 16.94 -1.239
9.786 16.878 -1.236
9.824 16.821 -1.234
9.858 16.758 -1.231
9.9 16.709 -1.23
9.915 16.673 -1.228
9.953 16.618 -1.226
10.967 13.276 -0.771
10.954 13.219 -0.768
11.036 13.232 -0.771
10.967 13.066 -0.762
10.946 12.958 -0.756
10.964 12.898 -0.754
10.955 12.806 -0.75
11.022 12.802 -0.752
10.997 12.733 -0.748
11.239 12.93 -0.766
11.01 12.587 -0.743
11.098 12.608 -0.747
10.987 12.403 -0.734
11.04 12.385 -0.735
11.052 12.32 -0.733
11.021 12.246 -0.729
11.074 12.228 -0.73
10.965 12.033 -0.718
10.923 11.911 -0.711
10.95 11.865 -0.71
11.629 49.185 -0.855
11.596 48.366 -0.838
11.587 47.669 -0.824
11.573 46.969 -0.809
11.446 46.145 -0.792
