-13.1506 10.2883 -1.13745 0.0343267
10.071 2.315 -1.876
9.872 2.236 -1.835
9.751 2.176 -1.81
9.706 2.134 -1.799
9.701 2.101 -1.797
2.984 13.237 -1.536
3.013 13.171 -1.529
3.043 13.116 -1.523
3.071 13.052 -1.516
3.1 12.992 -1.509
3.103 12.916 -1.5
3.14 12.889 -1.497
3.161 12.8 -1.487
3.171 12.671 -1.471
1.976 17.509 -1.53
2.031 17.503 -1.53
2.062 17.291 -1.51
2.101 17.16 -1.498
2.155 17.149 -1.497
2.213 17.176 -1.501
2.265 17.157 -1.5
2.286 17.11 -1.495
2.334 17.055 -1.491
2.385 17.032 -1.489
2.438 17.02 -1.489
2.488 16.989 -1.486
2.539 16.963 -1.485
2.585 16.91 -1.48
2.612 16.906 -1.48
2.655 16.837 -1.474
7.095 19.094 -1.3
7.133 19.014 -1.295
7.143 18.949 -1.291
7.179 18.864 -1.286
7.199 18.739 -1.278
7.25 18.696 -1.276
7.303 18.66 -1.275
7.295 18.467 -1.262
7.291 18.288 -1.249
9.276 18.175 -0.821
9.273 17.891 -0.808
9.253 17.783 -0.803
9.246 17.635 -0.796
9.256 17.519 -0.791
9.265 17.404 -0.787
9.271 17.283 -0.781
9.273 17.157 -0.776
9.283 17.047 -0.771
9.268 16.955 -0.767
