-3.2365 -0.0199438 0.00248059 -5.56354e-05
-3.296 2.754 -1.693
-3.296 2.771 -1.698
-3.291 2.785 -1.7
-3.292 2.804 -1.706
-3.289 2.819 -1.709
-3.286 2.825 -1.71
-3.295 2.851 -1.72
-3.288 2.863 -1.72
-3.292 2.886 -1.728
-3.282 2.895 -1.727
-3.28 2.911 -1.731
-3.279 2.929 -1.736
-3.27 2.93 -1.734
-3.266 2.945 -1.737
-3.271 2.968 -1.745
-3.277 3.539 -1.713
-3.276 3.56 -1.718
-3.276 3.583 -1.725
-3.273 3.601 -1.729
-3.278 3.619 -1.735
-3.273 3.636 -1.739
-3.25 3.634 -1.733
-3.254 3.661 -1.741
-3.252 3.682 -1.747
-3.238 3.69 -1.745
-3.237 3.7 -1.748
-3.233 3.719 -1.752
-3.23 3.739 -1.757
-3.232 3.766 -1.766
-3.284 4.337 -1.732
-3.283 4.364 -1.74
-3.281 4.39 -1.746
-3.28 4.418 -1.754
-3.281 4.449 -1.762
-3.286 4.471 -1.769
-3.264 4.47 -1.765
-3.274 4.513 -1.778
-3.257 4.52 -1.777
-3.254 4.546 -1.783
-4.13 5.363 -1.716
-4.166 5.445 -1.74
-4.199 5.524 -1.762
-4.182 5.52 -1.759
-4.176 5.547 -1.763
-4.165 5.569 -1.766
-4.158 5.596 -1.771
-4.129 5.593 -1.766
-4.116 5.613 -1.768
-3.18 13.739 -1.604
-3.19 13.882 -1.622
-3.177 14.029 -1.64
-3.17 14.206 -1.662
-3.145 14.305 -1.674
-3.115 14.386 -1.683
-3.073 14.412 -1.685
-3.145 17.616 -1.557
-3.134 17.879 -1.583
-3.149 18.129 -1.607
-3.137 18.4 -1.633
-3.118 18.641 -1.656
-3.089 18.827 -1.674
-3.035 18.872 -1.677
-3.126 25.49 -1.691
-3.108 26.011 -1.729
-3.091 26.577 -1.77
-3.049 26.95 -1.797
-2.991 27.197 -1.815
