0.483486 -3.01533 0.297121 -0.007816
-3.438 2.642 -1.71
-3.445 2.665 -1.719
-3.467 2.7 -1.735
-3.463 2.714 -1.738
-3.476 2.742 -1.749
-3.514 2.781 -1.772
-3.521 2.805 -1.78
-3.846 2.948 -1.721
-3.851 2.972 -1.728
-3.934 3.057 -1.773
-3.926 3.07 -1.774
-3.937 3.099 -1.784
-3.917 3.103 -1.779
-3.915 3.111 -1.78
-3.908 3.126 -1.782
-4.466 3.186 -1.748
-4.479 3.216 -1.758
-4.547 3.287 -1.79
-4.573 3.329 -1.806
-4.56 3.341 -1.805
-4.558 3.35 -1.806
-4.538 3.358 -1.802
-4.532 3.375 -1.804
-4.523 3.391 -1.805
-7.654 3.154 -1.794
-7.689 3.196 -1.806
-7.855 3.294 -1.85
-7.999 3.383 -1.889
-8.014 3.419 -1.895
-3.79 10.208 -1.604
-3.761 10.229 -1.605
-3.734 10.254 -1.608
-3.716 10.256 -1.607
-3.686 10.275 -1.608
-3.659 10.299 -1.61
-3.63 10.32 -1.612
-3.599 10.337 -1.613
-3.573 10.365 -1.616
-3.541 10.38 -1.616
-3.535 10.414 -1.621
-3.504 10.432 -1.622
-3.479 10.464 -1.626
-3.451 10.49 -1.628
-3.422 10.514 -1.63
-3.399 10.554 -1.635
-3.385 10.567 -1.637
-3.356 10.591 -1.639
-3.332 10.632 -1.644
-3.303 10.657 -1.646
-3.275 10.684 -1.649
-3.252 10.73 -1.655
-3.184 13.368 -1.558
-3.176 13.525 -1.578
-3.168 13.687 -1.598
-3.178 13.828 -1.615
-3.154 13.927 -1.627
-3.134 14.041 -1.641
-3.092 14.062 -1.642
-3.214 17.681 -1.565
-3.171 17.759 -1.572
-3.158 18.012 -1.596
-3.172 18.26 -1.62
-3.161 18.537 -1.647
-3.107 18.572 -1.649
-3.046 18.568 -1.648
-2.996 18.629 -1.653
-3.163 24.828 -1.643
-3.167 25.174 -1.668
-3.15 25.68 -1.705
-3.13 26.201 -1.743
