3.47824 -0.260635 0.0128013 -0.000234349
2.568 3.259 -1.632
2.571 3.241 -1.626
2.567 3.215 -1.617
2.56 3.197 -1.609
2.588 3.21 -1.621
2.597 3.201 -1.62
2.588 3.17 -1.608
2.576 3.135 -1.593
2.564 3.101 -1.579
6.121 2.298 -1.391
5.982 2.224 -1.355
5.896 2.17 -1.332
5.813 2.119 -1.31
1.486 10.238 -1.518
1.497 10.199 -1.512
1.521 10.139 -1.503
1.547 10.095 -1.496
1.589 10.157 -1.507
1.613 10.101 -1.499
1.641 10.076 -1.496
1.668 10.04 -1.491
1.68 10.014 -1.487
1.707 9.981 -1.483
1.74 9.986 -1.484
1.769 9.97 -1.483
1.801 9.967 -1.483
1.831 9.953 -1.482
1.861 9.942 -1.481
1.877 9.939 -1.481
1.909 9.938 -1.482
1.94 9.93 -1.481
1.967 9.905 -1.478
2 9.908 -1.48
2.031 9.898 -1.479
2.059 9.876 -1.477
2.068 9.842 -1.472
2.088 9.787 -1.464
