-73.6428 2.82344 0.321936 -0.0143945
-3.453 13.29 -1.557
-3.415 13.315 -1.559
-3.375 13.333 -1.56
-3.335 13.349 -1.561
-3.295 13.369 -1.562
-3.253 13.38 -1.562
-3.233 13.389 -1.562
-3.194 13.412 -1.564
-3.153 13.428 -1.565
-3.111 13.44 -1.565
-3.071 13.455 -1.566
-3.028 13.465 -1.566
-2.982 13.455 -1.563
-2.962 13.467 -1.564
-2.928 13.513 -1.569
-2.909 13.633 -1.584
-2.893 13.774 -1.601
-2.861 13.836 -1.608
-3.642 16.987 -1.506
-3.597 17.04 -1.51
-3.543 17.049 -1.51
-3.49 17.064 -1.511
-3.469 17.098 -1.513
-3.414 17.101 -1.513
-3.365 17.134 -1.515
-3.316 17.173 -1.518
-3.265 17.197 -1.519
-3.214 17.221 -1.521
-3.162 17.247 -1.522
-3.136 17.256 -1.522
-3.084 17.279 -1.524
-3.031 17.295 -1.524
-2.976 17.302 -1.524
-2.933 17.378 -1.531
-2.915 17.603 -1.552
-2.87 17.677 -1.559
-2.84 17.67 -1.558
-4.363 21.308 -1.401
-4.303 21.355 -1.404
-4.234 21.36 -1.403
-4.206 21.398 -1.406
-4.142 21.423 -1.406
-4.082 21.477 -1.41
-4.019 21.515 -1.411
-3.958 21.559 -1.414
-3.897 21.609 -1.417
-3.829 21.625 -1.417
-3.797 21.639 -1.417
-3.733 21.672 -1.419
-3.669 21.713 -1.421
-3.601 21.723 -1.421
-3.536 21.756 -1.423
-3.473 21.8 -1.425
-3.402 21.791 -1.424
-3.372 21.828 -1.426
-3.304 21.839 -1.426
-3.239 21.877 -1.428
-3.223 22.248 -1.455
-2.879 30.535 -1.336
-2.834 30.565 -1.338
-2.743 30.63 -1.341
-2.651 30.686 -1.343
-2.559 30.744 -1.345
-2.465 30.794 -1.348
-2.372 30.847 -1.35
-2.279 30.906 -1.352
-2.234 30.957 -1.355
-2.141 31.028 -1.358
-2.047 31.088 -1.361
-1.953 31.143 -1.363
-1.858 31.204 -1.366
-1.761 31.232 -1.367
-1.664 31.243 -1.367
-1.616 31.274 -1.369
-1.519 31.295 -1.37
-1.423 31.357 -1.373
-1.326 31.405 -1.375
-1.23 31.477 -1.378
-1.132 31.505 -1.379
-1.034 31.526 -1.38
-0.985001 31.536 -1.381
-0.887001 31.573 -1.382
-0.788001 31.601 -1.384
-0.690001 31.638 -1.385
-0.591001 31.678 -1.387
-0.492001 31.693 -1.388
