-3.45006 0.400126 -0.0534407 0.00219092
-2.527 2.016 -1.277
-2.536 2.036 -1.285
-2.537 2.05 -1.289
-2.556 2.079 -1.304
-2.599 2.119 -1.329
-2.543 3.997 -1.68
-2.555 4.045 -1.698
-2.551 4.067 -1.704
-2.567 4.108 -1.721
-2.575 4.149 -1.735
-2.573 4.444 -1.468
-2.569 4.453 -1.47
-2.568 4.484 -1.478
-2.562 4.505 -1.483
-2.542 4.503 -1.479
-2.528 4.513 -1.48
-2.531 4.551 -1.49
-2.572 4.657 -1.525
-5.122 4.828 -1.507
-5.133 4.868 -1.516
-5.136 4.902 -1.521
-5.233 5.025 -1.558
-5.297 5.119 -1.583
-5.332 5.184 -1.6
-10.011 6.826 -1.35
-10.007 6.87 -1.353
-10.004 6.914 -1.356
-9.995 6.955 -1.358
-9.992 7 -1.361
-9.995 7.048 -1.365
-9.998 7.098 -1.369
-9.999 7.122 -1.371
-9.994 7.166 -1.374
-9.997 7.216 -1.378
-9.992 7.26 -1.38
-9.996 7.311 -1.385
-9.983 7.35 -1.386
-9.988 7.403 -1.391
-9.989 7.428 -1.393
-9.983 7.472 -1.396
-9.991 7.527 -1.401
-9.976 7.565 -1.402
-4.989 11.59 -1.117
-5.035 11.8 -1.139
-5.035 11.902 -1.149
-5.029 11.995 -1.157
-5.037 12.067 -1.165
-5.012 12.114 -1.168
-4.982 12.15 -1.17
-4.955 12.193 -1.174
