-12.4032 0.0641305 -0.00363351 0.00314236
-8.492 6.624 -1.585
-8.515 6.685 -1.594
-8.514 6.727 -1.598
-8.53 6.783 -1.605
-8.522 6.799 -1.606
-8.512 6.835 -1.608
-8.489 6.86 -1.608
-8.498 6.912 -1.614
-8.511 6.967 -1.621
-8.488 6.992 -1.621
-8.481 7.032 -1.624
-8.485 7.08 -1.63
-8.487 7.104 -1.632
-8.477 7.141 -1.635
-8.482 7.191 -1.641
-1.212 15.492 -1.788
-1.165 15.515 -1.791
-1.117 15.535 -1.793
-1.069 15.552 -1.794
-1.021 15.571 -1.796
-0.973001 15.58 -1.797
-0.950001 15.607 -1.801
-0.903001 15.644 -1.805
-0.854001 15.659 -1.806
-0.806001 15.693 -1.81
-0.758001 15.705 -1.812
-0.709001 15.731 -1.815
-0.660001 15.745 -1.816
-0.636001 15.766 -1.819
-0.587001 15.772 -1.819
-0.538001 15.804 -1.823
-0.489001 15.813 -1.824
-0.440001 15.84 -1.827
-0.391001 15.868 -1.831
-0.341001 15.877 -1.832
-0.316001 15.883 -1.833
-0.267001 15.912 -1.836
-0.217001 15.93 -1.838
-15.457 6.648 -1.452
-15.45 6.703 -1.454
-15.475 6.771 -1.459
-15.388 6.791 -1.452
-15.516 6.906 -1.468
-15.599 7.001 -1.479
-15.465 7 -1.467
-15.619 7.099 -1.485
-15.732 7.21 -1.5
-15.617 7.217 -1.49
-15.694 7.312 -1.5
-15.548 7.304 -1.487
-15.561 7.369 -1.491
-15.62 7.427 -1.499
-15.63 7.492 -1.502
-15.625 7.55 -1.504
-15.644 7.62 -1.509
-15.624 7.671 -1.509
-15.546 7.694 -1.504
-15.563 7.763 -1.508
-15.563 7.824 -1.511
