-4.58596 4.15831 -0.435657 0.0109868
2.37 11.214 -1.695
2.402 11.191 -1.692
2.433 11.16 -1.689
2.448 11.146 -1.687
2.478 11.115 -1.683
2.507 11.083 -1.679
2.54 11.067 -1.678
2.569 11.032 -1.673
2.596 10.991 -1.668
2.63 10.983 -1.668
2.64 10.948 -1.663
2.67 10.922 -1.66
2.702 10.902 -1.658
2.73 10.869 -1.654
2.758 10.835 -1.65
2.789 10.817 -1.649
2.801 10.794 -1.646
2.83 10.764 -1.642
0.524999 14.377 -1.641
0.545999 14.342 -1.636
0.589999 14.315 -1.633
0.630999 14.226 -1.622
0.670999 14.13 -1.61
0.709999 14.039 -1.599
0.749999 13.952 -1.588
28.62 8.158 -1.992
28.638 8.066 -1.991
28.515 7.934 -1.98
28.341 7.838 -1.966
28.291 7.728 -1.96
28.284 7.631 -1.957
28.25 7.527 -1.953
28.197 7.418 -1.947
28.2 7.324 -1.946
28.2 7.229 -1.944
28.2 7.182 -1.943
28.213 7.091 -1.942
28.219 6.998 -1.941
