52.7673 -11.3666 0.834664 -0.0207078
1.933 9.65 -1.438
1.962 9.636 -1.436
1.993 9.636 -1.437
2.025 9.635 -1.438
2.051 9.609 -1.435
2.076 9.58 -1.431
2.087 9.559 -1.428
2.114 9.537 -1.426
2.139 9.507 -1.422
2.166 9.489 -1.42
2.192 9.465 -1.417
2.215 9.429 -1.413
2.241 9.407 -1.41
2.251 9.384 -1.407
2.275 9.354 -1.403
2.301 9.333 -1.401
2.327 9.31 -1.399
2.349 9.274 -1.394
2.376 9.261 -1.393
2.384 9.231 -1.389
2.41 9.212 -1.387
0.588999 12.081 -1.348
0.622999 12.019 -1.34
0.658999 11.978 -1.335
0.672999 11.898 -1.325
0.705999 11.826 -1.316
0.739999 11.77 -1.309
0.771999 11.699 -1.3
0.804999 11.637 -1.293
0.133999 13.545 -1.214
0.173999 13.407 -1.199
0.214999 13.291 -1.187
0.254999 13.225 -1.18
0.295999 13.21 -1.179
0.336999 13.201 -1.178
0.358999 13.228 -1.181
0.400999 13.237 -1.182
0.440999 13.202 -1.179
0.481999 13.195 -1.178
0.522999 13.181 -1.177
0.563999 13.163 -1.175
0.604999 13.152 -1.174
0.625999 13.149 -1.174
0.665999 13.135 -1.172
0.707999 13.145 -1.174
0.747999 13.122 -1.172
0.788999 13.112 -1.171
0.829999 13.109 -1.171
0.870999 13.097 -1.17
0.890999 13.097 -1.17
0.931999 13.083 -1.169
0.971999 13.072 -1.168
1.012 13.055 -1.166
1.052 13.04 -1.165
1.093 13.038 -1.165
1.131 13.001 -1.162
2.383 15.256 -1.038
2.396 15.183 -1.032
2.426 15.069 -1.023
2.462 14.993 -1.018
2.509 14.983 -1.018
2.519 14.757 -1
2.551 14.671 -0.994
2.59 14.623 -0.99
2.605 14.574 -0.987
