-1.25915 -1.04335 0.0565803 -0.00157052
-3.824 2.463 -1.286
-3.825 2.481 -1.29
-3.833 2.494 -1.294
-3.83 2.51 -1.296
-3.838 2.532 -1.302
-3.822 2.539 -1.299
-3.849 2.574 -1.312
-3.836 2.583 -1.31
-3.83 2.596 -1.311
-3.844 2.615 -1.318
-3.835 2.626 -1.317
-3.837 2.645 -1.321
-3.832 2.66 -1.323
-3.827 2.674 -1.324
-3.826 2.691 -1.327
-3.835 2.706 -1.331
-3.829 2.72 -1.333
-3.838 2.744 -1.339
-11.367 18.314 -1.917
-11.399 18.496 -1.934
-11.381 18.596 -1.941
-11.39 18.676 -1.949
-11.363 18.765 -1.955
-11.329 18.841 -1.959
-11.3 18.928 -1.965
-11.293 19.051 -1.975
-19.267 18.629 -1.774
-19.527 18.999 -1.806
-19.723 19.31 -1.833
-19.785 19.432 -1.842
