-10.8636 -0.19793 0.0273758 -0.000659409
-3.49 4.91 -1.272
-3.491 4.943 -1.279
-3.476 4.955 -1.279
-3.483 4.998 -1.288
-3.475 5.02 -1.291
-3.468 5.027 -1.292
-3.465 5.056 -1.297
-3.471 5.099 -1.306
-3.458 5.114 -1.307
-3.451 5.138 -1.311
-3.462 5.189 -1.322
-3.448 5.203 -1.323
-9.537 17.442 -1.752
-9.527 17.554 -1.762
-9.493 17.622 -1.766
-9.463 17.699 -1.771
-9.443 17.796 -1.779
-9.421 17.891 -1.786
-9.434 17.983 -1.794
-9.416 18.086 -1.803
-9.7 25.342 -1.798
-9.644 25.434 -1.803
-9.721 25.883 -1.836
-9.476 25.474 -1.802
-9.421 25.448 -1.798
-9.395 25.623 -1.81
-9.328 25.692 -1.813
-9.351 26.008 -1.835
-9.33 26.206 -1.849
