1.89652 0.0247973 0.00152312 -5.10078e-05
4.152 0.596 -1.519
4.096 0.581 -1.496
4.018 0.557 -1.465
3.95 0.534 -1.438
2.047 6.535 -1.738
2.066 6.525 -1.737
2.08 6.496 -1.73
2.096 6.479 -1.727
2.102 6.426 -1.714
2.113 6.392 -1.706
2.122 6.351 -1.696
2.13 6.342 -1.695
2.144 6.319 -1.69
2.162 6.304 -1.688
2.059 7.77 -1.739
2.083 7.762 -1.738
2.105 7.746 -1.736
2.121 7.711 -1.729
2.134 7.663 -1.72
2.142 7.598 -1.706
2.158 7.563 -1.699
2.167 7.55 -1.697
2.184 7.519 -1.691
2.211 7.524 -1.693
2.232 7.509 -1.692
2.257 7.508 -1.693
2.281 7.501 -1.693
2.302 7.484 -1.691
2.307 7.46 -1.686
2.329 7.449 -1.685
2.35 7.434 -1.683
2.37 7.416 -1.68
2.134 11.522 -1.736
2.15 11.505 -1.733
2.181 11.473 -1.729
2.209 11.425 -1.723
2.224 11.312 -1.705
2.245 11.229 -1.693
2.274 11.189 -1.688
2.308 11.18 -1.688
2.326 11.174 -1.687
2.366 11.194 -1.692
2.395 11.158 -1.687
2.429 11.144 -1.686
2.459 11.112 -1.682
2.244 14.883 -1.726
2.288 14.858 -1.723
2.325 14.788 -1.715
2.342 14.604 -1.692
2.375 14.515 -1.682
2.42 14.507 -1.682
2.45 14.543 -1.687
2.497 14.547 -1.688
2.54 14.523 -1.686
2.581 14.488 -1.683
2.621 14.448 -1.679
2.663 14.422 -1.676
2.707 14.406 -1.675
2.725 14.38 -1.673
2.34 19.134 -1.693
2.397 19.104 -1.691
2.422 18.82 -1.664
2.46 18.649 -1.647
2.519 18.645 -1.648
2.579 18.651 -1.649
2.637 18.635 -1.648
2.659 18.577 -1.643
2.714 18.547 -1.641
2.5 25.878 -1.714
2.569 25.747 -1.705
2.613 25.378 -1.679
2.685 25.294 -1.673
2.763 25.271 -1.672
2.79 25.158 -1.664
2.862 25.08 -1.659
1.526 37.265 -1.669
1.633 37.028 -1.657
1.745 36.941 -1.653
1.86 36.906 -1.652
1.915 36.857 -1.649
2.029 36.805 -1.647
2.135 36.633 -1.639
2.248 36.604 -1.638
2.354 36.447 -1.63
2.462 36.352 -1.626
2.573 36.286 -1.623
2.625 36.224 -1.62
2.737 36.19 -1.619
