2.81514 -2.88859 0.262144 -0.00546691
-3.83 4.353 -1.453
-3.838 4.377 -1.459
-3.859 4.428 -1.473
-3.865 4.463 -1.481
-3.94 4.577 -1.518
-4.669 11.348 -1.823
-4.642 11.385 -1.827
-4.607 11.401 -1.828
-4.575 11.425 -1.829
-4.566 11.456 -1.833
-4.532 11.474 -1.834
-4.502 11.504 -1.837
-4.467 11.52 -1.837
-4.439 11.556 -1.841
-4.409 11.587 -1.844
-4.377 11.612 -1.845
-4.364 11.634 -1.848
-4.33 11.653 -1.849
-4.296 11.674 -1.85
-4.264 11.7 -1.852
-4.231 11.725 -1.854
-4.213 11.79 -1.863
-4.189 11.84 -1.869
-4.178 11.867 -1.873
-4.145 11.892 -1.875
-4.111 11.916 -1.876
-1.6 30.123 -2.022
-1.556 30.189 -2.026
-1.464 30.259 -2.031
-1.372 30.318 -2.035
-1.28 30.394 -2.04
-1.186 30.441 -2.044
-1.092 30.485 -2.047
-0.997001 30.524 -2.049
-0.951001 30.595 -2.054
-0.856001 30.636 -2.057
-0.761001 30.688 -2.061
-0.667001 30.78 -2.067
-0.572001 30.864 -2.073
