2.35392 -0.258747 0.0513173 -0.0025938
1.969 4.079 -1.792
1.972 4.054 -1.783
1.967 4.012 -1.766
1.976 3.997 -1.762
1.967 3.95 -1.743
1.971 3.926 -1.734
1.952 4.62 -1.786
1.962 4.604 -1.782
1.972 4.587 -1.777
1.979 4.582 -1.777
1.987 4.563 -1.771
1.982 4.514 -1.753
1.99 4.492 -1.747
1.992 4.46 -1.736
2.033 5.147 -1.764
2.035 5.105 -1.751
2.035 5.06 -1.737
2.036 5.017 -1.723
2.035 4.972 -1.709
4.044 3.545 -1.543
4.049 3.527 -1.541
4.027 3.497 -1.529
3.986 3.439 -1.508
3.931 3.369 -1.481
3.924 3.342 -1.474
3.95 3.343 -1.48
3.895 3.275 -1.454
3.976 4.892 -1.59
3.977 4.863 -1.584
3.998 4.857 -1.586
3.987 4.813 -1.575
3.99 4.785 -1.57
3.997 4.779 -1.57
4.011 4.765 -1.569
4.004 4.726 -1.56
3.98 4.667 -1.544
4.033 4.7 -1.56
4.026 4.661 -1.551
4.03 4.637 -1.546
4.02 4.61 -1.539
2.157 8.043 -1.806
2.181 8.03 -1.804
2.202 8.01 -1.801
2.203 7.913 -1.78
2.186 7.804 -1.754
2.197 9.74 -1.809
2.212 9.734 -1.808
2.237 9.704 -1.804
2.259 9.661 -1.796
2.272 9.579 -1.782
2.279 9.475 -1.762
2.284 9.366 -1.742
1.897 12.032 -1.809
1.891 11.873 -1.784
1.887 11.607 -1.742
1.935 11.671 -1.753
1.968 11.646 -1.75
1.994 11.579 -1.741
2.028 11.557 -1.738
2.066 11.561 -1.74
2.074 11.501 -1.731
0.298999 15.489 -1.782
0.322999 15.462 -1.779
0.370999 15.447 -1.777
0.419999 15.448 -1.777
0.466999 15.419 -1.774
0.514999 15.39 -1.77
0.562999 15.382 -1.769
0.610999 15.368 -1.768
0.634999 15.357 -1.767
0.681999 15.333 -1.764
0.728999 15.319 -1.762
0.776999 15.301 -1.76
0.823999 15.283 -1.758
0.871999 15.286 -1.759
0.918999 15.269 -1.757
0.942999 15.266 -1.757
0.990999 15.253 -1.756
1.037 15.234 -1.754
1.085 15.233 -1.754
1.132 15.213 -1.752
1.179 15.194 -1.75
1.226 15.182 -1.749
1.248 15.162 -1.747
1.295 15.151 -1.745
1.342 15.144 -1.745
1.388 15.124 -1.743
1.435 15.112 -1.742
1.482 15.098 -1.741
1.529 15.093 -1.741
1.55 15.069 -1.738
1.596 15.048 -1.736
1.639 15.005 -1.731
5.708 10.34 -1.033
5.708 10.263 -1.026
5.681 10.178 -1.016
5.683 10.108 -1.01
5.67 10.01 -1.001
5.671 9.939 -0.994
5.66 9.849 -0.985
5.664 9.785 -0.98
5.611 9.205 -0.726
5.606 9.131 -0.72
5.604 9.064 -0.715
5.603 8.999 -0.71
5.585 8.938 -0.705
5.576 8.861 -0.699
5.579 8.805 -0.695
5.571 8.732 -0.689
5.569 8.667 -0.685
5.559 8.592 -0.679
5.555 8.526 -0.674
