4.23727 -1.49411 -0.266401 0.0651633
-3.58 8.359 -1.636
-3.557 8.377 -1.638
-3.536 8.401 -1.64
-3.519 8.435 -1.645
-3.502 8.47 -1.65
-3.49 8.516 -1.657
-3.469 8.541 -1.66
-3.471 8.583 -1.668
-3.436 8.574 -1.664
-3.417 8.606 -1.668
-3.393 8.624 -1.67
-3.373 8.653 -1.674
-3.348 8.667 -1.674
-3.338 8.684 -1.677
-3.316 8.709 -1.68
-3.3 8.747 -1.685
-3.276 8.768 -1.688
-4.529 21.108 -1.389
-4.473 21.171 -1.393
-4.416 21.23 -1.396
-4.392 21.28 -1.4
-4.331 21.325 -1.402
-4.276 21.399 -1.407
-4.215 21.439 -1.409
-4.157 21.501 -1.412
-4.095 21.546 -1.415
-4.037 21.608 -1.418
-4.012 21.665 -1.422
-3.954 21.728 -1.426
-3.891 21.774 -1.429
-3.833 21.845 -1.433
-3.772 21.9 -1.436
-3.712 21.963 -1.44
