6.36088 -1.89436 0.242341 -0.00829427
2.267 3.464 -1.628
2.266 3.451 -1.623
2.274 3.44 -1.621
2.281 3.426 -1.618
2.286 3.412 -1.614
2.31 3.423 -1.623
2.297 3.382 -1.606
2.302 3.366 -1.602
2.28 3.323 -1.581
2.308 3.341 -1.595
2.295 3.301 -1.578
1.897 5.47 -1.671
1.905 5.464 -1.669
1.922 5.458 -1.669
1.934 5.437 -1.665
1.946 5.417 -1.66
1.954 5.385 -1.652
1.962 5.354 -1.643
1.964 5.335 -1.638
1.975 5.313 -1.633
1.991 5.303 -1.632
2.009 5.302 -1.633
2.029 5.304 -1.636
2.042 5.287 -1.633
2.056 5.276 -1.631
2.058 5.256 -1.626
2.078 5.259 -1.629
2.096 5.254 -1.629
2.106 5.233 -1.624
2.115 5.207 -1.618
2.134 5.206 -1.62
2.142 5.179 -1.613
2.137 5.144 -1.603
2.152 5.134 -1.601
2.169 5.131 -1.603
2.179 5.11 -1.598
1.957 6.28 -1.664
1.972 6.259 -1.66
1.986 6.234 -1.655
1.993 6.19 -1.644
1.99 6.144 -1.632
2.001 6.114 -1.625
2.02 6.106 -1.624
2.036 6.092 -1.622
2.054 6.082 -1.621
2.073 6.076 -1.621
2.093 6.071 -1.622
2.098 6.055 -1.618
2.105 6.013 -1.608
