5.50396 -2.84183 -0.0470686 0.0477444
-3.756 1.862 -1.65
-3.774 1.886 -1.661
-3.816 1.922 -1.684
-3.828 1.943 -1.692
-3.84 1.965 -1.701
-4.776 8.413 -1.749
-4.758 8.443 -1.752
-4.733 8.46 -1.752
-4.714 8.489 -1.755
-4.706 8.506 -1.758
-4.674 8.511 -1.755
-4.655 8.539 -1.758
-4.636 8.569 -1.762
-4.612 8.589 -1.763
-4.587 8.607 -1.764
-4.563 8.626 -1.765
-4.554 8.642 -1.767
-4.527 8.656 -1.767
-4.507 8.685 -1.77
-4.481 8.702 -1.771
-4.456 8.72 -1.771
-4.437 8.751 -1.775
-4.41 8.765 -1.775
-4.398 8.775 -1.776
-4.367 8.784 -1.775
-4.344 8.806 -1.777
-4.315 8.816 -1.776
-4.295 8.846 -1.779
-4.287 8.9 -1.788
-4.265 8.928 -1.791
-4.261 8.954 -1.795
-4.237 8.976 -1.797
-4.211 8.994 -1.798
-4.186 9.015 -1.8
-1.991 14.869 -1.719
-1.946 14.889 -1.721
-1.924 14.905 -1.723
-1.879 14.923 -1.724
-1.833 14.939 -1.726
-1.787 14.949 -1.726
-1.742 14.978 -1.729
-1.697 14.997 -1.731
-1.649 14.998 -1.731
-1.626 15.005 -1.731
-1.582 15.034 -1.734
-1.535 15.048 -1.735
-1.489 15.063 -1.737
-1.442 15.073 -1.737
-1.396 15.094 -1.739
-1.349 15.098 -1.739
-1.326 15.116 -1.741
-1.279 15.126 -1.742
-1.232 15.13 -1.742
-1.186 15.155 -1.745
-1.139 15.163 -1.745
-1.091 15.171 -1.746
-1.045 15.186 -1.748
-1.022 15.205 -1.75
-0.975001 15.216 -1.751
-0.928001 15.235 -1.753
-0.880001 15.248 -1.754
-0.834001 15.27 -1.757
-0.786001 15.283 -1.758
-0.762001 15.292 -1.759
-0.715001 15.306 -1.76
-0.667001 15.318 -1.762
-0.620001 15.332 -1.763
-0.572001 15.342 -1.764
-0.524001 15.348 -1.765
-0.476001 15.357 -1.766
-0.428001 15.366 -1.767
-0.404001 15.381 -1.769
-0.356001 15.408 -1.772
-1.54 19.362 -1.708
-1.481 19.389 -1.71
-1.422 19.415 -1.712
-1.395 19.461 -1.716
-1.336 19.503 -1.72
-1.276 19.527 -1.722
-1.217 19.573 -1.726
-1.157 19.594 -1.728
-1.098 19.642 -1.732
-1.038 19.683 -1.736
-1.008 19.692 -1.737
-0.948001 19.743 -1.741
-0.887001 19.754 -1.742
-0.827001 19.806 -1.747
-0.765001 19.827 -1.749
-0.704001 19.861 -1.752
-0.673001 19.87 -1.753
-0.612001 19.908 -1.756
-0.550001 19.919 -1.757
-0.487001 19.933 -1.758
-1.762 26.235 -1.736
-1.723 26.273 -1.739
-1.643 26.306 -1.741
-1.563 26.363 -1.745
-1.483 26.414 -1.748
-1.403 26.48 -1.753
-1.324 26.556 -1.758
-1.243 26.62 -1.762
-1.202 26.642 -1.764
-1.121 26.691 -1.767
-1.038 26.716 -1.769
-0.955001 26.763 -1.772
-0.872001 26.804 -1.775
-0.789001 26.833 -1.777
-0.706001 26.889 -1.781
-0.666001 26.972 -1.787
