2.99195 -0.30935 0.021027 -0.000563777
1.813 4.046 -1.752
1.816 4.018 -1.741
1.826 4.007 -1.739
1.827 3.978 -1.728
1.837 3.966 -1.725
1.836 3.932 -1.712
1.84 3.909 -1.704
1.841 3.895 -1.699
1.771 4.548 -1.735
1.778 4.524 -1.727
1.782 4.494 -1.717
1.781 4.47 -1.708
1.786 4.442 -1.699
1.793 4.421 -1.693
1.792 4.379 -1.678
1.741 5.127 -1.723
1.748 5.096 -1.714
1.751 5.053 -1.701
1.753 5.01 -1.687
1.765 4.992 -1.683
1.769 4.956 -1.672
1.664 5.711 -1.72
1.682 5.708 -1.72
1.7 5.701 -1.72
1.707 5.661 -1.708
1.707 5.627 -1.698
1.716 5.592 -1.689
1.715 5.526 -1.669
1.723 5.492 -1.66
1.728 5.448 -1.648
1.635 6.571 -1.717
1.655 6.562 -1.716
1.664 6.513 -1.704
1.664 6.47 -1.692
1.673 6.419 -1.679
1.683 6.375 -1.668
1.689 6.317 -1.654
1.583 7.708 -1.7
1.6 7.667 -1.691
1.61 7.595 -1.675
1.609 7.533 -1.661
1.619 7.462 -1.646
1.502 9.261 -1.692
1.517 9.169 -1.675
1.53 9.073 -1.657
1.54 8.958 -1.635
1.327 11.422 -1.701
1.355 11.351 -1.69
1.381 11.268 -1.678
1.399 11.119 -1.654
1.416 10.975 -1.632
1.171 14.524 -1.664
1.2 14.324 -1.639
1.234 14.198 -1.623
1.255 13.931 -1.59
0.732999 19.065 -1.674
0.792999 19.061 -1.674
0.849999 18.99 -1.667
0.908999 18.964 -1.665
0.953999 18.678 -1.637
0.971999 18.46 -1.616
1.01 18.084 -1.579
1.056 17.893 -1.56
10.811 43.496 -1.79
10.929 43.389 -1.786
11.008 43.13 -1.776
11.122 43.015 -1.773
11.172 42.654 -1.757
11.265 42.464 -1.75
11.232 42.074 -1.733
