1.93559 -0.0572299 0.000796016 -1.90378e-05
1.673 4.073 -1.739
1.675 4.059 -1.734
1.686 4.05 -1.732
1.695 4.036 -1.728
1.699 4.011 -1.719
1.71 4.002 -1.717
1.713 3.973 -1.706
1.717 3.949 -1.698
1.713 3.923 -1.687
1.655 4.5 -1.702
1.666 4.486 -1.699
1.675 4.469 -1.694
1.681 4.443 -1.685
1.685 4.41 -1.674
1.688 4.378 -1.663
1.691 4.345 -1.652
1.585 5.169 -1.721
1.597 5.151 -1.716
1.612 5.143 -1.715
1.622 5.118 -1.708
1.625 5.073 -1.694
1.639 5.063 -1.692
1.646 5.056 -1.691
1.655 5.03 -1.683
1.659 4.992 -1.671
1.672 4.978 -1.668
1.556 5.742 -1.72
1.563 5.696 -1.707
1.56 5.614 -1.682
1.573 5.594 -1.677
1.595 5.606 -1.682
1.611 5.593 -1.68
1.624 5.574 -1.675
1.626 5.545 -1.667
1.568 6.565 -1.711
1.579 6.519 -1.699
1.595 6.495 -1.694
1.593 6.446 -1.681
1.6 6.386 -1.666
1.611 6.344 -1.655
1.549 7.663 -1.688
1.549 7.604 -1.674
1.559 7.532 -1.659
1.567 7.449 -1.64
1.574 7.367 -1.622
1.427 9.358 -1.708
1.441 9.254 -1.689
1.465 9.215 -1.682
1.483 9.14 -1.668
1.506 9.103 -1.662
1.513 8.968 -1.636
1.357 11.373 -1.694
1.387 11.317 -1.685
1.393 11.219 -1.67
1.404 11.023 -1.639
1.417 10.848 -1.612
1.279 14.441 -1.655
1.302 14.196 -1.624
1.324 13.967 -1.595
1.346 13.735 -1.566
1.383 13.68 -1.559
1.109 18.819 -1.652
1.118 18.458 -1.616
1.148 18.002 -1.572
1.189 17.765 -1.549
