-102.194 81.234 -21.1168 1.882
3.183 3.035 -1.737
3.178 3.021 -1.731
3.185 3.009 -1.73
3.184 2.989 -1.724
3.195 2.98 -1.724
3.196 2.962 -1.72
3.187 2.936 -1.71
3.168 2.9 -1.693
3.163 2.887 -1.688
3.175 2.879 -1.689
3.171 2.858 -1.682
3.505 3.319 -1.714
3.463 3.259 -1.687
3.453 3.229 -1.676
3.448 3.204 -1.669
3.451 3.187 -1.665
3.451 3.177 -1.662
3.878 3.707 -1.707
3.88 3.686 -1.702
3.876 3.671 -1.698
3.879 3.651 -1.694
3.866 3.615 -1.682
3.831 3.561 -1.661
3.833 3.54 -1.656
4.576 3.672 -1.694
4.568 3.642 -1.687
4.572 3.633 -1.686
4.597 3.63 -1.691
4.605 3.613 -1.69
4.597 3.583 -1.682
4.61 3.57 -1.683
4.591 3.532 -1.671
4.603 3.518 -1.672
4.621 3.52 -1.676
4.603 3.484 -1.665
4.611 3.467 -1.664
4.62 3.451 -1.663
4.604 3.416 -1.653
4.599 3.39 -1.647
4.606 3.384 -1.648
4.592 3.352 -1.638
5.276 3.931 -1.665
5.268 3.9 -1.658
5.267 3.886 -1.655
5.293 3.88 -1.66
5.271 3.838 -1.649
5.284 3.822 -1.649
5.26 3.78 -1.637
5.246 3.744 -1.628
5.16 3.658 -1.596
7.566 4.861 -1.617
7.535 4.825 -1.608
7.443 4.732 -1.583
7.405 4.675 -1.571
7.37 4.621 -1.56
7.392 4.603 -1.562
7.402 4.576 -1.56
