1.59838 0.0295696 -0.00264593 9.61621e-05
1.696 3.968 -1.702
1.693 3.929 -1.686
1.698 3.907 -1.679
1.698 3.873 -1.665
1.7 3.846 -1.655
1.699 3.828 -1.648
1.664 4.501 -1.703
1.672 4.482 -1.698
1.673 4.462 -1.691
1.681 4.443 -1.685
1.688 4.418 -1.677
1.689 4.382 -1.664
1.689 4.34 -1.65
1.667 5.655 -1.703
1.678 5.626 -1.695
1.682 5.576 -1.681
1.684 5.552 -1.674
1.693 5.517 -1.665
1.695 5.461 -1.648
1.699 5.415 -1.635
1.699 6.437 -1.686
1.704 6.373 -1.669
1.715 6.334 -1.66
1.717 6.264 -1.642
1.714 6.213 -1.628
1.689 7.56 -1.671
1.71 7.539 -1.668
1.723 7.488 -1.657
1.72 7.419 -1.641
1.727 7.343 -1.624
1.731 7.258 -1.605
1.545 9.164 -1.675
1.571 9.138 -1.671
1.597 9.119 -1.668
1.609 9.103 -1.665
1.636 9.092 -1.664
1.662 9.072 -1.661
1.683 9.022 -1.652
1.693 8.92 -1.633
1.722 8.922 -1.635
1.755 8.942 -1.64
1.754 8.862 -1.625
1.758 8.733 -1.6
1.647 10.995 -1.64
1.664 10.986 -1.639
1.697 10.977 -1.639
1.73 10.962 -1.637
1.747 10.845 -1.619
1.755 10.678 -1.593
1.765 10.53 -1.57
1.714 14.064 -1.613
1.753 14.017 -1.607
1.791 13.965 -1.601
1.805 13.735 -1.572
1.815 13.485 -1.541
1.804 13.25 -1.511
