1.63348 0.0534648 -0.00563483 0.000194741
1.767 3.977 -1.717
1.772 3.955 -1.71
1.776 3.931 -1.701
1.782 3.914 -1.696
1.778 3.871 -1.679
1.774 3.832 -1.663
2.751 3.04 -1.482
2.739 3.007 -1.47
2.726 2.974 -1.456
2.707 2.934 -1.44
2.695 2.902 -1.427
2.7 2.889 -1.425
2.711 3.015 -1.302
2.694 2.986 -1.291
2.695 2.968 -1.286
2.708 2.964 -1.288
2.69 2.924 -1.274
2.701 2.919 -1.275
2.707 2.906 -1.273
2.697 2.887 -1.266
2.7 2.871 -1.263
2.698 2.852 -1.257
2.703 2.839 -1.255
2.701 2.818 -1.249
1.789 5.641 -1.71
1.794 5.597 -1.698
1.802 5.559 -1.687
1.793 5.503 -1.67
1.799 5.463 -1.659
1.797 6.52 -1.715
1.805 6.468 -1.701
1.811 6.412 -1.687
1.82 6.365 -1.676
1.823 6.3 -1.659
1.79 7.785 -1.727
1.797 7.757 -1.721
1.814 7.721 -1.714
1.824 7.653 -1.699
1.832 7.581 -1.683
1.841 7.512 -1.669
1.764 9.636 -1.772
1.787 9.59 -1.764
1.815 9.576 -1.763
1.836 9.52 -1.753
1.845 9.405 -1.731
1.837 9.284 -1.708
1.716 12.262 -1.841
1.752 12.237 -1.838
1.789 12.22 -1.836
1.822 12.183 -1.831
1.824 12.063 -1.812
1.831 11.854 -1.78
1.836 11.639 -1.746
2.322 58.7 -2.409
2.469 57.824 -2.371
2.622 57.201 -2.343
2.776 56.662 -2.32
2.952 56.615 -2.318
3.092 55.931 -2.288
