-6.65536 3.69661 -0.9102 0.0689004
-2.661 1.027 -1.113
-2.68 1.043 -1.123
-2.708 1.059 -1.136
-2.721 1.074 -1.144
-2.725 1.085 -1.148
-2.761 1.109 -1.166
-2.747 1.114 -1.161
-2.73 1.117 -1.155
-2.755 1.137 -1.168
-2.757 1.148 -1.171
-2.5 3.606 -1.547
-2.522 3.663 -1.57
-2.533 3.692 -1.581
-2.529 3.71 -1.586
-2.511 3.709 -1.582
-2.506 3.726 -1.586
-2.525 3.781 -1.608
-2.526 3.809 -1.617
-2.397 4.941 -1.75
-2.403 4.993 -1.767
-2.379 4.983 -1.76
-2.404 5.078 -1.793
-2.394 5.077 -1.791
-2.389 5.108 -1.8
-2.377 5.124 -1.803
-2.316 6.377 -1.72
-2.326 6.468 -1.744
-2.326 6.5 -1.753
-2.309 6.517 -1.755
-2.311 6.588 -1.774
-2.298 6.617 -1.78
-2.341 4.737 -1.145
-2.352 4.797 -1.159
-2.356 4.845 -1.169
-2.336 4.842 -1.166
-2.378 4.951 -1.194
-2.382 4.999 -1.205
-2.367 5.008 -1.206
-2.348 5.008 -1.204
-10.299 8.254 -1.489
-10.288 8.299 -1.491
-10.309 8.342 -1.497
-10.344 8.425 -1.507
-10.324 8.462 -1.508
-10.312 8.507 -1.511
-10.281 8.536 -1.51
-10.315 8.619 -1.52
-10.294 8.657 -1.521
-10.302 8.691 -1.525
-10.282 8.73 -1.526
-10.277 8.781 -1.53
-10.263 8.825 -1.532
-10.251 8.872 -1.535
-10.249 8.926 -1.539
-10.341 9.546 -0.928
-10.356 9.62 -0.933
-10.357 9.681 -0.936
-10.355 9.741 -0.939
-10.364 9.811 -0.944
-10.361 9.871 -0.947
-10.338 9.91 -0.948
-10.355 9.958 -0.951
-10.348 10.014 -0.954
-10.358 10.087 -0.959
-10.347 10.141 -0.961
-10.324 10.182 -0.962
-10.351 10.273 -0.969
-10.325 10.311 -0.97
-10.345 10.364 -0.974
-10.354 10.439 -0.978
