-3.49527 0.363529 -0.0363022 0.00103955
-2.788 1.468 -1.012
-2.821 1.492 -1.026
-2.821 1.503 -1.028
-2.816 1.512 -1.028
-2.828 1.53 -1.035
-2.799 1.525 -1.025
-2.858 1.57 -1.051
-2.906 1.603 -1.072
-2.425 4.003 -1.327
-2.446 4.066 -1.347
-2.494 4.173 -1.383
-2.47 4.148 -1.373
-2.466 4.172 -1.379
-2.491 5.717 -1.572
-2.504 5.798 -1.593
-2.543 5.937 -1.632
-2.454 10.068 -1.52
-2.461 10.235 -1.546
-2.458 10.362 -1.566
-2.432 10.397 -1.57
-2.407 10.439 -1.576
-2.371 10.431 -1.573
-2.34 10.446 -1.575
-2.325 10.457 -1.576
-2.301 10.505 -1.582
-2.351 9.259 -1.089
-2.375 9.416 -1.111
-2.374 9.535 -1.126
-2.368 9.639 -1.14
