14.1017 -5.71515 0.46517 -0.0096751
-4.346 11.338 -1.354
-4.318 11.372 -1.357
-4.282 11.386 -1.357
-4.271 11.411 -1.359
-4.24 11.44 -1.361
-4.207 11.46 -1.362
-4.175 11.483 -1.363
-4.141 11.501 -1.364
-4.104 11.514 -1.364
-4.077 11.552 -1.367
-4.057 11.552 -1.367
-4.024 11.576 -1.368
-3.993 11.604 -1.37
-3.959 11.624 -1.371
-3.923 11.638 -1.372
-3.891 11.664 -1.373
-3.855 11.678 -1.374
-3.841 11.697 -1.375
-3.807 11.718 -1.377
-3.772 11.736 -1.377
-3.734 11.744 -1.377
-3.7 11.765 -1.378
-3.664 11.78 -1.379
-3.631 11.803 -1.38
-3.618 11.828 -1.383
-3.578 11.83 -1.381
-3.539 11.837 -1.381
-3.515 11.89 -1.387
-3.49 11.945 -1.392
-3.462 11.99 -1.397
-3.446 12.003 -1.398
-3.412 12.027 -1.4
-3.379 12.055 -1.402
-3.349 12.096 -1.406
-3.313 12.114 -1.407
