1.6302 0.0151059 -0.00197135 0.000113882
1.644 4.057 -1.728
1.644 4.039 -1.721
1.656 4.031 -1.72
1.668 4.026 -1.72
1.67 3.995 -1.708
1.678 3.979 -1.703
1.683 3.956 -1.695
1.694 3.947 -1.693
1.687 3.914 -1.679
1.688 3.885 -1.668
1.666 4.55 -1.721
1.669 4.515 -1.709
1.671 4.479 -1.696
1.679 4.458 -1.69
1.68 4.419 -1.676
1.684 4.388 -1.666
1.63 5.089 -1.7
1.639 5.063 -1.692
1.662 5.077 -1.699
1.673 5.058 -1.694
1.682 5.034 -1.687
1.69 5.004 -1.678
1.688 4.949 -1.66
1.685 4.915 -1.649
1.662 5.636 -1.697
1.67 5.598 -1.687
1.682 5.576 -1.681
1.684 5.52 -1.665
1.683 5.454 -1.645
1.679 5.409 -1.632
1.693 6.456 -1.69
1.692 6.409 -1.678
1.699 6.355 -1.664
1.7 6.277 -1.644
1.706 6.223 -1.63
1.704 7.628 -1.688
1.711 7.543 -1.669
1.717 7.462 -1.65
1.717 7.354 -1.626
1.697 9.181 -1.683
1.706 9.151 -1.678
1.725 9.092 -1.667
1.737 9.001 -1.65
1.743 8.876 -1.627
1.747 8.75 -1.603
1.639 11.184 -1.67
1.673 11.173 -1.669
1.701 11.115 -1.66
1.715 10.975 -1.639
1.713 10.849 -1.619
1.679 14.336 -1.647
1.727 14.352 -1.65
1.75 14.356 -1.65
1.79 14.307 -1.645
1.803 14.063 -1.614
1.806 13.745 -1.574
1.82 13.527 -1.546
