-1.65846 0.79033 -0.0161229 -0.000581376
1.368 22.069 -1.428
1.434 22.007 -1.424
1.463 21.927 -1.418
1.526 21.826 -1.411
1.588 21.736 -1.405
1.651 21.653 -1.399
1.714 21.586 -1.394
1.775 21.501 -1.388
1.837 21.424 -1.383
1.897 21.341 -1.377
1.62 27.691 -1.189
1.706 27.676 -1.189
1.791 27.628 -1.187
1.865 27.431 -1.177
1.893 27.213 -1.166
1.974 27.145 -1.163
2.048 26.987 -1.155
2.111 26.71 -1.142
2.191 26.645 -1.139
2.281 26.712 -1.143
2.374 26.818 -1.148
2.417 26.816 -1.148
2.487 26.66 -1.141
2.559 26.53 -1.135
2.642 26.516 -1.134
2.668 25.943 -1.106
2.737 25.814 -1.1
2.811 25.745 -1.097
