2.53507 -0.116991 0.000864524 3.39487e-05
1.892 3.954 -1.731
1.892 3.923 -1.719
1.891 3.889 -1.706
1.895 3.867 -1.698
1.902 3.851 -1.693
1.898 3.814 -1.679
1.791 5.089 -1.717
1.803 5.073 -1.713
1.814 5.053 -1.708
1.807 5.011 -1.694
1.81 4.972 -1.682
1.818 4.945 -1.674
1.822 4.909 -1.663
1.731 5.673 -1.714
1.743 5.652 -1.709
1.755 5.626 -1.703
1.766 5.599 -1.695
1.765 5.535 -1.676
1.77 5.491 -1.664
1.764 5.443 -1.649
1.688 6.519 -1.707
1.697 6.473 -1.695
1.702 6.408 -1.678
1.72 6.393 -1.676
1.724 6.33 -1.66
1.731 6.274 -1.645
1.632 7.642 -1.687
1.632 7.58 -1.673
1.64 7.505 -1.656
1.652 7.446 -1.644
1.661 7.374 -1.628
1.502 9.167 -1.674
1.528 9.145 -1.671
1.541 9.051 -1.653
1.554 8.951 -1.635
1.57 8.881 -1.622
1.581 8.777 -1.602
2.672 5.258 -0.869
2.681 5.234 -0.866
2.671 5.176 -0.857
2.667 5.128 -0.849
2.657 5.091 -0.843
2.644 5.028 -0.833
2.603 4.914 -0.812
0.804999 18.636 -1.632
0.859999 18.556 -1.624
0.915999 18.489 -1.618
0.965999 18.343 -1.604
0.974999 17.96 -1.566
