-3.1019 -0.0165936 -0.00199408 3.98856e-05
-3.155 2.89 -1.686
-3.175 2.917 -1.7
-3.163 2.925 -1.699
-3.163 2.943 -1.704
-3.155 2.955 -1.705
-3.161 2.978 -1.713
-3.155 2.992 -1.716
-3.151 3.007 -1.719
-3.168 3.033 -1.731
-3.166 3.05 -1.736
-3.167 3.071 -1.742
-3.255 4.2 -1.689
-3.263 4.239 -1.702
-3.257 4.258 -1.705
-3.254 4.282 -1.711
-3.246 4.3 -1.714
-3.259 4.333 -1.726
-3.257 4.358 -1.732
-3.262 4.394 -1.743
-3.273 4.776 -1.671
-3.268 4.801 -1.676
-3.259 4.82 -1.679
-3.265 4.846 -1.687
-3.262 4.874 -1.694
-3.263 4.908 -1.703
-3.243 4.912 -1.7
-3.228 4.922 -1.7
-3.229 4.957 -1.71
-3.214 4.969 -1.71
-3.21 4.979 -1.712
-3.195 4.991 -1.713
-3.194 5.023 -1.721
-3.18 5.036 -1.722
-3.166 5.05 -1.723
-3.15 5.06 -1.723
-3.145 5.086 -1.729
-3.136 5.089 -1.729
-3.131 5.117 -1.735
-3.119 5.135 -1.738
-3.318 5.577 -1.64
-3.311 5.605 -1.646
-3.308 5.641 -1.654
-3.308 5.681 -1.663
-3.294 5.698 -1.665
-3.288 5.728 -1.672
-3.298 5.787 -1.687
-3.306 5.823 -1.696
-3.322 6.727 -1.615
-3.32 6.778 -1.625
-3.319 6.829 -1.636
-3.313 6.87 -1.644
-3.31 6.921 -1.654
-3.292 6.939 -1.656
-3.28 6.97 -1.661
-3.282 7.002 -1.668
-3.363 8.281 -1.606
-3.367 8.366 -1.622
-3.358 8.421 -1.631
-3.352 8.48 -1.641
-3.349 8.551 -1.654
-3.363 8.628 -1.668
-3.528 10.447 -1.626
-3.526 10.55 -1.641
-3.518 10.636 -1.654
-3.497 10.686 -1.66
-3.488 10.716 -1.664
-3.463 10.753 -1.669
-3.446 10.817 -1.678
-3.659 13.307 -1.566
-3.653 13.453 -1.584
-3.659 13.642 -1.607
-3.658 13.815 -1.629
-3.648 13.953 -1.645
-3.851 17.17 -1.528
-3.846 17.401 -1.55
-3.848 17.674 -1.576
-3.825 17.838 -1.592
-3.82 18.087 -1.616
-3.775 18.157 -1.621
-3.738 18.267 -1.631
-4.065 22.537 -1.486
-4.09 23.088 -1.526
-4.052 23.299 -1.541
-4.037 23.429 -1.551
-3.983 23.556 -1.559
-3.924 23.657 -1.566
-3.854 23.699 -1.568
