-3.42662 -0.0950516 0.0130756 -0.000546738
-3.476 2.378 -1.658
-3.478 2.396 -1.663
-3.475 2.41 -1.665
-3.497 2.433 -1.679
-3.496 2.45 -1.682
-3.523 2.485 -1.7
-3.547 2.519 -1.717
-11.373 8.214 -1.595
-11.376 8.271 -1.6
-11.382 8.33 -1.605
-11.378 8.382 -1.608
-11.379 8.438 -1.613
-11.376 8.491 -1.616
-11.387 8.527 -1.62
-11.388 8.584 -1.625
-11.388 8.641 -1.629
-11.388 8.697 -1.633
-11.384 8.751 -1.637
-11.375 8.801 -1.64
-11.366 8.851 -1.643
-11.377 8.889 -1.647
-11.366 8.938 -1.65
-11.849 11.687 -1.434
-11.855 11.766 -1.44
-11.856 11.841 -1.446
-11.852 11.912 -1.45
-11.847 11.982 -1.455
-11.844 12.054 -1.46
-11.847 12.133 -1.465
-11.875 12.2 -1.472
-11.863 12.264 -1.476
-11.865 12.343 -1.481
-11.861 12.417 -1.486
