-988.87 686.694 -156.455 11.6351
-2.671 3.302 -1.673
-2.716 3.38 -1.71
-2.701 3.384 -1.708
-2.75 3.468 -1.748
-2.749 3.49 -1.755
-2.712 3.453 -1.734
-2.683 3.438 -1.721
-2.678 3.454 -1.725
-2.667 3.462 -1.725
-2.713 3.546 -1.765
-2.718 3.576 -1.776
-2.706 3.583 -1.776
-2.695 3.592 -1.776
-2.695 3.603 -1.779
-2.697 3.631 -1.79
-2.672 3.62 -1.779
-2.672 3.645 -1.788
-2.664 3.858 -1.662
-2.68 3.895 -1.676
-2.698 3.948 -1.697
-2.735 4.03 -1.73
-2.734 4.057 -1.739
-4.071 0.961 -1.174
-4.083 0.978 -1.178
-4.134 1.003 -1.195
-4.194 1.031 -1.216
-4.206 1.048 -1.22
-4.239 1.071 -1.232
-4.258 1.089 -1.239
-2.707 4.351 -1.106
-2.701 4.372 -1.11
-2.727 4.447 -1.128
-2.72 4.467 -1.132
-2.739 4.514 -1.144
-2.734 4.538 -1.148
-2.716 4.54 -1.146
-2.731 4.599 -1.16
-2.749 8.302 -1.569
-2.748 8.387 -1.584
-2.787 8.597 -1.625
-2.779 8.664 -1.637
-2.769 8.725 -1.648
-10.776 4.265 -1.283
-10.766 4.301 -1.284
-10.769 4.341 -1.286
-10.76 4.357 -1.286
-10.774 4.402 -1.289
-10.771 4.441 -1.291
-10.785 4.486 -1.295
-10.745 4.509 -1.291
-10.753 4.552 -1.294
-10.738 4.586 -1.294
-10.746 4.629 -1.297
-10.747 4.65 -1.298
-10.762 4.696 -1.303
-10.749 4.731 -1.303
-10.779 4.785 -1.309
-10.759 4.816 -1.308
-10.765 4.86 -1.311
-10.764 4.9 -1.313
-10.778 4.927 -1.317
-10.772 4.965 -1.318
-10.799 5.019 -1.324
-10.796 5.059 -1.326
-10.801 5.103 -1.329
-10.776 5.133 -1.327
-10.776 5.153 -1.328
-10.784 5.199 -1.332
-10.779 5.238 -1.334
-10.78 5.281 -1.336
-10.77 5.793 -1.076
-10.785 5.845 -1.08
-10.773 5.882 -1.081
-10.781 5.931 -1.084
-10.782 5.953 -1.085
-10.789 6.002 -1.088
-10.784 6.043 -1.09
-10.787 6.09 -1.093
-10.773 6.127 -1.093
-10.799 6.186 -1.099
-10.786 6.224 -1.1
-10.778 6.242 -1.1
-10.793 6.296 -1.104
-10.785 6.337 -1.105
-10.786 6.383 -1.108
-10.779 6.425 -1.11
-10.788 6.477 -1.113
-10.774 6.515 -1.114
-10.783 6.566 -1.117
-10.784 6.59 -1.119
-10.789 6.64 -1.122
-10.79 6.687 -1.125
-10.777 6.726 -1.126
-10.784 5.696 -0.777
-10.787 5.741 -0.779
-10.797 5.768 -0.781
-10.809 5.818 -0.784
-10.803 5.859 -0.785
-10.795 5.899 -0.786
-10.807 5.95 -0.789
-10.816 5.999 -0.791
-10.805 6.037 -0.792
-10.818 6.067 -0.794
-10.809 6.107 -0.795
-10.798 6.146 -0.796
-10.795 6.188 -0.797
-10.791 6.231 -0.798
-10.79 6.276 -0.8
-10.799 6.327 -0.803
-10.801 6.351 -0.804
-10.805 6.399 -0.806
-10.807 6.447 -0.808
-10.808 6.493 -0.81
-10.821 6.548 -0.814
-10.812 6.589 -0.815
-10.809 6.633 -0.816
-10.815 6.661 -0.818
-10.823 6.713 -0.821
-10.817 6.756 -0.822
-10.821 6.806 -0.824
-10.81 6.846 -0.825
-10.803 6.89 -0.827
-10.839 5.887 -0.19
-10.847 5.935 -0.191
-10.847 5.98 -0.192
-10.852 6.005 -0.193
-10.829 6.037 -0.192
-10.833 6.084 -0.193
-10.819 6.121 -0.193
-10.82 6.166 -0.194
-10.811 6.206 -0.195
-10.825 6.259 -0.196
-10.824 6.281 -0.196
-10.84 6.337 -0.198
-10.825 6.374 -0.198
-10.836 6.426 -0.199
-10.829 6.468 -0.199
-10.818 6.508 -0.2
-10.818 6.554 -0.2
-10.812 6.597 -0.201
-10.822 6.627 -0.202
-10.832 6.68 -0.203
-10.825 6.722 -0.203
-10.822 6.768 -0.204
-10.813 6.809 -0.205
-10.816 6.859 -0.206
-10.818 6.908 -0.206
-10.819 6.933 -0.207
-10.816 6.979 -0.208
-10.827 7.035 -0.209
-10.809 7.071 -0.209
-10.816 7.125 -0.21
-10.822 7.177 -0.211
-10.832 7.209 -0.212
-10.833 7.259 -0.213
-10.835 7.309 -0.214
-10.827 7.353 -0.215
-10.828 7.404 -0.215
-10.818 7.447 -0.216
-10.826 7.503 -0.217
-10.826 7.528 -0.218
-10.822 7.576 -0.218
-10.816 7.623 -0.219
-10.831 7.684 -0.221
-10.824 7.731 -0.221
-10.821 7.78 -0.222
-10.835 7.842 -0.224
-10.846 7.876 -0.225
-10.843 7.927 -0.226
-10.839 7.976 -0.226
-10.83 8.022 -0.227
-10.839 8.081 -0.228
-10.831 8.128 -0.229
-10.835 8.185 -0.23
-10.838 8.214 -0.231
-10.849 8.276 -0.232
-10.831 8.317 -0.233
-10.843 8.38 -0.234
-10.837 8.43 -0.235
-10.839 8.486 -0.236
-10.835 8.539 -0.237
-10.849 8.577 -0.238
-10.847 8.631 -0.239
-10.833 8.676 -0.24
-10.836 8.734 -0.241
