-16.6216 1.98729 -0.173069 0.00580638
-4.358 6.906 -1.457
-4.363 6.961 -1.466
-4.409 7.059 -1.487
-4.443 7.163 -1.508
-4.446 7.217 -1.517
-1.332 15.571 -1.335
-1.286 15.603 -1.337
-1.239 15.634 -1.34
-1.215 15.65 -1.342
-1.169 15.688 -1.345
-1.121 15.713 -1.347
-1.073 15.73 -1.348
-1.024 15.752 -1.35
-0.976001 15.771 -1.352
-0.928001 15.807 -1.355
-0.904001 15.819 -1.356
-0.855001 15.839 -1.358
-0.806001 15.85 -1.359
-0.757001 15.87 -1.36
-0.708001 15.889 -1.362
-0.660001 15.927 -1.365
-0.635001 15.935 -1.366
-0.586001 15.959 -1.368
-0.537001 15.989 -1.371
-0.488001 16.04 -1.376
-0.439001 16.091 -1.381
-0.390001 16.158 -1.387
-1.457 19.91 -1.27
-1.428 19.942 -1.272
-1.366 19.966 -1.273
-1.306 20.008 -1.276
-1.245 20.034 -1.278
-1.184 20.068 -1.28
-1.122 20.099 -1.282
-1.092 20.133 -1.284
-1.031 20.174 -1.287
-0.969001 20.199 -1.289
-0.908001 20.252 -1.292
-0.845001 20.274 -1.294
-0.784001 20.347 -1.299
-0.720001 20.361 -1.3
-0.693001 20.504 -1.31
-0.633001 20.637 -1.32
