2.02753 -0.0593149 0.00689812 -0.000188294
1.895 4.073 -1.776
1.895 4.04 -1.764
1.9 4.018 -1.756
1.905 3.997 -1.749
1.901 3.956 -1.733
1.899 3.936 -1.725
1.887 4.649 -1.787
1.885 4.602 -1.769
1.885 4.581 -1.762
1.886 4.545 -1.75
1.887 4.506 -1.736
1.889 5.259 -1.783
1.893 5.221 -1.771
1.899 5.187 -1.761
1.893 5.145 -1.747
1.9 5.114 -1.738
1.898 5.061 -1.72
1.908 6.844 -1.807
1.906 6.752 -1.783
1.915 6.703 -1.771
1.909 6.643 -1.755
1.913 6.576 -1.738
1.92 6.523 -1.725
1.917 8.049 -1.794
1.921 8.01 -1.785
1.927 7.926 -1.766
1.933 7.841 -1.748
1.938 7.757 -1.729
1.944 7.675 -1.711
1.945 7.578 -1.689
1.924 11.837 -1.779
1.959 11.822 -1.778
1.988 11.767 -1.77
1.994 11.579 -1.741
2.001 11.402 -1.713
2.004 11.209 -1.683
2.067 15.519 -1.803
2.086 15.294 -1.775
2.091 14.985 -1.736
2.073 14.689 -1.698
11.038 21.802 -1.599
10.939 21.44 -1.572
10.97 21.335 -1.566
10.962 21.155 -1.554
10.937 20.945 -1.54
