1.75331 -0.0158304 0.00237198 -0.000101211
1.705 3.99 -1.712
1.708 3.979 -1.708
1.714 3.96 -1.702
1.723 3.946 -1.698
1.728 3.924 -1.69
1.733 3.903 -1.683
1.734 3.873 -1.672
1.74 3.854 -1.665
1.729 3.814 -1.648
1.715 4.466 -1.698
1.714 4.424 -1.683
1.718 4.394 -1.673
1.725 4.37 -1.665
1.727 4.337 -1.654
1.73 4.305 -1.643
1.728 6.425 -1.685
1.734 6.367 -1.67
1.739 6.306 -1.654
1.747 6.257 -1.642
1.738 6.184 -1.622
1.634 7.592 -1.676
1.653 7.566 -1.671
1.67 7.526 -1.663
1.69 7.508 -1.66
1.707 7.472 -1.652
1.728 7.455 -1.65
1.745 7.423 -1.643
1.738 7.339 -1.624
1.723 9.004 -1.65
1.744 8.96 -1.643
1.758 8.881 -1.628
1.763 8.76 -1.606
1.762 8.612 -1.577
1.715 10.749 -1.603
1.725 10.597 -1.58
1.734 10.441 -1.555
1.743 10.294 -1.533
1.635 14.155 -1.623
1.679 14.148 -1.623
1.702 14.152 -1.624
1.746 14.144 -1.623
1.778 14.042 -1.611
1.799 13.856 -1.588
1.807 13.588 -1.554
1.813 13.319 -1.52
10.112 17.509 -1.786
10.127 17.408 -1.778
10.173 17.361 -1.776
10.181 17.312 -1.773
10.23 17.272 -1.772
10.264 17.205 -1.768
10.299 17.141 -1.764
10.332 17.074 -1.76
10.361 17.001 -1.755
10.445 17.019 -1.761
10.442 16.953 -1.756
10.47 16.88 -1.751
10.52 16.842 -1.75
10.534 16.746 -1.743
10.549 16.654 -1.736
