-3.05161 -0.153887 0.0189967 -0.000756856
-3.39 2.752 -1.724
-3.384 2.765 -1.725
-3.38 2.771 -1.725
-3.381 2.79 -1.731
-3.382 2.808 -1.736
-3.382 2.826 -1.741
-3.381 2.844 -1.745
-3.377 2.858 -1.748
-3.375 2.875 -1.752
-3.38 2.889 -1.757
-3.372 2.9 -1.758
-3.36 2.909 -1.756
-3.35 2.918 -1.755
-3.354 2.941 -1.763
-3.358 2.962 -1.77
-3.35 2.974 -1.771
-3.346 2.98 -1.772
-3.331 2.986 -1.769
-3.327 3.001 -1.772
-3.319 3.013 -1.773
-3.313 3.026 -1.774
-3.393 3.375 -1.699
-3.398 3.402 -1.707
-3.403 3.429 -1.716
-3.405 3.453 -1.723
-3.41 3.469 -1.728
-3.41 3.49 -1.734
-3.409 3.512 -1.74
-3.404 3.529 -1.743
-3.406 3.553 -1.75
-3.451 4.019 -1.683
-3.459 4.054 -1.694
-3.45 4.069 -1.696
-3.446 4.092 -1.702
-3.448 4.12 -1.709
-3.452 4.138 -1.715
-3.449 4.161 -1.72
-3.452 4.191 -1.729
-3.444 4.209 -1.732
-3.439 4.23 -1.736
-3.432 4.248 -1.74
-3.413 4.644 -1.662
-3.423 4.689 -1.675
-3.419 4.713 -1.681
-3.418 4.744 -1.688
-3.422 4.765 -1.694
-3.419 4.793 -1.701
-3.414 4.818 -1.706
-3.417 4.853 -1.716
-3.413 4.88 -1.721
-3.449 5.615 -1.667
-3.448 5.652 -1.676
-3.457 5.687 -1.685
-3.452 5.719 -1.692
-3.451 5.758 -1.701
-3.451 5.799 -1.71
-3.441 5.824 -1.715
-3.434 5.853 -1.721
-3.467 6.805 -1.646
-3.461 6.845 -1.654
-3.46 6.898 -1.664
-3.455 6.94 -1.673
-3.436 6.958 -1.674
-3.417 6.974 -1.676
-3.409 7.012 -1.683
-3.401 7.025 -1.685
-3.397 7.072 -1.694
-3.389 7.113 -1.702
-3.44 8.175 -1.593
-3.438 8.244 -1.605
-3.434 8.307 -1.616
-3.427 8.363 -1.625
-3.434 8.456 -1.642
-3.427 8.514 -1.652
-3.459 9.938 -1.546
-3.461 10.042 -1.561
-3.466 10.161 -1.58
-3.467 10.268 -1.596
-3.468 10.326 -1.604
-3.791 12.613 -1.485
-3.768 12.682 -1.493
-3.729 12.695 -1.493
-3.744 12.821 -1.509
-3.715 12.871 -1.514
-3.678 12.898 -1.516
-3.636 12.904 -1.515
-3.596 12.917 -1.516
-3.56 12.946 -1.518
-3.538 13.026 -1.527
-3.551 13.154 -1.543
