17.8022 -0.519553 -0.0119784 0.000300184
3.445 5.045 -0.905
3.442 5.007 -0.899
3.442 4.973 -0.895
3.442 4.94 -0.89
3.44 4.921 -0.887
3.444 4.894 -0.884
3.448 4.868 -0.881
3.444 4.83 -0.875
3.461 4.822 -0.876
3.464 4.793 -0.872
3.473 4.775 -0.87
3.469 4.753 -0.867
3.475 4.731 -0.865
3.483 4.711 -0.863
3.486 4.684 -0.859
3.501 4.673 -0.859
3.5 4.642 -0.855
3.507 4.621 -0.853
12.641 2.225 -1.442
12.7 2.194 -1.449
12.748 2.161 -1.455
12.435 2.089 -1.413
12.382 2.04 -1.406
12.438 2.009 -1.412
12.45 1.971 -1.413
12.382 1.92 -1.403
12.095 1.838 -1.365
12.103 1.8 -1.366
12.1 1.78 -1.365
11.978 1.724 -1.348
11.871 1.671 -1.334
0.691998 33.632 -1.485
0.795999 33.563 -1.482
0.846999 33.486 -1.478
0.950998 33.425 -1.475
1.052 33.297 -1.469
1.129 32.502 -1.429
