2174.89 -655.104 62.8076 -1.94389
4.476 0.571 -1.785
4.467 0.555 -1.78
4.46 0.54 -1.776
4.436 0.523 -1.766
4.379 0.503 -1.741
4.356 0.487 -1.731
4.341 0.478 -1.724
1.918 7.328 -1.632
1.94 7.316 -1.63
1.945 7.288 -1.624
1.956 7.239 -1.614
1.95 7.126 -1.588
1.929 6.962 -1.55
7.449 4.195 -1.531
7.426 4.151 -1.523
7.438 4.127 -1.522
7.439 4.097 -1.52
7.372 4.03 -1.502
7.318 3.97 -1.487
7.226 3.905 -1.466
6.613 10.241 -1.36
6.613 10.172 -1.353
6.656 10.168 -1.355
6.587 9.995 -1.332
6.597 9.941 -1.327
6.619 9.907 -1.325
6.642 9.874 -1.323
6.698 9.923 -1.332
6.598 9.71 -1.302
