-0.419822 -3.69732 1.11377 -0.106524
-4.002 4.022 -1.635
-4.005 4.051 -1.642
-4.075 4.146 -1.678
-4.074 4.171 -1.683
-4.067 4.191 -1.686
-12.233 5.137 -1.498
-12.249 5.19 -1.502
-12.244 5.233 -1.504
-12.249 5.281 -1.507
-12.254 5.306 -1.509
-12.259 5.354 -1.512
-12.269 5.404 -1.515
-12.263 5.447 -1.517
-12.262 5.493 -1.519
-12.268 5.542 -1.522
-12.278 5.593 -1.526
-12.269 5.636 -1.528
-12.287 5.668 -1.531
-12.289 5.716 -1.534
-12.285 5.761 -1.536
-12.296 5.813 -1.54
-12.294 5.859 -1.543
-12.295 5.908 -1.545
-12.292 5.954 -1.548
-12.306 5.985 -1.551
