-4.19542 0.38415 -0.0598573 0.00124379
-9.978 18.11 -1.831
-9.991 18.269 -1.845
-9.965 18.358 -1.852
-9.959 18.486 -1.862
-9.931 18.573 -1.869
-9.926 18.632 -1.873
-9.909 18.743 -1.882
-9.877 18.825 -1.888
-9.825 18.87 -1.889
-13.129 25.592 -1.918
-13.07 25.676 -1.922
-13 25.738 -1.924
-12.828 25.597 -1.909
-12.9 26.045 -1.94
-12.788 26.024 -1.935
-12.761 26.177 -1.945
-12.72 26.303 -1.952
-12.755 26.588 -1.972
-24.788 25.108 -1.568
-24.978 25.459 -1.587
-25.307 25.875 -1.614
-25.435 26.169 -1.629
