-11.6853 4.60133 -0.754054 0.0387107
-4.769 14.524 -1.677
-4.728 14.554 -1.679
-4.689 14.589 -1.682
-4.646 14.613 -1.683
-4.625 14.624 -1.684
-4.583 14.654 -1.686
-4.534 14.659 -1.685
-4.491 14.682 -1.686
-4.445 14.697 -1.686
-4.4 14.714 -1.686
-4.356 14.734 -1.687
-4.339 14.763 -1.69
-4.296 14.786 -1.691
-4.254 14.817 -1.693
-4.26 15.014 -1.717
-4.252 15.166 -1.734
-4.201 15.168 -1.733
-4.154 15.185 -1.734
-4.172 10.349 -0.964
-4.164 10.376 -0.967
-4.16 10.461 -0.975
-4.112 10.435 -0.97
-4.111 10.532 -0.98
-4.073 10.53 -0.978
-4.044 10.554 -0.979
-4.011 10.568 -0.98
-4.025 10.654 -0.989
-4.006 10.706 -0.993
-4 10.793 -1.001
-3.984 10.856 -1.007
-3.981 10.955 -1.016
-11.241 36.544 -1.497
-11.229 36.918 -1.513
-11.224 37.324 -1.53
-11.214 37.72 -1.547
