2.11299 -0.11029 0.00595601 -0.000175864
2.302 0.997 -0.999
2.258 0.97 -0.976
2.232 0.951 -0.962
2.193 0.931 -0.943
1.683 4.49 -1.702
1.689 4.462 -1.693
1.695 4.437 -1.685
1.698 4.404 -1.674
1.703 4.376 -1.664
1.709 4.35 -1.656
1.711 4.317 -1.645
1.624 5.071 -1.693
1.634 5.046 -1.686
1.656 5.059 -1.692
1.673 5.059 -1.694
1.681 5.029 -1.685
1.679 4.999 -1.676
1.683 4.958 -1.663
1.688 4.923 -1.652
1.691 4.882 -1.639
1.602 5.628 -1.689
1.616 5.61 -1.685
1.631 5.597 -1.683
1.643 5.572 -1.676
1.65 5.532 -1.665
1.658 5.494 -1.655
1.649 5.435 -1.636
1.601 6.432 -1.678
1.612 6.391 -1.668
1.617 6.324 -1.651
1.619 6.292 -1.642
1.623 6.225 -1.625
1.491 7.623 -1.676
1.51 7.594 -1.67
1.533 7.583 -1.669
1.549 7.542 -1.66
1.563 7.487 -1.649
1.574 7.425 -1.635
1.568 7.335 -1.614
1.429 9.077 -1.655
1.437 9.04 -1.648
1.468 9.049 -1.65
1.493 9.023 -1.646
1.503 8.906 -1.624
1.514 8.805 -1.605
1.528 8.717 -1.589
1.315 11.012 -1.636
1.347 10.984 -1.632
1.376 10.933 -1.625
1.391 10.781 -1.601
1.41 10.659 -1.582
1.084 14.292 -1.634
1.107 14.298 -1.635
1.152 14.288 -1.634
1.195 14.263 -1.631
1.237 14.226 -1.627
1.273 14.127 -1.615
1.292 13.858 -1.581
1.292 13.635 -1.552
0.961999 18.25 -1.595
1.014 18.147 -1.585
1.063 18.005 -1.571
1.101 17.701 -1.542
0.655999 24.039 -1.571
0.723999 23.799 -1.553
0.791999 23.588 -1.538
0.849999 23.143 -1.505
0.868999 22.673 -1.471
14.519 31.746 -1.549
14.566 31.586 -1.543
14.613 31.428 -1.537
14.581 31.229 -1.527
14.62 31.059 -1.52
14.645 30.859 -1.512
14.684 30.692 -1.505
14.735 30.551 -1.499
