23.7227 -12.6713 2.36944 -0.143602
5.124 2.542 -1.05
5.058 2.49 -1.033
4.959 2.433 -1.01
4.921 2.395 -0.999
1.48 10.428 -1.547
1.512 10.42 -1.547
1.541 10.39 -1.543
1.572 10.375 -1.541
1.587 10.253 -1.522
1.608 10.176 -1.511
1.635 10.137 -1.505
1.65 10.127 -1.504
1.682 10.128 -1.505
1.714 10.12 -1.505
1.743 10.101 -1.502
1.776 10.1 -1.503
1.806 10.086 -1.502
1.836 10.071 -1.5
1.852 10.068 -1.5
1.88 10.044 -1.497
1.91 10.031 -1.496
1.942 10.027 -1.496
1.965 9.976 -1.489
1.982 9.9 -1.478
0.607999 29.418 -1.274
0.702999 29.504 -1.278
0.793999 29.453 -1.276
0.830999 29.101 -1.258
0.912999 28.79 -1.243
1.006 28.859 -1.246
1.093 28.77 -1.242
1.18 28.681 -1.238
1.265 28.553 -1.232
1.352 28.487 -1.228
1.393 28.423 -1.225
1.479 28.345 -1.222
