-19.2212 9.33744 -1.54358 0.0699601
-1.994 3.901 -1.73
-2.021 3.985 -1.766
-2.014 4.003 -1.772
-2.017 4.024 -1.78
-2.007 4.037 -1.783
-1.996 4.045 -1.784
-2.744 1.534 -1.109
-2.788 1.57 -1.131
-2.805 1.59 -1.14
-2.807 1.597 -1.142
-2.784 1.596 -1.134
-2.782 1.607 -1.136
-2.772 1.613 -1.134
-2.806 1.644 -1.151
-2.819 1.663 -1.159
-2.339 4.96 -1.747
-2.367 5.06 -1.782
-2.377 5.103 -1.797
-2.362 5.113 -1.798
-2.352 5.134 -1.803
-2.339 5.148 -1.805
-2.335 5.183 -1.816
-2.245 6.095 -1.642
-2.268 6.216 -1.675
-2.303 6.373 -1.718
-10.017 5.459 -1.686
-10.016 5.499 -1.689
-10.019 5.541 -1.693
-10.024 5.585 -1.697
-10.038 5.634 -1.703
-10.035 5.674 -1.705
-10.009 5.68 -1.702
-10.008 5.722 -1.705
-9.997 5.757 -1.707
-9.998 5.799 -1.71
-10.002 5.843 -1.714
-9.992 5.88 -1.716
-9.974 5.911 -1.716
-9.996 5.967 -1.723
-9.996 5.988 -1.725
-9.959 6.009 -1.722
-9.948 6.045 -1.723
-9.933 6.078 -1.724
-9.931 6.12 -1.727
-9.921 6.157 -1.729
-9.905 6.19 -1.73
-9.924 6.224 -1.735
-9.926 6.269 -1.739
-10.262 9.056 -1.228
-10.263 9.115 -1.232
-10.269 9.178 -1.237
-10.271 9.238 -1.242
-10.28 9.305 -1.247
-10.263 9.348 -1.249
-10.239 9.385 -1.25
-10.277 9.45 -1.257
-10.251 9.486 -1.258
-10.256 9.551 -1.263
-10.267 9.621 -1.268
-10.256 9.671 -1.271
-10.237 9.715 -1.273
-10.252 9.791 -1.279
