-4.21645 0.482257 -0.128944 0.0088035
-2.186 2.516 -1.32
-2.188 2.534 -1.327
-2.212 2.577 -1.347
-2.207 2.588 -1.349
-2.22 2.62 -1.364
-2.223 2.639 -1.371
-2.227 2.653 -1.376
-2.205 3.174 -1.39
-2.217 3.213 -1.406
-2.234 3.259 -1.424
-2.267 3.317 -1.45
-3.707 1.768 -1.321
-3.709 1.782 -1.324
-3.72 1.802 -1.33
-3.702 1.808 -1.325
-3.705 1.824 -1.329
-3.716 1.836 -1.334
-3.697 1.841 -1.329
-3.703 1.859 -1.333
-3.714 1.879 -1.34
-3.701 1.887 -1.337
-3.693 1.898 -1.337
-3.681 1.906 -1.334
-3.701 1.924 -1.343
-3.682 1.929 -1.338
-3.686 1.945 -1.342
-3.69 1.962 -1.346
-3.685 1.975 -1.347
-3.664 1.978 -1.341
-3.676 2 -1.348
-3.684 2.012 -1.353
-3.681 2.025 -1.354
-3.678 2.038 -1.355
-3.677 2.053 -1.357
-3.689 2.105 -1.37
-3.69 2.113 -1.372
-3.687 2.127 -1.373
-3.688 2.143 -1.376
-2.157 5.132 -1.601
-2.195 5.242 -1.637
-2.179 5.251 -1.638
-2.187 5.316 -1.658
-2.197 5.388 -1.679
-2.181 5.399 -1.681
-2.194 6.105 -1.64
-2.198 6.175 -1.658
-2.185 6.171 -1.656
-2.171 6.193 -1.66
-2.17 6.251 -1.675
-2.174 6.325 -1.694
-2.256 8.535 -1.585
-2.246 8.604 -1.597
-2.252 8.682 -1.612
-2.226 8.695 -1.613
-2.184 8.645 -1.602
-2.167 8.691 -1.61
-2.141 8.702 -1.611
-2.121 8.737 -1.616
-2.09 8.731 -1.614
-2.077 8.738 -1.614
-2.046 8.729 -1.611
-2.034 8.802 -1.625
-2.022 8.875 -1.638
-2.005 8.931 -1.648
-1.989 8.991 -1.658
-1.957 8.978 -1.655
-1.943 8.981 -1.655
-1.922 9.02 -1.661
-1.893 9.024 -1.661
-1.87 9.057 -1.666
-1.848 9.096 -1.673
-1.823 9.115 -1.675
-1.789 9.095 -1.67
-1.776 9.104 -1.671
-6.525 7.214 -1.419
-6.538 7.274 -1.428
-6.526 7.306 -1.43
-6.519 7.344 -1.434
-6.501 7.371 -1.435
-6.481 7.372 -1.433
-6.453 7.386 -1.432
-6.436 7.414 -1.434
-6.434 7.458 -1.439
-6.432 7.504 -1.444
-6.387 7.498 -1.439
-6.398 7.559 -1.447
-6.393 7.578 -1.449
-6.354 7.58 -1.445
-6.363 7.639 -1.454
-6.322 7.638 -1.449
-6.305 7.667 -1.451
-6.256 7.656 -1.445
-6.256 7.705 -1.451
-6.271 7.748 -1.458
-6.265 7.791 -1.462
-6.247 7.818 -1.464
-6.231 7.849 -1.466
-6.207 7.87 -1.466
-6.19 7.899 -1.468
-6.174 7.929 -1.47
-6.166 7.945 -1.472
-1.583 14.822 -1.707
-1.539 14.848 -1.71
-1.494 14.867 -1.712
-1.448 14.886 -1.714
-1.425 14.886 -1.713
-1.378 14.896 -1.714
-1.333 14.914 -1.716
-1.286 14.92 -1.716
-1.239 14.928 -1.717
-1.194 14.946 -1.718
-1.171 14.956 -1.719
-1.124 14.961 -1.72
-1.078 14.979 -1.721
-1.032 14.994 -1.723
-0.986001 15.017 -1.725
-0.939001 15.034 -1.727
-0.893001 15.048 -1.729
-0.870001 15.064 -1.731
-0.824001 15.09 -1.734
-0.777001 15.108 -1.736
-0.731001 15.133 -1.738
-0.684001 15.143 -1.739
-0.637001 15.159 -1.741
-0.590001 15.174 -1.743
-0.567001 15.197 -1.746
-0.519001 15.217 -1.748
-0.472001 15.224 -1.749
-0.424001 15.226 -1.749
-0.376001 15.241 -1.751
-0.329001 15.254 -1.752
-0.281001 15.265 -1.753
-0.257001 15.285 -1.756
-0.209001 15.3 -1.758
-0.162001 15.314 -1.759
-9.858 10.088 -1.272
-9.852 10.146 -1.276
-9.867 10.193 -1.28
-9.852 10.242 -1.283
-9.857 10.312 -1.289
-9.84 10.359 -1.291
-9.834 10.419 -1.295
-9.83 10.48 -1.3
-9.823 10.539 -1.303
-9.931 10.688 -1.323
-9.609 3.92 -0.691
-9.615 3.957 -0.693
-9.615 3.993 -0.694
-9.608 4.025 -0.694
-9.62 4.048 -0.696
-9.617 4.082 -0.697
-9.615 4.117 -0.698
-9.574 4.135 -0.696
-9.589 4.177 -0.698
-9.57 4.205 -0.698
-9.588 4.249 -0.7
-9.579 4.263 -0.7
-9.582 4.3 -0.702
-9.576 4.334 -0.703
-9.59 4.376 -0.705
-9.567 4.402 -0.704
-9.569 4.44 -0.706
-9.564 4.474 -0.707
-9.566 4.493 -0.708
-9.559 4.527 -0.708
-9.563 4.565 -0.71
-9.565 4.603 -0.711
-9.566 4.641 -0.713
-9.559 4.674 -0.714
-9.555 4.709 -0.715
-9.562 4.731 -0.716
-9.556 4.766 -0.717
-9.55 4.8 -0.718
-9.544 4.835 -0.719
-9.548 4.875 -0.721
-9.673 4.976 -0.734
-9.659 5.008 -0.734
-9.669 5.032 -0.736
-9.647 5.06 -0.735
-9.651 5.1 -0.737
-9.654 5.141 -0.739
-9.649 5.176 -0.74
-9.655 5.219 -0.742
-9.63 5.245 -0.742
-9.644 5.272 -0.744
-9.638 5.308 -0.745
-2.687 36.325 -1.416
-2.585 36.516 -1.425
-2.537 36.652 -1.43
-2.43 36.787 -1.436
-2.323 36.929 -1.442
-2.213 37.041 -1.447
-2.102 37.134 -1.451
-1.99 37.242 -1.455
-1.879 37.356 -1.46
-1.827 37.508 -1.467
-1.715 37.634 -1.472
-9.95 8.2 -0.208
-9.954 8.256 -0.21
-9.937 8.295 -0.21
-9.945 8.354 -0.211
-9.95 8.385 -0.212
-9.945 8.435 -0.213
-9.956 8.498 -0.215
-9.929 8.53 -0.215
-9.933 8.587 -0.216
-9.943 8.651 -0.217
-9.929 8.694 -0.218
-9.91 8.732 -0.218
-9.938 8.785 -0.22
-9.927 8.83 -0.221
-9.933 8.892 -0.222
-9.906 8.925 -0.222
-9.912 8.987 -0.224
-9.908 9.04 -0.225
-9.907 9.096 -0.226
-9.912 9.13 -0.227
-9.893 9.17 -0.227
-9.91 9.244 -0.229
-9.904 9.297 -0.23
-9.888 9.34 -0.231
-9.887 9.399 -0.232
-9.884 9.425 -0.233
-9.889 9.49 -0.234
-9.896 9.557 -0.236
-9.879 9.6 -0.237
-9.876 9.658 -0.238
-9.874 9.717 -0.239
-9.863 9.768 -0.24
-9.872 9.807 -0.241
-9.865 9.862 -0.242
-9.865 9.924 -0.244
-9.858 9.98 -0.245
-9.856 10.04 -0.246
-9.845 10.093 -0.247
-9.837 10.148 -0.248
-9.858 10.203 -0.25
-9.846 10.254 -0.251
-9.841 10.314 -0.252
-9.835 10.372 -0.253
-9.827 10.429 -0.254
-9.821 10.489 -0.256
-9.811 10.545 -0.257
-9.872 10.644 -0.26
