-3.31008 0.0196872 -0.00063059 9.81855e-06
-3.364 4.329 -1.747
-3.361 4.353 -1.752
-3.346 4.362 -1.752
-3.338 4.38 -1.755
-3.329 4.396 -1.758
-3.321 4.4 -1.757
-3.309 4.414 -1.758
-3.296 4.426 -1.759
-3.299 4.459 -1.769
-3.275 4.455 -1.763
-3.278 4.489 -1.772
-3.257 4.49 -1.769
-3.259 4.523 -1.778
-3.254 4.531 -1.779
-3.243 4.546 -1.781
-3.236 4.566 -1.785
-3.221 4.576 -1.785
-3.218 4.601 -1.792
-3.21 4.621 -1.796
-3.204 4.643 -1.801
-3.198 6.114 -1.752
-3.198 6.16 -1.763
-3.19 6.193 -1.77
-3.207 6.249 -1.785
-3.202 6.288 -1.794
-3.19 6.314 -1.799
-3.148 6.378 -1.809
-3.182 7.445 -1.752
-3.176 7.497 -1.763
-3.184 7.546 -1.774
-3.184 7.614 -1.789
-3.165 7.636 -1.792
-3.15 7.666 -1.797
-3.13 7.687 -1.799
-3.114 7.716 -1.804
-3.165 9.117 -1.744
-3.158 9.19 -1.757
-3.15 9.259 -1.769
-3.162 9.342 -1.785
-3.147 9.397 -1.794
-3.126 9.431 -1.799
-3.106 9.469 -1.805
-3.175 11.505 -1.77
-3.169 11.624 -1.788
-3.16 11.735 -1.805
-3.157 11.872 -1.826
-3.151 12.001 -1.845
-3.127 12.062 -1.854
-3.111 16.579 -1.872
-3.127 16.809 -1.9
-3.116 17.043 -1.928
-3.103 17.281 -1.956
-3.073 17.424 -1.973
-3.019 17.441 -1.974
-3.06 21.835 -1.966
-3.045 22.235 -2.004
-3.067 22.654 -2.045
-3.049 23.066 -2.085
-2.988 23.157 -2.093
-2.919 23.197 -2.096
