-3.0633 -0.0639485 0.00417916 -7.52722e-05
-3.226 2.836 -1.693
-3.224 2.843 -1.695
-3.225 2.862 -1.7
-3.228 2.883 -1.707
-3.226 2.899 -1.711
-3.228 2.919 -1.717
-3.213 2.925 -1.714
-3.215 2.945 -1.72
-3.195 2.936 -1.712
-3.19 2.95 -1.714
-3.193 2.971 -1.721
-3.205 3.001 -1.734
-3.197 3.013 -1.734
-3.194 3.029 -1.738
-3.196 3.051 -1.745
-3.191 3.056 -1.745
-3.171 3.055 -1.739
-3.172 3.076 -1.745
-3.243 3.381 -1.66
-3.245 3.405 -1.667
-3.252 3.434 -1.677
-3.252 3.455 -1.683
-3.247 3.472 -1.686
-3.244 3.491 -1.691
-3.249 3.519 -1.7
-3.244 3.536 -1.703
-3.248 3.551 -1.708
-3.246 3.572 -1.714
-3.302 4.139 -1.683
-3.302 4.166 -1.69
-3.301 4.193 -1.697
-3.307 4.227 -1.707
-3.301 4.234 -1.708
-3.301 4.26 -1.715
-3.306 4.295 -1.725
-3.304 4.32 -1.732
-3.304 4.349 -1.74
-3.376 4.55 -1.632
-3.389 4.598 -1.646
-3.395 4.636 -1.657
-3.404 4.663 -1.665
-3.393 4.678 -1.667
-3.378 4.689 -1.667
-3.372 4.712 -1.672
-3.367 4.736 -1.677
-3.348 4.74 -1.675
-3.331 4.748 -1.674
-3.33 4.762 -1.677
-3.318 4.778 -1.679
-3.32 4.811 -1.688
-3.314 4.836 -1.693
-3.311 4.864 -1.7
-3.305 4.888 -1.705
-3.306 4.922 -1.714
-3.305 4.937 -1.717
-3.317 5.885 -1.712
-3.318 5.931 -1.723
-3.308 5.956 -1.728
-3.311 6.005 -1.74
-3.308 6.044 -1.749
-3.305 6.084 -1.758
-3.288 6.097 -1.759
-3.295 6.133 -1.769
-3.337 7.032 -1.68
-3.33 7.076 -1.688
-3.338 7.15 -1.705
-3.345 7.194 -1.715
-3.333 7.227 -1.72
-3.316 7.25 -1.724
-3.305 7.285 -1.73
-3.305 8.971 -1.726
-3.303 9.053 -1.741
-3.303 9.141 -1.757
-3.304 9.191 -1.766
-3.287 9.232 -1.773
-3.262 9.254 -1.775
-3.247 9.305 -1.784
-6.48 10.056 -1.774
-6.57 10.229 -1.805
-6.692 10.49 -1.851
-6.605 10.426 -1.835
-6.646 10.564 -1.857
-3.382 18.437 -1.641
-3.329 18.475 -1.644
-3.273 18.493 -1.644
-3.231 18.599 -1.654
-3.243 18.838 -1.677
-3.236 19.158 -1.708
-3.223 19.449 -1.736
-3.175 19.539 -1.744
-3.222 25.929 -1.724
-3.202 26.448 -1.762
-3.19 27.052 -1.806
-3.145 27.408 -1.832
-3.079 27.598 -1.845
