12.1357 -3.56074 0.466293 -0.0195921
1.093 13.314 -1.509
1.11 13.267 -1.503
1.15 13.247 -1.501
1.19 13.226 -1.499
1.229 13.195 -1.496
1.269 13.183 -1.495
1.309 13.165 -1.493
1.348 13.137 -1.49
1.366 13.103 -1.486
1.405 13.079 -1.483
1.447 13.087 -1.485
1.483 13.039 -1.479
1.522 13.014 -1.477
1.56 12.99 -1.474
1.599 12.967 -1.472
1.617 12.949 -1.47
1.655 12.924 -1.467
1.694 12.901 -1.465
1.731 12.874 -1.462
1.769 12.849 -1.46
1.807 12.829 -1.458
10.658 7.02 -1.132
10.478 6.855 -1.107
10.279 6.679 -1.079
