-13.0331 1.15698 -0.103813 0.00228108
-3.621 0.707 -1.322
-3.636 0.722 -1.329
-3.668 0.74 -1.342
-3.736 0.759 -1.37
-3.754 0.775 -1.378
-9.762 4.682 -1.594
-9.76 4.7 -1.595
-9.758 4.737 -1.597
-9.745 4.768 -1.598
-9.733 4.801 -1.598
-9.734 4.839 -1.601
-9.73 4.875 -1.603
-9.727 4.912 -1.605
-9.729 4.932 -1.607
-9.726 4.969 -1.609
-9.733 5.011 -1.613
-9.719 5.043 -1.614
-9.709 5.076 -1.614
-9.702 5.111 -1.616
-9.689 5.143 -1.617
-9.684 5.16 -1.617
-9.677 5.196 -1.619
-9.666 5.229 -1.62
-9.663 5.267 -1.622
-9.662 5.305 -1.625
-9.708 5.37 -1.636
-9.715 5.414 -1.641
-9.701 5.426 -1.64
-9.71 5.471 -1.645
-7.115 10.472 -1.42
-7.144 10.586 -1.434
-7.136 10.611 -1.436
-7.128 10.671 -1.442
-7.113 10.722 -1.446
-7.224 10.965 -1.48
-7.203 11.007 -1.483
-7.161 11.018 -1.481
-2.874 12.601 -1.149
-2.894 12.878 -1.177
-2.91 13.048 -1.195
-2.917 13.277 -1.219
