-8.17138 1.19994 -0.126085 0.00286162
-5.319 6.244 -1.777
-5.305 6.268 -1.779
-5.303 6.285 -1.782
-5.274 6.292 -1.779
-5.253 6.307 -1.778
-5.242 6.334 -1.781
-5.235 6.365 -1.786
-5.287 6.469 -1.812
-5.308 6.537 -1.827
-7.527 6.516 -1.803
-7.577 6.601 -1.821
-7.642 6.699 -1.843
-7.676 6.75 -1.855
-7.661 6.78 -1.856
-12.098 15.772 -1.752
-12.107 15.887 -1.762
-12.102 15.984 -1.769
-12.109 16.098 -1.778
-12.1 16.192 -1.785
-12.093 16.289 -1.793
-12.105 16.357 -1.799
-12.073 16.422 -1.802
-12.437 23.426 -1.753
-12.428 23.589 -1.763
-12.428 23.769 -1.775
-12.431 23.957 -1.788
-12.427 24.134 -1.799
-12.415 24.297 -1.809
-12.377 24.412 -1.816
