-2.77975 -0.0743275 0.010304 -0.000480675
-2.919 3.198 -1.708
-2.927 3.228 -1.72
-2.937 3.249 -1.729
-2.925 3.257 -1.728
-2.922 3.275 -1.733
-2.928 3.302 -1.743
-2.914 3.307 -1.741
-2.935 3.352 -1.761
-2.925 3.363 -1.762
-2.926 3.374 -1.766
-2.944 3.799 -1.706
-2.946 3.828 -1.716
-2.947 3.854 -1.723
-2.942 3.86 -1.724
-2.943 3.887 -1.733
-2.944 3.914 -1.741
-2.938 3.931 -1.745
-2.934 3.952 -1.75
-2.937 3.983 -1.76
-2.947 4.431 -1.692
-2.948 4.462 -1.701
-2.942 4.484 -1.706
-2.94 4.512 -1.714
-2.941 4.546 -1.723
-2.934 4.566 -1.728
-2.934 4.582 -1.732
-2.941 4.625 -1.746
-2.959 4.995 -1.675
-2.955 5.024 -1.682
-2.96 5.069 -1.695
-2.957 5.1 -1.703
-2.944 5.114 -1.705
-2.958 5.176 -1.724
-2.951 5.183 -1.724
-2.942 5.205 -1.729
-2.979 5.923 -1.678
-2.975 5.96 -1.687
-2.978 5.99 -1.695
-2.974 6.029 -1.704
-2.97 6.069 -1.713
-2.961 6.098 -1.719
-2.958 6.142 -1.729
-2.951 6.175 -1.737
-2.97 7.076 -1.655
-2.968 7.134 -1.667
-2.964 7.186 -1.678
-2.95 7.215 -1.683
-2.934 7.209 -1.68
-2.919 7.238 -1.685
-2.929 7.327 -1.705
-2.969 8.43 -1.606
-2.966 8.506 -1.62
-2.973 8.57 -1.632
-2.967 8.639 -1.644
-2.97 8.737 -1.662
-2.953 8.776 -1.668
-2.992 10.107 -1.549
-2.988 10.209 -1.564
-2.98 10.302 -1.578
-2.994 10.409 -1.595
-2.987 10.51 -1.61
-2.974 10.589 -1.621
-2.943 10.606 -1.623
-2.909 10.614 -1.622
-5.346 7.187 -1.009
-5.352 7.242 -1.016
-5.358 7.297 -1.022
-5.363 7.353 -1.028
-5.384 7.406 -1.036
-5.385 7.456 -1.041
-5.386 7.507 -1.047
-5.402 7.579 -1.056
-5.402 7.629 -1.062
-5.307 7.084 -0.782
-5.315 7.142 -0.788
-5.318 7.192 -0.792
-5.326 7.251 -0.798
-5.339 7.317 -0.805
-5.354 7.361 -0.81
-5.363 7.423 -0.816
-5.364 7.473 -0.82
-5.38 7.545 -0.828
-5.384 7.601 -0.833
-12.859 5.08 -0.908
-12.927 5.415 -0.923
-12.941 5.445 -0.925
-12.944 5.494 -0.927
-12.946 5.543 -0.929
-12.942 5.589 -0.93
-12.95 5.641 -0.932
-12.95 5.69 -0.934
-12.95 5.739 -0.935
-12.978 5.775 -0.938
-12.976 5.824 -0.94
-12.97 5.87 -0.941
-12.984 5.926 -0.944
-13 5.982 -0.947
-13.007 6.035 -0.949
-13.011 6.087 -0.951
-13.01 6.111 -0.952
-13.06 6.185 -0.958
