-2.21796 -0.484774 -0.0289262 0.000605643
-3.703 2.658 -1.804
-3.713 2.683 -1.814
-3.703 2.693 -1.813
-3.727 2.729 -1.83
-3.73 2.749 -1.836
-3.748 2.772 -1.848
-3.759 2.798 -1.858
-3.96 3.127 -1.797
-3.969 3.155 -1.806
-3.995 3.197 -1.824
-3.979 3.204 -1.821
-4 3.242 -1.836
-4.027 3.285 -1.855
-4.255 3.593 -1.776
-4.258 3.619 -1.783
-4.281 3.651 -1.796
-4.312 3.701 -1.815
-4.341 3.75 -1.833
-4.384 3.812 -1.858
-4.402 3.852 -1.872
-7.657 15.499 -1.923
-7.615 15.538 -1.925
-7.592 15.553 -1.926
-7.551 15.593 -1.928
-7.502 15.617 -1.928
-7.463 15.66 -1.93
-7.42 15.698 -1.932
-7.378 15.735 -1.934
-7.332 15.767 -1.936
-7.32 15.806 -1.939
-7.27 15.829 -1.939
-7.228 15.868 -1.941
-7.186 15.907 -1.944
-7.143 15.945 -1.946
-7.094 15.97 -1.946
-7.05 16.006 -1.948
-7.029 16.028 -1.949
-6.991 16.078 -1.953
-6.94 16.098 -1.953
-6.898 16.141 -1.956
-6.862 16.196 -1.96
-6.824 16.248 -1.964
-6.8 16.336 -1.973
-15.549 16.576 -2.032
-15.516 16.645 -2.035
-15.504 16.684 -2.037
-15.447 16.728 -2.036
-15.388 16.769 -2.035
-15.344 16.828 -2.037
-15.314 16.901 -2.04
-15.28 16.97 -2.043
-15.261 17.056 -2.048
-15.256 17.105 -2.051
-15.232 17.186 -2.055
-15.153 17.205 -2.052
-15.075 17.226 -2.048
-15.163 17.437 -2.07
-15.201 17.591 -2.083
