2.89143 -0.362202 0.0396871 -0.00100421
2.029 3.859 -1.72
2.015 3.818 -1.703
2.022 3.804 -1.699
2.024 3.78 -1.69
2.019 3.741 -1.675
2.032 3.738 -1.676
2.03 3.707 -1.665
2.026 3.672 -1.651
2.002 4.302 -1.683
2.009 4.282 -1.677
2.012 4.253 -1.668
2.01 4.215 -1.654
2.008 4.195 -1.647
2.014 4.174 -1.641
2.017 4.147 -1.632
2.004 5.365 -1.651
2.008 5.349 -1.647
2.011 5.307 -1.635
2.019 5.278 -1.627
2.017 5.223 -1.611
2.021 5.183 -1.6
1.995 7.247 -1.618
2.011 7.216 -1.612
2.028 7.189 -1.607
2.033 7.119 -1.592
2.036 7.045 -1.576
2.043 6.988 -1.563
2.026 8.592 -1.585
2.051 8.574 -1.582
2.077 8.566 -1.582
2.075 8.439 -1.558
2.057 8.308 -1.533
2.054 8.185 -1.509
2.069 8.135 -1.501
2.094 8.125 -1.5
2.41 26.278 -1.121
2.491 26.252 -1.121
2.542 25.918 -1.104
2.575 25.838 -1.1
2.648 25.745 -1.096
2.713 25.589 -1.089
2.787 25.519 -1.085
2.84 25.264 -1.073
2.871 24.832 -1.052
