11.7768 -0.158034 -0.0239737 -0.000285613
4.858 6.758 -1.805
4.864 6.744 -1.803
4.871 6.708 -1.797
4.871 6.664 -1.789
4.854 6.597 -1.774
4.832 6.524 -1.757
4.825 6.471 -1.747
2.114 15.681 -1.824
2.16 15.652 -1.822
2.205 15.61 -1.817
2.248 15.564 -1.812
2.289 15.508 -1.806
2.331 15.455 -1.8
2.349 15.411 -1.794
2.393 15.372 -1.79
2.434 15.319 -1.785
2.475 15.27 -1.779
2.518 15.233 -1.775
2.558 15.178 -1.769
0.332999 20.338 -1.798
0.391999 20.068 -1.771
0.448999 19.794 -1.745
0.505999 19.564 -1.722
0.531999 19.396 -1.706
