-2.70081 0.0745405 -0.00298794 -0.000140036
-2.017 3.683 -1.653
-2.021 3.718 -1.667
-2.017 3.738 -1.673
-2.016 3.765 -1.683
-2.008 3.778 -1.686
-2.007 3.791 -1.691
-1.997 3.801 -1.692
-1.984 3.805 -1.692
-1.975 3.818 -1.695
-1.951 3.8 -1.683
-1.951 3.83 -1.695
-1.937 3.831 -1.692
-1.935 3.843 -1.696
-1.924 3.852 -1.698
-1.919 3.873 -1.705
-1.91 3.886 -1.708
-1.9 3.895 -1.71
-1.888 3.901 -1.71
-2.553 1.828 -1.008
-2.552 1.839 -1.01
-2.552 1.845 -1.011
-2.571 1.871 -1.022
-2.586 1.895 -1.031
-2.592 1.912 -1.037
-2.638 1.96 -1.06
-2.31 4.483 -1.248
-2.318 4.533 -1.261
-2.346 4.604 -1.281
-2.348 4.644 -1.291
-2.35 4.684 -1.301
-2.332 4.684 -1.299
-10.197 6.117 -1.322
-10.23 6.181 -1.329
-10.223 6.22 -1.331
-10.328 6.329 -1.35
-10.458 6.454 -1.373
-10.468 6.506 -1.377
-10.441 6.535 -1.376
-10.441 6.558 -1.378
-3.78 18.047 -1.157
-3.744 18.161 -1.165
-3.674 18.106 -1.16
-3.651 18.143 -1.162
-3.605 18.207 -1.166
-3.56 18.281 -1.171
-3.504 18.3 -1.172
-3.464 18.405 -1.179
-3.44 18.594 -1.192
-3.417 18.801 -1.207
