1.81276 -0.0545812 0.00347657 -9.74839e-05
1.609 4.008 -1.703
1.607 3.967 -1.687
1.614 3.948 -1.681
1.633 3.959 -1.688
1.647 3.957 -1.689
1.647 3.924 -1.677
1.639 3.872 -1.655
1.645 3.868 -1.654
1.649 3.844 -1.646
1.606 4.498 -1.695
1.617 4.483 -1.691
1.618 4.442 -1.676
1.621 4.409 -1.665
1.625 4.378 -1.654
1.63 4.35 -1.645
3.717 2.802 -1.513
3.707 2.777 -1.505
3.709 2.759 -1.502
3.69 2.736 -1.492
3.682 2.712 -1.484
3.672 2.687 -1.476
3.6 2.616 -1.441
1.576 5.603 -1.68
1.578 5.577 -1.672
1.59 5.554 -1.666
1.592 5.493 -1.649
1.6 5.455 -1.638
1.601 5.397 -1.621
1.561 6.398 -1.666
1.585 6.41 -1.671
1.586 6.33 -1.65
1.596 6.284 -1.639
1.603 6.226 -1.624
1.598 6.168 -1.608
1.49 7.554 -1.66
1.513 7.543 -1.659
1.536 7.539 -1.659
1.56 7.534 -1.659
1.573 7.479 -1.647
1.572 7.412 -1.632
1.575 7.315 -1.61
1.582 7.232 -1.592
1.584 7.134 -1.57
1.442 9.071 -1.654
1.452 9.04 -1.648
1.481 9.041 -1.649
1.511 9.046 -1.651
1.536 9.022 -1.647
1.552 8.944 -1.633
1.56 8.825 -1.611
1.572 8.731 -1.593
1.368 11.013 -1.637
1.398 10.972 -1.631
1.428 10.932 -1.625
1.443 10.914 -1.623
1.474 10.882 -1.619
1.503 10.84 -1.613
1.512 10.659 -1.584
1.408 14.14 -1.618
1.447 14.08 -1.611
1.483 13.995 -1.601
1.491 13.672 -1.56
1.175 23.839 -1.557
1.244 23.706 -1.548
1.307 23.503 -1.533
1.314 22.959 -1.493
1.359 22.493 -1.459
1.428 22.477 -1.458
