12.2444 -3.37322 0.331757 -0.0101143
1.539 5.05 -1.678
1.548 5.024 -1.67
1.551 4.977 -1.655
1.565 4.969 -1.654
1.572 4.937 -1.644
1.578 4.929 -1.642
1.592 4.919 -1.64
1.609 4.919 -1.642
1.62 4.9 -1.637
1.636 4.898 -1.638
1.649 4.886 -1.636
1.662 4.899 -1.642
1.676 4.889 -1.64
1.697 4.899 -1.645
1.709 4.885 -1.642
1.724 4.878 -1.642
1.736 4.864 -1.638
1.752 4.862 -1.64
1.765 4.871 -1.644
1.775 4.853 -1.64
1.79 4.846 -1.639
1.804 4.839 -1.638
1.816 4.824 -1.635
1.854 4.787 -1.628
1.86 4.781 -1.627
1.444 5.678 -1.692
1.456 5.653 -1.685
1.476 5.656 -1.688
1.49 5.637 -1.683
1.501 5.642 -1.685
1.51 5.606 -1.675
1.519 5.569 -1.665
1.528 5.533 -1.655
1.544 5.521 -1.653
1.555 5.496 -1.646
1.57 5.48 -1.643
1.58 5.483 -1.645
1.596 5.474 -1.643
1.613 5.469 -1.643
1.633 5.473 -1.646
1.647 5.459 -1.643
1.666 5.459 -1.645
1.686 5.461 -1.648
1.691 5.45 -1.645
1.707 5.439 -1.643
1.719 5.417 -1.637
1.74 5.424 -1.642
1.755 5.413 -1.64
1.77 5.401 -1.637
1.788 5.4 -1.639
1.792 5.383 -1.635
1.487 6.447 -1.675
1.494 6.384 -1.658
1.507 6.349 -1.65
1.522 6.324 -1.644
1.526 6.297 -1.638
1.544 6.285 -1.635
1.566 6.289 -1.638
1.582 6.268 -1.633
1.599 6.255 -1.631
1.611 6.22 -1.623
1.373 7.586 -1.663
1.394 7.566 -1.659
1.414 7.545 -1.655
1.435 7.523 -1.651
1.438 7.477 -1.641
1.455 7.438 -1.632
1.472 7.399 -1.624
1.492 7.379 -1.621
1.516 7.376 -1.621
1.537 7.363 -1.619
1.557 7.343 -1.616
1.563 7.312 -1.609
1.332 9.013 -1.639
1.36 9.007 -1.639
1.384 8.975 -1.634
1.405 8.922 -1.624
1.423 8.856 -1.612
1.428 8.795 -1.601
1.449 8.754 -1.593
1.477 8.751 -1.594
1.504 8.743 -1.593
1.528 8.717 -1.589
1.63 10.644 -1.585
1.645 10.63 -1.583
1.657 10.49 -1.561
1.678 10.41 -1.549
1.708 10.388 -1.546
1.74 10.378 -1.546
1.768 10.345 -1.541
1.793 10.299 -1.535
0.318999 17.591 -1.528
0.372999 17.525 -1.521
0.426999 17.474 -1.517
0.481999 17.46 -1.515
0.534999 17.407 -1.51
0.561999 17.388 -1.509
0.614999 17.356 -1.506
0.669999 17.344 -1.505
0.720999 17.273 -1.498
0.775999 17.29 -1.5
0.829999 17.268 -1.498
0.882999 17.255 -1.497
0.908999 17.218 -1.493
0.961999 17.197 -1.492
1.015 17.17 -1.489
1.067 17.149 -1.487
1.119 17.114 -1.484
1.173 17.116 -1.485
1.226 17.1 -1.484
1.253 17.091 -1.483
1.306 17.083 -1.483
1.357 17.045 -1.479
1.409 17.026 -1.478
1.461 17.004 -1.476
