-42.1074 18.4238 -2.63772 0.111916
-2.245 3.717 -1.713
-2.264 3.777 -1.739
-2.255 3.789 -1.741
-2.252 3.81 -1.748
-2.249 3.833 -1.756
-2.258 3.862 -1.769
-1.839 4.528 -1.737
-1.846 4.589 -1.76
-1.84 4.614 -1.767
-1.826 4.623 -1.769
-1.827 4.645 -1.777
-1.831 4.7 -1.796
-1.824 4.727 -1.805
-1.807 4.727 -1.803
-2.224 5.083 -1.769
-2.227 5.136 -1.786
-2.222 5.169 -1.796
-2.215 5.197 -1.803
-2.199 5.205 -1.804
-2.194 5.216 -1.807
-2.175 5.217 -1.805
-2.161 5.229 -1.807
-2.15 5.248 -1.811
-2.14 5.273 -1.818
-2.114 5.257 -1.809
-2.103 5.275 -1.814
-2.09 5.266 -1.809
-2.077 5.282 -1.812
-2.063 5.297 -1.816
-2.057 5.33 -1.825
-2.042 5.342 -1.827
-2.306 4.995 -1.581
-2.319 5.065 -1.603
-2.32 5.109 -1.615
-2.311 5.131 -1.62
-2.311 5.152 -1.626
-2.309 5.191 -1.637
-2.308 5.233 -1.649
-2.072 6.003 -1.602
-2.097 6.137 -1.639
-2.086 6.167 -1.646
-2.094 6.221 -1.661
-2.092 6.281 -1.676
-1.894 8.801 -1.304
-1.904 8.98 -1.332
-1.916 9.178 -1.363
-1.892 9.205 -1.367
-9.547 12.468 -1.729
-9.545 12.547 -1.736
-9.543 12.626 -1.744
-9.674 12.883 -1.779
-9.985 9.747 -1.256
-9.985 9.809 -1.261
-9.971 9.857 -1.263
-9.991 9.908 -1.268
-9.986 9.966 -1.272
-9.989 10.031 -1.277
-9.956 10.061 -1.277
-9.99 10.159 -1.287
-9.963 10.196 -1.288
-9.934 10.23 -1.288
-9.949 10.279 -1.293
-9.954 10.349 -1.299
-9.956 10.416 -1.304
-9.956 10.482 -1.309
-9.939 10.53 -1.311
-10.078 9.283 -0.234
-10.072 9.336 -0.235
-10.059 9.383 -0.236
-10.068 9.452 -0.238
-10.036 9.48 -0.237
-10.035 9.539 -0.239
-10.047 9.581 -0.24
-10.047 9.642 -0.241
-10.013 9.669 -0.241
-10.025 9.743 -0.243
-10.013 9.792 -0.244
-10.004 9.845 -0.245
-10.015 9.918 -0.247
-10.045 9.979 -0.249
-10.039 10.036 -0.25
-10.026 10.086 -0.251
-10.016 10.141 -0.252
-10.003 10.191 -0.253
-9.991 10.243 -0.254
-9.992 10.309 -0.255
-9.99 10.339 -0.256
-9.978 10.392 -0.257
-9.98 10.46 -0.258
-9.992 10.539 -0.26
-9.983 10.595 -0.262
-9.985 10.665 -0.263
-9.928 10.671 -0.262
-9.963 10.742 -0.265
-9.944 10.79 -0.265
-9.958 10.874 -0.268
-9.932 10.914 -0.268
-9.929 10.98 -0.269
-9.919 11.039 -0.271
-9.918 11.107 -0.272
-9.899 11.156 -0.273
-9.908 11.202 -0.274
-9.928 11.296 -0.277
-9.916 11.355 -0.278
-9.908 11.417 -0.279
-9.9 11.482 -0.281
-9.92 11.578 -0.284
