2.1694 -0.0430347 0.00546978 -0.000129681
2.047 7.774 -1.739
2.068 7.758 -1.737
2.068 7.707 -1.725
2.082 7.663 -1.716
2.095 7.613 -1.706
2.111 7.579 -1.699
2.132 7.564 -1.697
2.155 7.552 -1.696
2.165 7.543 -1.695
2.19 7.542 -1.696
2.218 7.548 -1.699
2.236 7.522 -1.695
2.259 7.513 -1.694
2.281 7.502 -1.693
2.304 7.491 -1.692
2.319 7.499 -1.695
2.337 7.473 -1.691
2.356 7.453 -1.688
2.072 9.458 -1.75
2.101 9.451 -1.75
2.117 9.381 -1.738
2.136 9.329 -1.728
2.144 9.228 -1.71
2.152 9.198 -1.704
2.179 9.184 -1.703
2.209 9.18 -1.704
2.234 9.158 -1.701
2.275 9.201 -1.711
2.296 9.159 -1.704
2.321 9.139 -1.701
2.337 9.141 -1.702
2.354 9.09 -1.693
2.384 9.088 -1.695
2.411 9.075 -1.693
2.435 9.048 -1.69
2.462 9.037 -1.689
2.142 11.565 -1.742
2.146 11.486 -1.73
2.159 11.355 -1.71
2.184 11.292 -1.701
2.216 11.267 -1.698
2.248 11.245 -1.696
2.288 11.259 -1.699
2.324 11.256 -1.7
2.34 11.242 -1.698
2.372 11.221 -1.696
2.402 11.191 -1.692
2.432 11.156 -1.688
2.193 15.027 -1.743
2.237 14.998 -1.74
2.24 14.859 -1.723
2.266 14.719 -1.705
2.308 14.682 -1.702
2.353 14.667 -1.701
2.406 14.701 -1.706
2.451 14.687 -1.705
2.493 14.656 -1.702
2.513 14.638 -1.7
2.554 14.601 -1.697
2.598 14.583 -1.695
2.639 14.548 -1.692
2.275 19.362 -1.715
2.327 19.281 -1.707
2.325 19.009 -1.681
2.374 18.917 -1.672
2.436 18.929 -1.674
2.494 18.911 -1.673
2.551 18.884 -1.671
2.604 18.834 -1.667
2.662 18.816 -1.666
2.685 18.766 -1.662
2.377 26.342 -1.748
2.443 26.148 -1.734
2.49 25.773 -1.707
2.568 25.735 -1.704
2.645 25.687 -1.702
2.716 25.591 -1.695
2.787 25.5 -1.689
1.336 38.581 -1.735
1.456 38.557 -1.734
1.573 38.438 -1.728
1.686 38.25 -1.719
1.803 38.188 -1.716
1.91 37.927 -1.703
1.956 37.655 -1.69
2.07 37.565 -1.685
