106.711 -2.62074 -3.40795 0.248211
-12.427 7.811 -1.678
-12.428 7.839 -1.68
-12.434 7.897 -1.685
-12.404 7.933 -1.684
-12.385 7.976 -1.685
-12.36 8.015 -1.685
-12.342 8.058 -1.686
-12.331 8.107 -1.688
-12.325 8.131 -1.689
-12.301 8.17 -1.689
-12.294 8.221 -1.692
-12.273 8.263 -1.693
-12.256 8.308 -1.695
-12.238 8.352 -1.696
-12.217 8.394 -1.697
-12.21 8.418 -1.698
-12.195 8.464 -1.699
-12.183 8.513 -1.702
-12.174 8.563 -1.704
-12.149 8.603 -1.705
-12.12 8.64 -1.704
-12.104 8.686 -1.706
-12.105 8.715 -1.708
-12.089 8.762 -1.71
-12.069 8.805 -1.711
-12.04 8.842 -1.711
-12.023 8.888 -1.713
-12.01 8.937 -1.715
-11.988 8.979 -1.716
-11.98 9.003 -1.717
-11.96 9.046 -1.719
-11.936 9.087 -1.719
-11.912 9.128 -1.72
-11.888 9.169 -1.721
-11.87 9.215 -1.723
-11.852 9.261 -1.724
-11.842 9.283 -1.725
-11.814 9.322 -1.725
-11.787 9.36 -1.726
-11.765 9.403 -1.727
-11.748 9.45 -1.729
-11.724 9.492 -1.73
-11.699 9.533 -1.731
-11.688 9.555 -1.732
-11.67 9.601 -1.734
-11.645 9.642 -1.734
-15.524 11.789 -1.714
-15.562 11.894 -1.724
-15.592 11.995 -1.732
-15.595 12.075 -1.737
-15.608 12.124 -1.741
-15.592 12.19 -1.744
-15.613 12.286 -1.751
-15.627 12.377 -1.758
-15.635 12.463 -1.764
-29.654 22.854 -1.462
-29.696 23.035 -1.468
-29.7 23.189 -1.472
-29.719 23.354 -1.477
-29.747 23.528 -1.483
-29.746 23.68 -1.487
-29.804 23.802 -1.493
-29.813 23.964 -1.498
-29.794 24.102 -1.501
-29.925 24.365 -1.513
