-9.04394 0.650445 0.189417 -0.0130739
2.488 12.884 -1.959
2.527 12.867 -1.957
2.561 12.826 -1.952
2.597 12.798 -1.949
2.634 12.775 -1.946
2.667 12.734 -1.941
2.702 12.702 -1.937
2.718 12.678 -1.934
2.753 12.647 -1.93
2.786 12.605 -1.925
2.823 12.587 -1.923
2.854 12.541 -1.917
2.886 12.499 -1.912
2.924 12.484 -1.911
2.939 12.461 -1.908
0.331999 17.053 -1.982
0.384999 17.032 -1.98
0.437999 17.009 -1.977
0.489999 16.956 -1.97
0.539999 16.848 -1.957
0.562999 16.762 -1.946
0.608999 16.575 -1.922
2.06 21.297 -1.901
2.075 20.765 -1.85
2.122 20.576 -1.832
2.179 20.502 -1.825
2.184 20.243 -1.8
4.552 19.025 -1.24
4.539 18.837 -1.226
4.538 18.577 -1.208
4.567 18.444 -1.199
4.552 18.134 -1.176
4.58 18.005 -1.168
