-6.66002 0.475214 -0.0765647 0.00195635
-4.938 6.468 -1.762
-4.925 6.493 -1.765
-4.911 6.516 -1.767
-4.897 6.519 -1.766
-4.882 6.542 -1.768
-4.951 6.678 -1.803
-4.959 6.732 -1.814
-4.929 6.735 -1.81
-4.911 6.756 -1.812
-7.073 6.817 -1.777
-7.06 6.847 -1.78
-7.034 6.865 -1.779
-7.075 6.948 -1.795
-7.132 7.026 -1.814
-7.17 7.108 -1.83
-7.174 7.157 -1.837
-12.095 15.464 -1.728
-12.121 15.548 -1.736
-12.134 15.666 -1.746
-12.124 15.754 -1.752
-12.129 15.863 -1.761
-12.127 15.965 -1.769
-12.128 16.071 -1.777
-12.107 16.147 -1.782
-12.093 16.182 -1.784
-12.462 23.209 -1.74
-12.468 23.396 -1.752
-12.46 23.559 -1.763
-12.468 23.753 -1.775
-12.458 23.918 -1.786
-12.418 24.024 -1.792
