-7.35528 3.40185 -0.277326 0.00632494
1.502 16.339 -1.899
1.547 16.267 -1.891
1.592 16.201 -1.883
1.637 16.141 -1.876
1.679 16.055 -1.865
1.724 15.998 -1.859
1.767 15.931 -1.851
1.786 15.873 -1.844
0.720999 20.454 -1.81
0.784999 20.445 -1.81
0.847999 20.413 -1.807
0.911999 20.414 -1.807
0.974999 20.379 -1.804
1.006 20.362 -1.802
1.069 20.343 -1.801
1.132 20.319 -1.799
1.194 20.282 -1.795
1.255 20.242 -1.792
1.32 20.252 -1.793
1.35 20.222 -1.791
1.411 20.188 -1.788
1.473 20.168 -1.786
1.536 20.157 -1.785
1.6 20.154 -1.786
1.664 20.157 -1.786
1.727 20.146 -1.786
1.758 20.139 -1.785
1.821 20.131 -1.785
1.884 20.122 -1.785
1.945 20.09 -1.782
2.004 20.046 -1.779
2.067 20.04 -1.779
2.127 20.001 -1.775
2.156 19.982 -1.774
2.215 19.936 -1.77
2.276 19.915 -1.769
2.333 19.864 -1.764
2.395 19.853 -1.764
2.453 19.811 -1.761
2.515 19.802 -1.76
2.544 19.782 -1.759
1.744 28.242 -1.884
1.831 28.213 -1.882
1.904 27.97 -1.865
1.944 27.288 -1.815
2.013 27.051 -1.798
2.05 26.984 -1.793
2.131 26.926 -1.789
