4.68077 -1.87714 0.680606 -0.0421396
3.616 3.307 -1.742
3.612 3.283 -1.735
3.614 3.264 -1.73
3.623 3.251 -1.73
3.605 3.215 -1.716
3.577 3.17 -1.696
3.582 3.165 -1.696
3.578 3.141 -1.689
3.585 3.128 -1.688
5.392 3.901 -1.685
5.403 3.883 -1.685
5.39 3.848 -1.676
5.389 3.822 -1.672
5.365 3.792 -1.662
5.36 3.763 -1.656
5.346 3.728 -1.648
5.355 3.709 -1.647
5.343 3.676 -1.639
5.38 3.677 -1.647
5.39 3.659 -1.647
5.372 3.634 -1.639
5.337 3.586 -1.624
6.335 4.588 -1.689
6.335 4.558 -1.685
6.318 4.515 -1.676
6.221 4.416 -1.644
6.176 4.369 -1.629
