-87.3063 7.21258 0.618999 -0.0496474
4.317 3.97 -1.877
4.326 3.954 -1.876
4.339 3.94 -1.876
4.337 3.914 -1.869
4.313 3.881 -1.856
4.296 3.841 -1.842
4.299 3.82 -1.838
4.319 3.812 -1.841
4.32 3.79 -1.837
4.327 3.772 -1.834
4.341 3.76 -1.836
4.337 3.745 -1.831
4.359 3.74 -1.836
4.374 3.729 -1.837
4.378 3.709 -1.834
4.387 3.693 -1.832
4.394 3.675 -1.83
4.388 3.647 -1.823
4.408 3.652 -1.829
4.407 3.627 -1.823
4.414 3.61 -1.821
2.111 12.751 -1.927
2.129 12.732 -1.925
2.164 12.698 -1.92
2.199 12.664 -1.916
2.233 12.622 -1.91
2.27 12.602 -1.908
2.305 12.565 -1.903
2.337 12.521 -1.897
2.353 12.496 -1.894
2.389 12.471 -1.891
2.419 12.417 -1.884
2.455 12.396 -1.881
2.488 12.355 -1.876
0.349999 16.64 -1.929
0.399999 16.554 -1.919
0.447999 16.422 -1.902
0.468999 16.272 -1.883
0.514999 16.118 -1.863
0.560999 15.98 -1.846
1.906 20.713 -1.843
1.962 20.618 -1.834
1.99 20.231 -1.797
2.031 19.999 -1.774
2.057 19.945 -1.769
1.665 29.22 -1.955
1.739 28.91 -1.933
1.795 28.345 -1.892
1.864 28.039 -1.869
10.65 18.112 -0.852
10.55 17.813 -0.836
10.592 17.756 -0.835
10.524 17.517 -0.823
10.637 17.58 -0.828
10.594 17.384 -0.819
10.551 17.192 -0.809
10.502 17.051 -0.802
