2.72749 0.39478 -0.334815 0.0242694
-9.552 12.434 -1.726
-9.551 12.515 -1.734
-9.496 12.524 -1.73
-9.487 12.594 -1.736
-9.486 12.634 -1.74
-9.458 12.679 -1.743
-9.471 12.779 -1.753
-9.44 12.822 -1.755
-9.388 12.835 -1.753
-9.363 12.885 -1.756
-9.316 12.907 -1.755
-9.297 12.923 -1.755
-9.266 12.965 -1.757
-9.25 13.03 -1.763
-9.216 13.068 -1.764
-9.22 13.161 -1.773
-9.16 13.163 -1.77
-9.134 13.215 -1.773
-9.135 13.26 -1.778
-5.491 12.652 -1.239
-5.46 12.689 -1.242
-5.419 12.705 -1.241
-5.386 12.738 -1.243
-5.372 12.761 -1.245
-5.35 12.82 -1.25
-5.33 12.887 -1.255
-5.309 12.951 -1.261
-5.286 13.012 -1.266
-5.265 13.078 -1.271
-5.267 13.144 -1.278
-5.246 13.21 -1.283
-5.224 13.277 -1.289
-2.8 33.557 -2.115
-2.699 33.623 -2.119
-2.594 33.643 -2.119
-2.49 33.669 -2.121
-2.386 33.699 -2.122
-2.281 33.72 -2.123
-2.176 33.749 -2.125
-2.126 33.8 -2.128
-2.022 33.838 -2.13
-1.916 33.852 -2.131
-1.808 33.826 -2.129
-1.703 33.862 -2.131
-1.598 33.901 -2.133
-1.494 33.95 -2.136
-1.443 34.01 -2.14
-1.34 34.112 -2.147
-1.236 34.212 -2.153
-1.13 34.267 -2.157
-1.027 34.412 -2.167
-0.919002 34.429 -2.168
