2.79541 -0.386157 0.053794 -0.00173687
1.955 4.067 -1.785
1.962 4.049 -1.779
1.967 4.027 -1.772
1.973 4.007 -1.766
1.973 3.976 -1.754
1.969 3.953 -1.745
1.973 3.931 -1.737
1.974 3.902 -1.726
1.918 4.56 -1.76
1.924 4.553 -1.758
1.93 4.53 -1.751
1.933 4.498 -1.74
1.937 4.468 -1.73
1.938 4.433 -1.718
1.947 4.417 -1.714
1.942 4.386 -1.703
1.94 5.148 -1.753
1.955 5.14 -1.752
1.953 5.109 -1.742
1.953 5.064 -1.728
1.953 5.015 -1.712
1.956 4.977 -1.701
2.089 6.562 -1.748
2.101 6.528 -1.74
2.085 6.442 -1.717
2.09 6.389 -1.704
2.09 6.32 -1.686
2.084 6.237 -1.664
2.241 7.675 -1.729
2.255 7.63 -1.72
2.259 7.558 -1.704
2.241 7.452 -1.679
2.231 7.334 -1.653
2.232 7.257 -1.636
2.326 9.158 -1.705
2.344 9.108 -1.696
2.363 9.065 -1.689
2.383 9.025 -1.683
2.384 8.972 -1.673
2.424 9.006 -1.681
2.454 9.006 -1.683
2.468 8.947 -1.673
2.459 8.803 -1.645
2.723 11.064 -1.684
2.721 10.908 -1.66
2.712 10.725 -1.631
2.703 10.55 -1.604
2.726 10.499 -1.597
2.74 10.485 -1.596
5.192 5.638 -0.887
5.187 5.597 -0.882
5.179 5.572 -0.879
5.18 5.538 -0.875
5.151 5.473 -0.866
5.156 5.444 -0.863
5.147 5.401 -0.858
5.145 5.365 -0.854
5.147 5.333 -0.851
5.122 5.291 -0.844
5.127 5.263 -0.842
5.11 5.213 -0.835
2.76 18.657 -1.652
2.799 18.516 -1.639
2.823 18.484 -1.636
2.839 18.2 -1.609
2.899 18.211 -1.611
2.958 18.211 -1.612
2.996 18.086 -1.6
3.04 18.002 -1.593
3.088 17.939 -1.588
3.645 22.466 -1.476
3.706 22.399 -1.472
3.709 21.98 -1.441
3.75 21.805 -1.429
3.759 21.453 -1.404
3.818 21.394 -1.4
3.872 21.309 -1.395
