5.07125 -0.896813 0.0924588 -0.00297924
2.185 4.3 -1.713
2.192 4.279 -1.707
2.203 4.268 -1.705
2.205 4.239 -1.696
2.21 4.217 -1.689
2.219 4.202 -1.686
2.222 4.192 -1.683
2.227 4.17 -1.676
2.239 4.16 -1.675
2.25 4.15 -1.674
2.258 4.134 -1.67
2.277 4.137 -1.674
2.281 4.128 -1.672
2.289 4.113 -1.669
2.306 4.112 -1.672
2.318 4.104 -1.671
2.329 4.093 -1.669
2.354 4.107 -1.679
2.365 4.096 -1.677
2.367 4.086 -1.674
2.388 4.091 -1.68
2.395 4.074 -1.676
2.406 4.063 -1.674
2.419 4.057 -1.675
2.431 4.048 -1.674
2.442 4.037 -1.673
2.453 4.041 -1.676
2.461 4.026 -1.673
2.47 4.012 -1.67
2.486 4.01 -1.673
2.494 3.995 -1.669
2.502 3.98 -1.667
2.524 3.987 -1.673
2.525 3.975 -1.669
2.527 3.951 -1.662
2.141 7.503 -1.684
2.163 7.493 -1.683
2.186 7.484 -1.683
2.208 7.47 -1.681
2.229 7.455 -1.679
2.229 7.412 -1.67
2.235 7.348 -1.656
2.247 7.305 -1.647
2.264 7.279 -1.643
2.285 7.265 -1.641
2.306 7.252 -1.64
2.329 7.245 -1.64
2.338 7.235 -1.638
2.366 7.243 -1.642
2.386 7.228 -1.64
2.407 7.215 -1.639
2.427 7.2 -1.637
2.449 7.19 -1.637
2.474 7.19 -1.638
2.479 7.168 -1.634
2.509 7.18 -1.639
2.528 7.163 -1.637
2.547 7.144 -1.634
2.568 7.132 -1.633
2.592 7.128 -1.634
2.607 7.1 -1.629
2.622 7.106 -1.632
2.64 7.087 -1.629
2.659 7.07 -1.627
2.219 8.97 -1.665
2.245 8.955 -1.663
2.256 8.88 -1.649
2.266 8.802 -1.635
2.281 8.746 -1.625
2.308 8.736 -1.625
2.331 8.712 -1.622
2.347 8.72 -1.624
2.371 8.697 -1.621
2.407 8.722 -1.627
2.427 8.688 -1.622
2.454 8.678 -1.622
2.481 8.67 -1.622
2.504 8.648 -1.619
2.518 8.645 -1.619
2.541 8.622 -1.616
2.571 8.626 -1.618
2.595 8.606 -1.616
2.62 8.592 -1.615
2.643 8.571 -1.612
2.668 8.557 -1.611
2.178 10.983 -1.653
2.193 10.966 -1.651
2.227 10.957 -1.65
2.245 10.87 -1.637
2.255 10.747 -1.619
2.28 10.696 -1.611
2.31 10.675 -1.609
2.339 10.644 -1.605
2.359 10.656 -1.608
2.395 10.662 -1.61
2.426 10.639 -1.608
2.456 10.618 -1.605
2.486 10.597 -1.603
2.518 10.581 -1.602
2.266 14.277 -1.65
2.282 14.234 -1.645
2.306 14.1 -1.628
2.334 13.993 -1.615
2.373 13.96 -1.612
2.417 13.954 -1.612
2.466 13.976 -1.616
2.508 13.957 -1.614
2.525 13.925 -1.611
2.562 13.878 -1.606
2.598 13.835 -1.601
2.639 13.813 -1.599
2.229 18.461 -1.626
2.281 18.403 -1.621
2.326 18.295 -1.611
2.359 18.096 -1.592
2.409 18.037 -1.587
2.431 17.988 -1.583
2.459 17.769 -1.562
