-5.88563 0.698928 0.103188 -0.0252917
-5.369 0.307 -1.711
-5.451 0.329 -1.74
-5.469 0.348 -1.746
-5.474 0.365 -1.748
-5.482 0.383 -1.751
-5.509 0.403 -1.761
-5.47 0.417 -1.748
-5.494 0.428 -1.756
-5.476 0.443 -1.75
-5.491 0.462 -1.756
-5.475 0.478 -1.751
-5.486 0.496 -1.756
-5.487 0.514 -1.756
-5.491 0.523 -1.758
-5.494 0.541 -1.76
-5.518 0.561 -1.769
-5.522 0.579 -1.77
-3.246 5.516 -1.616
-3.256 5.553 -1.626
-3.258 5.596 -1.636
-3.256 5.633 -1.645
-3.294 5.739 -1.675
-3.303 5.797 -1.69
-3.296 5.826 -1.696
-3.277 5.836 -1.696
-9.556 16.72 -1.691
-9.521 16.781 -1.695
-9.499 16.867 -1.701
-9.511 16.949 -1.709
-9.499 17.054 -1.717
-9.48 17.146 -1.724
-9.456 17.23 -1.73
-9.433 17.315 -1.737
-9.409 17.401 -1.743
-18.604 36.52 -1.619
-18.524 36.646 -1.623
-18.448 36.783 -1.627
-18.332 36.84 -1.627
-18.344 37.011 -1.634
-18.28 37.174 -1.639
-18.247 37.403 -1.647
-18.176 37.558 -1.652
-18.123 37.75 -1.659
-18.059 37.922 -1.665
-17.981 38.065 -1.669
