-16.5271 -13.2979 9.35309 -1.11615
8.644 0.387 -1.551
8.606 0.358 -1.543
8.574 0.33 -1.537
8.483 0.3 -1.519
8.37 0.269 -1.497
8.339 0.242 -1.491
8.287 0.227 -1.481
4.623 10 -1.624
4.643 9.96 -1.62
4.672 9.94 -1.619
4.702 9.924 -1.619
4.725 9.893 -1.616
4.751 9.866 -1.614
4.757 9.84 -1.61
4.782 9.813 -1.608
4.806 9.784 -1.606
4.83 9.754 -1.603
4.85 9.718 -1.599
4.881 9.702 -1.599
4.896 9.657 -1.594
4.917 9.662 -1.596
4.939 9.629 -1.593
4.967 9.61 -1.593
4.99 9.58 -1.59
5.017 9.559 -1.589
5.043 9.534 -1.587
5.05 9.512 -1.585
5.073 9.483 -1.582
5.096 9.454 -1.58
5.121 9.43 -1.579
5.143 9.4 -1.576
5.17 9.378 -1.575
5.195 9.355 -1.574
5.219 9.328 -1.572
