2.00002 0.0366713 -0.00462012 5.87225e-05
1.691 7.569 -1.674
1.702 7.563 -1.673
1.726 7.555 -1.672
1.749 7.548 -1.672
1.771 7.537 -1.67
1.794 7.526 -1.669
1.808 7.48 -1.66
1.82 7.425 -1.648
1.825 7.396 -1.641
1.84 7.356 -1.633
1.86 7.341 -1.631
1.888 7.352 -1.635
1.906 7.329 -1.631
1.932 7.332 -1.633
1.958 7.339 -1.637
1.97 7.336 -1.637
1.987 7.307 -1.631
2.012 7.311 -1.633
2.03 7.284 -1.628
2.053 7.277 -1.628
2.073 7.263 -1.627
2.084 7.256 -1.626
2.106 7.248 -1.625
2.125 7.23 -1.623
1.668 9.104 -1.668
1.696 9.093 -1.666
1.723 9.082 -1.665
1.744 9.036 -1.657
1.754 9.012 -1.653
1.764 8.912 -1.635
1.79 8.897 -1.633
1.815 8.876 -1.63
1.844 8.876 -1.631
1.871 8.866 -1.63
1.903 8.878 -1.633
1.913 8.857 -1.63
1.942 8.859 -1.631
1.964 8.826 -1.626
1.989 8.804 -1.623
2.018 8.808 -1.625
2.044 8.794 -1.623
2.053 8.769 -1.619
2.074 8.736 -1.614
1.554 11.088 -1.653
1.588 11.077 -1.652
1.605 11.069 -1.651
1.637 11.044 -1.648
1.655 10.93 -1.63
1.68 10.86 -1.62
1.708 10.818 -1.614
1.74 10.803 -1.612
1.774 10.793 -1.612
1.792 10.8 -1.613
1.826 10.79 -1.613
1.856 10.765 -1.609
1.887 10.74 -1.606
1.917 10.716 -1.603
1.948 10.695 -1.601
1.977 10.663 -1.597
1.99 10.641 -1.594
1.527 14.193 -1.627
1.542 14.126 -1.618
1.567 13.956 -1.597
1.604 13.887 -1.589
1.647 13.878 -1.588
1.687 13.844 -1.584
1.715 13.718 -1.569
7.765 13.831 -1.071
7.763 13.727 -1.064
7.757 13.616 -1.056
7.749 13.503 -1.048
7.752 13.412 -1.042
7.724 13.315 -1.034
7.689 13.16 -1.022
7.671 13.034 -1.012
