-1.93024 -1.00806 0.0952399 -0.00288792
-4.046 2.568 -1.862
-4.052 2.59 -1.868
-4.056 2.611 -1.875
-4.051 2.625 -1.876
-4.06 2.649 -1.884
-4.058 2.656 -1.885
-4.082 2.69 -1.901
-4.073 2.703 -1.901
-4.088 2.731 -1.913
-4.256 3.099 -1.88
-4.282 3.139 -1.897
-4.284 3.161 -1.903
-4.301 3.195 -1.916
-4.316 3.216 -1.925
-4.314 3.237 -1.929
-4.328 3.268 -1.941
-4.565 3.664 -1.873
-4.593 3.699 -1.888
-4.625 3.749 -1.907
-4.66 3.802 -1.928
-4.66 3.826 -1.933
-4.396 15.131 -1.735
-4.366 15.206 -1.743
-4.346 15.315 -1.755
-4.361 15.459 -1.773
-4.362 15.651 -1.795
-4.343 15.772 -1.809
-4.295 15.793 -1.81
-13.773 17.16 -1.42
-13.753 17.245 -1.424
-13.723 17.319 -1.427
-13.732 17.386 -1.431
-13.713 17.475 -1.435
-13.684 17.551 -1.439
-13.665 17.641 -1.443
-13.638 17.72 -1.446
-13.618 17.81 -1.451
-13.594 17.894 -1.455
-13.6 17.96 -1.459
-13.578 18.049 -1.463
-13.549 18.128 -1.466
-13.55 18.249 -1.474
