-9.3843 -0.132952 1.21569 -0.20363
-3.543 3.657 -1.261
-3.545 3.682 -1.266
-3.559 3.719 -1.276
-3.541 3.712 -1.271
-3.536 3.73 -1.274
-3.539 3.757 -1.28
-3.527 3.768 -1.28
-3.535 3.8 -1.287
-3.528 3.817 -1.29
-3.522 3.834 -1.292
-3.53 3.855 -1.297
-3.534 3.883 -1.304
-3.511 3.882 -1.3
-3.522 3.919 -1.309
-3.525 3.947 -1.315
-3.515 3.961 -1.316
-9.791 18.242 -1.833
-9.804 18.404 -1.848
-9.82 18.504 -1.857
-9.807 18.621 -1.867
-9.774 18.701 -1.872
-9.741 18.781 -1.878
-9.721 18.886 -1.886
-9.698 18.989 -1.894
-12.819 25.282 -1.888
-12.837 25.514 -1.903
-12.764 25.571 -1.905
-12.789 25.721 -1.915
-12.665 25.673 -1.908
-12.673 25.894 -1.923
-12.691 26.138 -1.94
