2.39048 -0.157309 0.00922011 -0.000200046
1.661 5.603 -1.687
1.659 5.563 -1.675
1.671 5.538 -1.669
1.682 5.512 -1.662
1.695 5.493 -1.658
1.711 5.482 -1.656
1.724 5.463 -1.652
1.739 5.451 -1.649
1.738 5.419 -1.64
1.759 5.424 -1.643
1.777 5.422 -1.645
1.796 5.424 -1.647
1.81 5.409 -1.644
1.826 5.4 -1.643
1.844 5.396 -1.643
1.849 5.384 -1.64
1.865 5.375 -1.639
1.884 5.376 -1.642
1.896 5.357 -1.637
1.912 5.348 -1.636
1.573 7.658 -1.688
1.595 7.644 -1.686
1.62 7.643 -1.687
1.636 7.599 -1.678
1.646 7.533 -1.663
1.663 7.498 -1.656
1.675 7.437 -1.643
1.685 7.427 -1.641
1.706 7.412 -1.639
1.728 7.401 -1.637
1.52 9.28 -1.696
1.548 9.273 -1.696
1.576 9.258 -1.694
1.595 9.197 -1.683
1.6 9.139 -1.672
1.618 9.07 -1.659
1.64 9.03 -1.652
1.661 8.986 -1.645
1.41 11.358 -1.692
1.443 11.336 -1.689
1.459 11.316 -1.687
1.492 11.292 -1.683
1.513 11.176 -1.666
1.536 11.083 -1.651
1.566 11.043 -1.646
1.597 11.014 -1.642
1.338 14.842 -1.707
1.382 14.806 -1.703
1.421 14.725 -1.693
1.449 14.539 -1.669
1.487 14.463 -1.66
1.531 14.444 -1.658
1.556 14.464 -1.661
1.6 14.449 -1.66
1.644 14.426 -1.658
1.685 14.387 -1.653
1.168 19.305 -1.699
1.227 19.273 -1.697
1.249 19.142 -1.684
1.293 18.896 -1.66
1.348 18.836 -1.655
1.412 18.895 -1.661
1.47 18.871 -1.659
1.525 18.816 -1.654
1.551 18.772 -1.65
1.607 18.732 -1.646
0.938999 25.634 -1.689
1.016 25.53 -1.681
1.077 25.07 -1.648
1.151 24.953 -1.639
1.231 24.995 -1.643
1.266 24.897 -1.636
1.341 24.839 -1.632
