2.01059 -0.131101 0.031165 -0.00123101
1.916 4.004 -1.754
1.911 3.978 -1.743
1.91 3.943 -1.73
1.909 3.911 -1.717
1.909 3.88 -1.706
1.904 3.84 -1.689
1.929 4.488 -1.736
1.942 4.48 -1.735
1.947 4.453 -1.727
1.951 4.425 -1.718
1.948 4.381 -1.702
1.952 4.353 -1.693
1.948 4.31 -1.677
1.994 5.027 -1.721
2.006 5.011 -1.718
2.015 4.988 -1.712
2.02 4.956 -1.702
2.013 4.897 -1.683
2.009 4.866 -1.673
2.012 4.83 -1.662
2.041 5.573 -1.716
2.057 5.563 -1.714
2.066 5.534 -1.707
2.044 5.448 -1.679
2.048 5.406 -1.668
2.051 5.362 -1.655
2.15 6.435 -1.72
2.156 6.386 -1.708
2.162 6.337 -1.696
2.157 6.257 -1.675
2.156 6.19 -1.658
2.152 6.118 -1.639
2.142 6.058 -1.623
2.229 7.63 -1.718
2.251 7.617 -1.717
2.271 7.597 -1.714
2.281 7.545 -1.703
2.271 7.469 -1.685
2.269 7.376 -1.664
2.263 7.274 -1.641
2.444 9.141 -1.707
2.447 9.094 -1.699
2.444 8.97 -1.676
2.436 8.83 -1.649
2.425 8.68 -1.62
2.428 8.586 -1.603
2.697 14.113 -1.638
2.735 14.072 -1.634
2.76 13.966 -1.621
2.786 13.871 -1.61
2.803 13.734 -1.594
2.802 13.621 -1.579
0.390999 18.424 -1.61
0.447999 18.373 -1.605
0.503999 18.324 -1.6
0.560999 18.286 -1.597
0.616999 18.253 -1.594
0.671999 18.195 -1.588
0.698999 18.15 -1.584
0.754999 18.1 -1.579
0.808999 18.052 -1.575
0.863999 18.003 -1.57
0.918999 17.971 -1.567
0.972999 17.924 -1.563
1.028 17.891 -1.56
6.335 13.54 -0.998
6.297 13.403 -0.987
6.28 13.259 -0.976
6.266 13.123 -0.966
6.252 12.99 -0.955
6.233 12.848 -0.945
