-2.37169 -0.151131 0.0088893 -0.000129952
-2.943 4.47 -1.702
-2.936 4.49 -1.707
-2.92 4.496 -1.705
-2.909 4.51 -1.707
-2.905 4.535 -1.714
-2.892 4.548 -1.715
-2.891 4.562 -1.719
-2.887 4.587 -1.725
-2.88 4.609 -1.731
-2.879 4.639 -1.739
-2.87 4.658 -1.743
-2.871 4.692 -1.753
-3.202 8.952 -1.716
-3.182 8.986 -1.721
-3.155 8.998 -1.722
-3.13 9.019 -1.724
-3.101 9.025 -1.723
-3.09 9.039 -1.725
-3.063 9.054 -1.726
-3.038 9.073 -1.728
-3.004 9.068 -1.725
-2.981 9.092 -1.728
-2.956 9.113 -1.73
-2.935 9.146 -1.735
-2.929 9.177 -1.741
-2.92 9.248 -1.753
-2.902 9.291 -1.76
-2.882 9.33 -1.766
-2.859 9.359 -1.77
-3.441 10.858 -1.683
-3.413 10.888 -1.687
-3.381 10.908 -1.688
-3.349 10.924 -1.689
-3.335 10.939 -1.691
-3.3 10.949 -1.691
-3.265 10.958 -1.69
-3.232 10.973 -1.691
-3.201 10.993 -1.693
-3.168 11.011 -1.694
-3.131 11.009 -1.692
-3.121 11.041 -1.697
-3.085 11.045 -1.696
-3.049 11.052 -1.695
-3.015 11.062 -1.695
-2.983 11.083 -1.697
-2.952 11.107 -1.7
-2.932 11.174 -1.709
-2.935 11.255 -1.722
-2.919 11.339 -1.734
-2.885 11.353 -1.735
-3.854 13.937 -1.65
-3.814 13.96 -1.652
-3.774 13.985 -1.653
-3.73 13.999 -1.654
-3.689 14.022 -1.655
-3.649 14.049 -1.657
-3.628 14.061 -1.658
-3.58 14.057 -1.656
-3.539 14.081 -1.658
-3.5 14.114 -1.661
-3.456 14.124 -1.661
-3.415 14.149 -1.662
-3.369 14.152 -1.661
-3.347 14.159 -1.662
-3.307 14.191 -1.664
-3.261 14.195 -1.664
-3.219 14.215 -1.665
-3.171 14.21 -1.663
-3.126 14.217 -1.663
-3.134 14.476 -1.695
-3.119 14.515 -1.7
-11.302 33.873 -1.385
-11.293 34.205 -1.398
-11.283 34.54 -1.413
-11.275 34.889 -1.427
-11.269 35.248 -1.442
