2.02429 -0.0276746 0.0033969 -9.30355e-05
1.965 3.825 -1.696
1.961 3.803 -1.686
1.972 3.795 -1.685
1.972 3.768 -1.675
1.972 3.739 -1.665
1.969 3.705 -1.651
1.976 3.69 -1.647
1.976 3.676 -1.642
1.952 4.335 -1.686
1.952 4.3 -1.674
1.958 4.278 -1.668
1.955 4.237 -1.653
1.956 4.222 -1.648
1.954 4.182 -1.634
1.941 5.457 -1.671
1.954 5.438 -1.667
1.954 5.414 -1.66
1.956 5.364 -1.646
1.961 5.326 -1.635
1.963 5.278 -1.622
1.965 5.233 -1.609
1.976 6.27 -1.663
1.968 6.212 -1.647
1.978 6.174 -1.639
1.981 6.118 -1.624
1.978 6.042 -1.605
1.961 7.445 -1.66
1.966 7.414 -1.654
1.973 7.348 -1.639
1.977 7.272 -1.623
1.98 7.192 -1.605
1.981 7.105 -1.586
1.934 8.957 -1.65
1.955 8.919 -1.643
1.98 8.899 -1.641
1.991 8.814 -1.625
1.997 8.714 -1.606
2.002 8.608 -1.587
1.994 8.513 -1.568
1.944 10.87 -1.628
1.975 10.844 -1.625
1.997 10.774 -1.615
1.986 10.617 -1.59
1.996 10.487 -1.57
2.001 10.335 -1.546
2.003 10.17 -1.521
2.029 13.914 -1.599
2.025 13.734 -1.576
2.035 13.51 -1.548
2.041 13.274 -1.518
2.055 13.089 -1.495
2.02 17.65 -1.545
2.047 17.401 -1.521
2.054 16.995 -1.481
2.048 16.721 -1.454
2.092 16.647 -1.448
2.143 16.625 -1.446
