2.04325 -0.0276537 0.0031931 -9.56358e-05
2.65 2.304 -1.397
2.656 2.295 -1.396
2.657 2.281 -1.393
2.645 2.256 -1.382
2.655 2.25 -1.384
2.644 2.234 -1.376
2.642 2.218 -1.37
2.65 2.21 -1.371
2.65 2.196 -1.367
2.633 2.168 -1.353
2.666 2.182 -1.368
2.656 2.159 -1.359
2.641 2.14 -1.349
2.655 2.138 -1.353
2.653 2.122 -1.348
2.66 2.114 -1.348
2.664 2.103 -1.346
2.644 2.074 -1.332
2.648 2.064 -1.33
2.698 2.327 -1.273
2.694 2.309 -1.267
2.646 2.253 -1.238
2.626 2.228 -1.226
2.623 2.211 -1.221
2.606 2.788 -1.219
2.609 2.773 -1.216
2.612 2.759 -1.213
2.609 2.739 -1.207
2.606 2.718 -1.201
2.621 2.725 -1.206
2.608 2.695 -1.196
2.604 2.673 -1.189
2.611 2.663 -1.189
2.599 2.635 -1.179
2.61 2.629 -1.18
2.62 2.623 -1.181
2.604 2.598 -1.171
2.602 2.579 -1.165
2.612 2.574 -1.167
2.602 2.547 -1.157
2.6 2.53 -1.153
2.614 2.527 -1.155
2.603 2.5 -1.146
2.605 2.487 -1.144
1.964 5.469 -1.677
1.965 5.444 -1.67
1.968 5.397 -1.656
1.97 5.349 -1.643
1.974 5.311 -1.632
1.978 5.269 -1.62
1.971 6.292 -1.668
1.978 6.243 -1.656
1.983 6.191 -1.643
1.988 6.14 -1.631
1.991 6.083 -1.616
1.934 7.435 -1.656
1.958 7.434 -1.658
1.963 7.403 -1.651
1.976 7.359 -1.642
1.983 7.292 -1.627
1.988 7.22 -1.612
1.987 7.13 -1.591
1.935 8.826 -1.625
1.96 8.809 -1.623
1.987 8.799 -1.622
1.995 8.702 -1.604
2.001 8.604 -1.586
1.993 8.507 -1.567
1.897 10.6 -1.585
1.931 10.601 -1.586
1.965 10.597 -1.586
1.969 10.528 -1.576
1.977 10.386 -1.554
1.987 10.263 -1.535
1.993 10.121 -1.513
2.003 10.003 -1.495
2.021 9.932 -1.484
1.958 13.433 -1.537
1.981 13.442 -1.538
2.001 13.288 -1.519
2.009 13.064 -1.491
2.017 12.85 -1.464
2.03 12.676 -1.443
2.063 12.628 -1.437
2.079 12.601 -1.434
1.918 16.746 -1.455
1.971 16.746 -1.456
2.012 16.645 -1.447
1.998 16.31 -1.414
2.011 15.993 -1.383
2.046 15.865 -1.371
2.092 15.826 -1.368
