-6.55534 0.643098 -0.0396714 0.000822938
-2.679 5.109 -1.664
-2.682 5.153 -1.676
-2.677 5.184 -1.684
-2.678 5.226 -1.696
-2.671 5.251 -1.702
-2.656 5.263 -1.703
-2.652 5.276 -1.706
-2.64 5.294 -1.71
-2.637 5.33 -1.719
-2.623 5.343 -1.721
-2.604 5.346 -1.719
-2.874 4.416 -1.141
-2.869 4.44 -1.145
-2.869 4.47 -1.151
-2.907 4.562 -1.174
-2.927 4.627 -1.19
-2.935 4.656 -1.197
-2.966 4.738 -1.218
-2.628 8.806 -1.655
-2.636 8.936 -1.679
-2.611 8.952 -1.681
-2.605 8.984 -1.687
-2.585 9.021 -1.692
-2.556 9.027 -1.692
-2.539 9.074 -1.7
-2.519 9.115 -1.706
-2.504 9.172 -1.716
-8.811 5.882 -1.557
-8.899 5.981 -1.577
-8.989 6.082 -1.598
-9.063 6.173 -1.616
-9.1 6.22 -1.625
-3.211 13.516 -0.913
-3.243 13.85 -0.94
-3.228 13.882 -0.942
-3.208 13.997 -0.951
-3.241 14.35 -0.979
-3.185 14.311 -0.975
-3.142 14.331 -0.976
-3.088 14.296 -0.972
-3.069 14.43 -0.982
