1.51332 0.032841 -0.00419884 0.000177677
1.607 3.983 -1.693
1.614 3.966 -1.688
1.613 3.929 -1.673
1.62 3.912 -1.668
1.612 3.857 -1.645
1.624 3.852 -1.645
1.623 3.833 -1.637
1.605 4.429 -1.67
1.609 4.398 -1.659
1.606 4.349 -1.642
1.61 4.318 -1.631
1.614 4.286 -1.62
1.606 4.246 -1.605
1.604 5.635 -1.692
1.612 5.597 -1.681
1.611 5.528 -1.661
1.616 5.479 -1.646
1.629 5.459 -1.642
1.631 5.404 -1.626
1.611 6.475 -1.69
1.622 6.429 -1.678
1.628 6.367 -1.663
1.623 6.307 -1.646
1.628 6.246 -1.631
1.549 7.665 -1.688
1.57 7.647 -1.685
1.588 7.61 -1.678
1.599 7.603 -1.677
1.612 7.545 -1.664
1.625 7.49 -1.652
1.632 7.411 -1.635
1.514 9.151 -1.671
1.537 9.115 -1.665
1.565 9.107 -1.665
1.593 9.094 -1.663
1.619 9.075 -1.66
1.628 9.046 -1.655
1.635 8.919 -1.631
1.642 8.8 -1.609
1.535 11.211 -1.672
1.567 11.184 -1.668
1.6 11.163 -1.666
1.627 11.098 -1.656
1.643 10.964 -1.635
1.633 10.781 -1.606
1.6 14.449 -1.66
1.641 14.398 -1.654
1.656 14.337 -1.647
1.697 14.298 -1.642
1.701 13.96 -1.599
1.748 17.455 -1.523
1.801 17.432 -1.521
1.856 17.422 -1.521
1.879 17.383 -1.517
1.928 17.322 -1.512
1.979 17.29 -1.509
2.028 17.232 -1.504
2.083 17.238 -1.505
2.144 17.285 -1.511
2.19 17.211 -1.504
2.207 17.13 -1.496
2.255 17.08 -1.492
2.312 17.098 -1.495
2.347 16.955 -1.481
2.4 16.947 -1.481
2.443 16.867 -1.474
2.505 16.92 -1.48
2.523 16.859 -1.474
2.57 16.81 -1.47
2.608 16.709 -1.461
2.668 16.746 -1.465
2.718 16.72 -1.464
2.758 16.639 -1.456
