-2.93148 -0.0218549 0.00304444 -8.68661e-05
-2.954 3.186 -1.714
-2.967 3.221 -1.729
-2.962 3.236 -1.732
-2.966 3.25 -1.738
-2.965 3.271 -1.744
-2.961 3.287 -1.748
-2.962 3.309 -1.755
-2.967 3.336 -1.765
-2.964 3.354 -1.769
-2.977 3.83 -1.723
-2.979 3.858 -1.732
-2.983 3.876 -1.738
-2.974 3.889 -1.74
-2.971 3.911 -1.746
-2.973 3.94 -1.755
-2.968 3.959 -1.76
-2.97 3.988 -1.769
-2.963 4.005 -1.773
-2.961 4.016 -1.776
-2.951 4.028 -1.777
-2.983 4.5 -1.718
-2.979 4.525 -1.725
-2.968 4.54 -1.727
-2.971 4.576 -1.738
-2.979 4.605 -1.747
-2.965 4.615 -1.748
-2.973 4.66 -1.762
-2.971 4.689 -1.77
-2.962 4.707 -1.774
-2.949 4.72 -1.775
-3.003 4.893 -1.655
-2.994 4.913 -1.659
-2.985 4.932 -1.663
-2.983 4.947 -1.666
-2.989 4.992 -1.679
-2.982 5.016 -1.685
-2.976 5.042 -1.691
-2.985 5.093 -1.705
-2.988 6.033 -1.706
-2.987 6.079 -1.717
-2.978 6.109 -1.723
-2.982 6.165 -1.738
-2.971 6.192 -1.743
-2.974 6.224 -1.751
-2.972 6.27 -1.762
-2.968 7.197 -1.68
-2.972 7.269 -1.696
-2.963 7.313 -1.705
-2.961 7.375 -1.718
-2.955 7.425 -1.728
-2.955 7.493 -1.743
-2.945 7.538 -1.752
-2.94 8.874 -1.685
-2.947 8.944 -1.699
-2.942 9.022 -1.713
-2.93 9.08 -1.723
-2.91 9.117 -1.728
-2.889 9.149 -1.733
-2.863 9.167 -1.735
-2.964 10.617 -1.625
-2.956 10.716 -1.64
-2.947 10.816 -1.655
-2.958 10.924 -1.672
-2.951 11.032 -1.688
-2.949 11.167 -1.709
-2.928 11.23 -1.718
-2.894 11.243 -1.718
-2.903 13.712 -1.593
-2.892 13.876 -1.614
-2.907 14.063 -1.637
-2.897 14.238 -1.659
-2.883 14.406 -1.68
-2.848 14.468 -1.687
-2.807 14.498 -1.689
-2.955 17.504 -1.543
-2.906 17.552 -1.547
-2.889 17.795 -1.571
-2.881 18.099 -1.6
-2.852 18.287 -1.618
-2.829 18.522 -1.64
-2.776 18.562 -1.643
-14.316 27.573 -1.356
-14.354 27.859 -1.37
-14.383 28.134 -1.383
-14.424 28.433 -1.397
-14.452 28.71 -1.41
