-6.29639 0.747592 -0.0580607 0.000960823
-3.677 4.313 -1.633
-3.686 4.351 -1.643
-3.683 4.376 -1.649
-3.698 4.421 -1.662
-3.721 4.476 -1.68
-3.74 4.528 -1.696
-5.725 3.389 -1.685
-5.728 3.415 -1.689
-5.757 3.445 -1.7
-5.804 3.498 -1.718
-5.82 3.532 -1.727
-5.837 3.567 -1.736
-5.834 3.59 -1.738
-5.822 3.609 -1.738
-11.773 6.284 -1.508
-11.774 6.332 -1.511
-11.768 6.377 -1.513
-11.777 6.406 -1.515
-11.762 6.445 -1.516
-11.763 6.494 -1.519
-11.765 6.543 -1.522
-11.768 6.594 -1.526
-11.76 6.638 -1.528
-11.765 6.665 -1.53
-11.759 6.711 -1.532
-11.759 6.76 -1.535
-11.756 6.808 -1.538
-11.754 6.855 -1.541
-11.739 6.896 -1.542
-11.743 6.948 -1.546
-11.756 6.981 -1.549
-11.747 7.026 -1.551
-11.742 7.073 -1.554
-11.73 7.116 -1.555
-11.726 7.165 -1.558
-11.712 7.207 -1.56
-10.13 22.848 -1.64
-10.061 22.887 -1.641
-10.115 23.206 -1.664
-10.1 23.373 -1.675
-10.121 23.521 -1.686
-10.091 23.657 -1.694
-10.061 34.043 -1.579
-10.065 34.456 -1.599
-10.003 34.647 -1.607
-9.932 34.808 -1.614
-9.876 35.032 -1.624
-9.813 35.23 -1.633
