1.67105 -0.0219783 -0.000464556 4.35297e-05
1.575 4.014 -1.7
1.577 3.983 -1.689
1.585 3.966 -1.683
1.585 3.93 -1.669
1.584 3.893 -1.654
1.59 3.873 -1.647
1.547 4.556 -1.708
1.54 4.513 -1.692
1.547 4.489 -1.684
1.55 4.451 -1.671
1.555 4.421 -1.661
1.559 4.39 -1.65
1.49 5.177 -1.714
1.503 5.164 -1.711
1.514 5.141 -1.705
1.535 5.151 -1.71
1.539 5.106 -1.696
1.536 5.069 -1.683
1.546 5.044 -1.676
1.552 5.009 -1.665
1.552 4.955 -1.648
1.518 5.599 -1.674
1.522 5.543 -1.658
1.526 5.488 -1.642
1.532 5.445 -1.629
1.535 5.39 -1.613
1.5 6.551 -1.703
1.51 6.503 -1.691
1.516 6.435 -1.673
1.528 6.394 -1.663
1.53 6.312 -1.642
1.485 7.724 -1.699
1.483 7.581 -1.666
1.5 7.542 -1.658
1.497 7.463 -1.64
1.501 7.361 -1.617
1.516 7.32 -1.609
1.372 9.392 -1.713
1.401 9.386 -1.713
1.429 9.372 -1.711
1.454 9.336 -1.705
1.459 9.178 -1.675
1.472 9.073 -1.655
1.481 8.948 -1.631
1.476 8.829 -1.609
1.334 11.487 -1.711
1.371 11.486 -1.712
1.382 11.431 -1.703
1.407 11.335 -1.689
1.418 11.13 -1.657
1.429 10.944 -1.627
1.444 10.788 -1.603
1.308 14.765 -1.697
1.346 14.674 -1.685
1.386 14.608 -1.678
1.398 14.257 -1.633
1.417 14.005 -1.601
1.163 19.217 -1.691
1.22 19.158 -1.685
1.273 19.056 -1.676
1.305 18.639 -1.635
1.334 18.22 -1.594
1.382 18.091 -1.582
9.568 26.029 -1.842
9.641 25.972 -1.84
9.701 25.886 -1.836
9.751 25.771 -1.829
9.836 25.752 -1.83
9.849 25.665 -1.824
9.883 25.513 -1.815
9.944 25.434 -1.811
9.99 25.315 -1.804
10.027 25.178 -1.796
10.088 25.1 -1.792
10.158 25.046 -1.79
