5.28093 -1.27309 0.212734 -0.0109553
2.951 8.736 -1.661
2.964 8.684 -1.652
2.982 8.648 -1.647
2.997 8.604 -1.639
3.005 8.54 -1.628
3.03 8.525 -1.627
3.042 8.517 -1.627
3.068 8.505 -1.626
3.085 8.468 -1.62
3.1 8.427 -1.614
3.123 8.406 -1.612
3.123 8.326 -1.597
2.048 11.353 -1.707
2.072 11.281 -1.696
2.09 11.183 -1.681
2.114 11.114 -1.671
2.146 11.096 -1.669
2.178 11.071 -1.667
2.191 11.047 -1.663
2.227 11.047 -1.664
2.262 11.042 -1.665
2.295 11.027 -1.663
2.334 11.041 -1.667
2.365 11.015 -1.664
2.397 10.994 -1.662
2.409 10.967 -1.658
2.438 10.936 -1.654
2.472 10.926 -1.654
2.509 10.928 -1.655
2.541 10.911 -1.654
2.566 10.864 -1.647
2.053 18.466 -1.625
2.07 18.356 -1.614
2.101 18.11 -1.591
2.151 18.048 -1.585
2.212 18.074 -1.588
2.267 18.057 -1.587
2.321 18.029 -1.585
2.376 18.009 -1.584
2.404 18 -1.583
2.444 17.872 -1.572
1.98 24.492 -1.609
2.051 24.423 -1.605
2.093 24.009 -1.575
2.165 23.962 -1.572
2.245 24.013 -1.576
2.314 23.934 -1.571
2.385 23.881 -1.567
2.418 23.832 -1.564
2.488 23.78 -1.561
2.565 23.792 -1.562
2.635 23.742 -1.559
2.712 23.756 -1.561
2.779 23.686 -1.556
