-3.57168 0.0491379 0.119236 -0.00948424
-2.991 1.557 -1.337
-2.997 1.566 -1.341
-2.982 1.57 -1.336
-2.993 1.588 -1.344
-3.022 1.615 -1.361
-3.061 1.648 -1.382
-3.082 1.671 -1.395
-2.487 2.433 -1.24
-2.494 2.455 -1.248
-2.498 2.475 -1.254
-2.501 2.493 -1.26
-2.512 2.511 -1.268
-2.496 2.511 -1.264
-2.479 2.51 -1.259
-2.48 2.527 -1.264
-2.485 2.548 -1.271
-2.487 2.565 -1.276
-2.522 2.609 -1.298
-3.568 0.0889998 -1.132
-3.602 0.101 -1.144
-3.656 0.113 -1.163
-3.701 0.126 -1.179
-3.727 0.138 -1.189
-3.738 0.145 -1.192
-1.648 4.693 -1.418
-1.658 4.769 -1.441
-1.657 4.814 -1.454
-1.676 4.916 -1.486
-1.673 4.959 -1.499
-1.656 4.959 -1.497
-1.647 4.96 -1.496
-1.629 4.956 -1.493
-1.616 4.97 -1.496
-1.599 4.97 -1.494
-1.611 5.06 -1.522
-1.601 5.085 -1.529
-1.591 5.109 -1.535
-1.043 6.352 -1.626
-1.042 6.469 -1.657
-1.03 6.522 -1.671
-1.016 6.567 -1.683
-0.533 7.929 -1.137
-0.516 8.043 -1.154
-0.51 8.153 -1.172
-0.491 8.251 -1.187
-0.472 8.369 -1.206
