-772.927 487.936 -101.211 6.90431
-1.97 4.008 -1.577
-1.971 4.041 -1.588
-1.977 4.088 -1.606
-1.981 4.111 -1.614
-1.992 4.168 -1.635
-0.462 5.708 -1.651
-0.455 5.736 -1.659
-0.447 5.851 -1.695
-0.43 5.876 -1.702
-0.413 5.9 -1.709
-0.393 5.874 -1.701
-0.374 5.876 -1.701
-0.366 5.892 -1.705
-0.349 5.912 -1.711
-0.329 5.899 -1.707
-0.31 5.885 -1.703
-0.293 5.919 -1.713
-0.275 5.925 -1.714
-0.256 5.913 -1.71
-0.246 5.896 -1.705
-0.229 5.931 -1.716
-0.211 5.955 -1.723
-0.192 5.957 -1.723
-0.922 5.476 -1.386
-0.914 5.53 -1.4
-0.895 5.527 -1.399
-0.902 5.622 -1.424
-0.896 5.697 -1.444
-2.228 8.428 -1.563
-2.229 8.538 -1.584
-2.264 8.726 -1.621
-2.236 8.731 -1.62
-2.2 8.705 -1.614
-2.182 8.748 -1.621
-2.156 8.763 -1.623
-2.132 8.783 -1.625
-2.127 8.824 -1.633
