-0.180096 1.0149 -0.129307 0.00472128
2.24 5.325 -1.666
2.247 5.293 -1.658
2.257 5.272 -1.653
2.25 5.208 -1.635
2.249 5.161 -1.621
2.249 5.138 -1.614
2.272 6.118 -1.65
2.29 6.109 -1.65
2.305 6.089 -1.646
2.305 6.033 -1.632
2.299 5.988 -1.62
2.303 5.941 -1.608
2.3 5.879 -1.592
2.295 5.811 -1.575
2.289 7.196 -1.626
2.294 7.135 -1.613
2.302 7.083 -1.602
2.3 7.039 -1.592
2.303 6.972 -1.578
2.31 6.921 -1.567
2.167 8.471 -1.568
2.166 8.41 -1.557
2.18 8.356 -1.547
2.197 8.313 -1.54
2.212 8.262 -1.531
2.225 8.208 -1.522
2.244 8.176 -1.517
1.173 10.831 -1.605
1.204 10.792 -1.599
1.234 10.755 -1.594
1.263 10.714 -1.588
1.277 10.69 -1.584
1.305 10.633 -1.576
1.334 10.594 -1.57
1.363 10.558 -1.565
1.39 10.505 -1.557
1.418 10.465 -1.552
0.290999 13.118 -1.479
0.331999 13.115 -1.479
0.372999 13.104 -1.477
0.413999 13.094 -1.476
0.453999 13.085 -1.475
0.474999 13.074 -1.474
0.514999 13.063 -1.473
0.554999 13.039 -1.47
0.594999 13.01 -1.466
0.634999 12.996 -1.465
0.675999 12.996 -1.465
0.716999 12.988 -1.464
0.736999 12.983 -1.464
0.776999 12.963 -1.462
0.816999 12.956 -1.461
0.856999 12.938 -1.459
0.895999 12.919 -1.457
0.935999 12.902 -1.455
0.974999 12.885 -1.453
0.992999 12.856 -1.45
1.033 12.847 -1.449
1.073 12.838 -1.448
1.113 12.829 -1.448
1.152 12.809 -1.446
1.19 12.788 -1.443
1.23 12.778 -1.443
1.249 12.768 -1.442
1.288 12.758 -1.441
1.327 12.742 -1.439
1.366 12.728 -1.438
1.404 12.708 -1.436
1.443 12.694 -1.435
1.483 12.687 -1.434
1.502 12.675 -1.433
1.54 12.662 -1.432
1.579 12.65 -1.431
1.618 12.641 -1.431
1.658 12.632 -1.43
1.697 12.624 -1.43
1.737 12.619 -1.43
1.755 12.604 -1.428
1.794 12.593 -1.428
1.831 12.573 -1.426
1.869 12.556 -1.424
1.907 12.54 -1.423
1.945 12.528 -1.422
1.983 12.512 -1.421
