33.1312 -14.5435 2.46276 -0.141843
4.439 7.531 -1.263
4.36 7.343 -1.231
4.313 7.238 -1.213
4.334 7.221 -1.212
4.435 7.337 -1.236
4.52 7.427 -1.255
4.534 7.397 -1.252
4.515 7.314 -1.24
4.524 7.276 -1.235
4.491 7.198 -1.222
4.43 7.05 -1.197
1.979 18.884 -1.665
2.039 18.878 -1.665
2.092 18.822 -1.66
2.124 18.574 -1.636
2.141 18.462 -1.625
2.199 18.457 -1.626
2.266 18.521 -1.633
2.318 18.464 -1.628
2.371 18.421 -1.624
2.432 18.434 -1.626
2.48 18.355 -1.619
2.501 18.292 -1.613
2.578 18.422 -1.627
2.623 18.325 -1.618
2.674 18.269 -1.613
1.957 40.107 -1.582
2.019 40.072 -1.581
2.111 39.453 -1.554
2.202 38.859 -1.528
2.311 38.643 -1.518
2.43 38.595 -1.516
2.546 38.512 -1.513
