2.51787 -0.223808 0.015712 -0.00043762
1.744 4.028 -1.733
1.745 3.995 -1.72
1.752 3.996 -1.722
1.76 3.978 -1.717
1.758 3.941 -1.702
1.763 3.92 -1.695
1.768 3.898 -1.687
1.771 3.872 -1.678
1.702 4.517 -1.714
1.707 4.489 -1.705
1.717 4.471 -1.7
1.718 4.433 -1.686
1.716 4.409 -1.678
1.721 4.381 -1.669
1.731 4.365 -1.664
1.73 4.325 -1.65
1.647 5.653 -1.701
1.65 5.596 -1.684
1.658 5.56 -1.674
1.663 5.51 -1.66
1.669 5.469 -1.648
1.676 5.429 -1.637
1.678 5.376 -1.622
1.555 6.556 -1.708
1.569 6.523 -1.7
1.587 6.509 -1.697
1.607 6.502 -1.697
1.608 6.462 -1.686
1.621 6.427 -1.678
1.631 6.382 -1.667
1.641 6.336 -1.655
1.545 7.706 -1.697
1.563 7.67 -1.69
1.562 7.605 -1.675
1.574 7.543 -1.662
1.581 7.458 -1.643
1.436 9.317 -1.701
1.458 9.268 -1.692
1.483 9.236 -1.687
1.499 9.152 -1.671
1.51 9.038 -1.65
1.265 11.354 -1.689
1.298 11.33 -1.686
1.321 11.218 -1.668
1.348 11.139 -1.657
1.381 11.117 -1.654
1.386 11.019 -1.638
1.403 10.875 -1.616
1.211 14.726 -1.69
1.248 14.611 -1.676
1.247 14.344 -1.642
1.269 14.091 -1.61
1.294 13.882 -1.584
0.850999 19 -1.668
0.909999 18.986 -1.667
0.960999 18.818 -1.651
1.015 18.723 -1.642
1.058 18.43 -1.613
1.091 18.009 -1.572
1.107 17.795 -1.551
14.722 38.95 -1.648
14.748 38.653 -1.636
14.774 38.359 -1.625
14.795 38.057 -1.612
14.756 37.781 -1.6
14.731 37.372 -1.583
14.413 39.497 -0.677
14.445 39.204 -0.671
14.47 38.894 -0.665
14.486 38.566 -0.659
14.453 38.298 -0.653
14.474 37.991 -0.647
14.501 37.707 -0.642
14.527 37.422 -0.637
14.545 37.123 -0.631
14.572 36.851 -0.626
