1.55849 0.0409533 -0.00411598 0.000157012
1.67 4.047 -1.728
1.675 4.023 -1.72
1.679 4.015 -1.717
1.683 3.99 -1.708
1.69 3.972 -1.703
1.696 3.952 -1.696
1.694 3.915 -1.681
1.695 3.882 -1.668
1.691 4.489 -1.703
1.682 4.423 -1.678
1.683 4.386 -1.665
1.685 4.351 -1.653
1.691 4.327 -1.645
1.659 5.096 -1.705
1.668 5.069 -1.697
1.677 5.07 -1.698
1.691 5.059 -1.696
1.692 5.009 -1.68
1.696 4.972 -1.669
1.699 4.929 -1.655
1.701 4.888 -1.642
1.673 5.611 -1.691
1.681 5.573 -1.68
1.689 5.536 -1.67
1.691 5.48 -1.653
1.694 5.429 -1.639
1.698 5.381 -1.625
1.701 6.488 -1.699
1.704 6.413 -1.68
1.708 6.35 -1.664
1.715 6.294 -1.65
1.712 6.243 -1.636
1.715 7.62 -1.686
1.712 7.551 -1.67
1.717 7.463 -1.651
1.722 7.374 -1.631
1.691 9.146 -1.676
1.717 9.129 -1.674
1.736 9.072 -1.664
1.756 9.02 -1.655
1.746 8.894 -1.63
1.75 8.769 -1.607
1.618 11.165 -1.666
1.636 11.16 -1.666
1.671 11.159 -1.667
1.697 11.089 -1.656
1.732 11.09 -1.657
1.755 11.004 -1.644
1.762 10.831 -1.617
1.77 10.662 -1.591
1.764 10.52 -1.569
1.788 10.466 -1.561
1.673 14.285 -1.64
1.714 14.248 -1.636
1.76 14.25 -1.637
1.794 14.166 -1.627
1.82 14.019 -1.609
1.803 13.723 -1.571
1.812 13.47 -1.539
