1.98769 -0.00872469 0.00117052 -3.11934e-05
1.963 3.942 -1.739
1.968 3.921 -1.732
1.969 3.893 -1.722
1.979 3.882 -1.72
1.982 3.858 -1.711
1.98 3.826 -1.699
1.986 3.808 -1.693
1.984 3.79 -1.686
1.971 4.431 -1.723
1.964 4.38 -1.704
1.961 4.355 -1.695
1.966 4.33 -1.687
1.971 4.306 -1.679
1.976 4.281 -1.672
1.947 5.046 -1.721
1.96 5.035 -1.72
1.97 5.013 -1.714
1.969 4.966 -1.699
1.973 4.932 -1.689
1.975 4.892 -1.676
1.969 4.854 -1.663
1.941 5.656 -1.729
1.951 5.628 -1.722
1.952 5.601 -1.714
1.96 5.568 -1.705
1.964 5.524 -1.693
1.967 5.476 -1.679
1.968 5.425 -1.665
1.96 6.545 -1.733
1.96 6.507 -1.723
1.971 6.471 -1.715
1.978 6.419 -1.702
1.98 6.354 -1.685
1.987 6.307 -1.674
1.927 7.762 -1.729
1.952 7.758 -1.73
1.975 7.75 -1.729
1.978 7.709 -1.72
1.983 7.629 -1.703
1.99 7.555 -1.687
1.99 7.46 -1.665
1.951 9.399 -1.734
1.977 9.378 -1.731
1.996 9.32 -1.721
2.001 9.2 -1.698
2.009 9.098 -1.679
2.002 8.999 -1.66
2.007 8.887 -1.639
1.886 11.487 -1.723
1.922 11.479 -1.723
1.959 11.479 -1.724
1.993 11.461 -1.722
1.987 11.322 -1.7
1.995 11.158 -1.675
1.999 10.981 -1.647
2.009 10.836 -1.625
2.021 10.715 -1.606
1.992 14.788 -1.709
2.011 14.748 -1.704
2.028 14.539 -1.678
2.037 14.278 -1.645
2.047 14.034 -1.615
2.075 13.925 -1.601
1.965 19.042 -1.68
2.02 18.986 -1.675
2.049 18.7 -1.648
2.035 18.295 -1.608
2.057 17.978 -1.577
2.652 38.296 -1.504
2.769 38.23 -1.501
2.883 38.149 -1.498
2.998 38.072 -1.495
3.109 37.959 -1.49
3.159 37.847 -1.486
3.267 37.713 -1.48
3.375 37.58 -1.475
3.486 37.495 -1.471
3.594 37.383 -1.467
3.703 37.29 -1.463
3.813 37.206 -1.46
3.861 37.101 -1.455
3.97 37.019 -1.452
10.288 39.367 -0.648
10.249 38.724 -0.635
10.234 38.181 -0.624
10.217 37.647 -0.613
10.187 37.075 -0.601
10.15 36.716 -0.594
