8.01194 -3.81803 0.877836 -0.0613587
2.134 3.768 -1.708
2.138 3.746 -1.701
2.146 3.733 -1.698
2.149 3.725 -1.696
2.167 3.73 -1.701
2.165 3.699 -1.689
2.174 3.689 -1.688
2.165 3.647 -1.671
2.169 3.628 -1.665
2.196 3.648 -1.678
2.197 3.637 -1.674
2.202 3.619 -1.668
2.208 3.604 -1.665
2.233 3.619 -1.675
2.237 3.599 -1.669
2.241 3.581 -1.664
2.274 3.608 -1.681
2.264 3.58 -1.668
2.263 3.554 -1.659
2.271 3.541 -1.656
2.6 3.798 -1.629
2.59 3.757 -1.614
2.583 3.723 -1.602
2.609 3.735 -1.611
2.614 3.717 -1.607
2.62 3.702 -1.603
2.625 3.684 -1.599
2.615 3.657 -1.588
2.615 3.634 -1.581
2.629 3.629 -1.583
2.642 3.624 -1.584
2.634 3.588 -1.571
2.824 5.872 -1.647
2.836 5.85 -1.643
2.804 5.76 -1.618
2.811 5.729 -1.611
2.829 5.72 -1.611
2.842 5.702 -1.608
2.858 5.688 -1.607
2.881 5.689 -1.61
2.89 5.663 -1.605
2.889 5.64 -1.599
2.891 5.6 -1.589
