-3.14432 -0.0179516 -0.00170318 0.000100199
-3.265 2.675 -1.662
-3.269 2.688 -1.667
-3.264 2.7 -1.668
-3.257 2.712 -1.669
-3.261 2.733 -1.676
-3.258 2.748 -1.679
-3.255 2.763 -1.682
-3.254 2.78 -1.687
-3.253 2.796 -1.691
-3.268 2.818 -1.702
-3.269 2.837 -1.707
-3.268 2.855 -1.712
-3.659 0.507 -1.323
-3.685 0.523 -1.334
-3.718 0.539 -1.348
-3.72 0.551 -1.35
-3.72 0.563 -1.35
-3.74 0.578 -1.359
-3.747 0.585 -1.362
-3.752 0.598 -1.365
-3.762 0.612 -1.369
-3.782 0.627 -1.378
-3.346 4.645 -1.65
-3.349 4.679 -1.659
-3.339 4.697 -1.662
-3.338 4.726 -1.669
-3.333 4.751 -1.675
-3.328 4.775 -1.68
-3.334 4.799 -1.687
-3.335 4.833 -1.696
-3.34 4.874 -1.707
-3.36 5.709 -1.677
-3.359 5.747 -1.686
-3.362 5.773 -1.692
-3.364 5.818 -1.703
-3.361 5.855 -1.711
-3.357 5.891 -1.719
-3.354 5.928 -1.728
-3.39 6.974 -1.673
-3.385 7.019 -1.682
-3.384 7.074 -1.693
-3.368 7.097 -1.697
-3.35 7.118 -1.699
-3.346 7.167 -1.709
-3.35 7.234 -1.724
-3.339 7.239 -1.724
-3.406 8.463 -1.642
-3.398 8.519 -1.651
-3.394 8.588 -1.663
-3.393 8.664 -1.677
-3.388 8.73 -1.688
-3.374 8.777 -1.696
-3.456 10.452 -1.623
-3.453 10.551 -1.638
-3.444 10.637 -1.65
-3.435 10.725 -1.663
-3.447 10.819 -1.678
-3.434 13.66 -1.602
-3.454 13.833 -1.624
-3.448 13.996 -1.644
-3.443 14.168 -1.666
-3.412 14.235 -1.673
-3.493 17.075 -1.512
-3.49 17.34 -1.537
-3.487 17.608 -1.563
-3.483 17.877 -1.589
-3.479 18.008 -1.601
-3.421 18.011 -1.6
-3.364 18.021 -1.6
-3.298 17.983 -1.596
-3.261 18.097 -1.606
-3.209 18.136 -1.609
-3.158 18.178 -1.612
-3.132 18.198 -1.614
-3.08 18.238 -1.617
-3.019 18.228 -1.615
-2.971 18.296 -1.62
-2.915 18.313 -1.621
