-4.4594 0.253369 -0.0154823 0.000300969
-2.748 3.097 -1.628
-2.784 3.158 -1.658
-2.806 3.203 -1.678
-2.803 3.22 -1.682
-2.794 3.23 -1.683
-2.778 3.222 -1.676
-2.8 3.269 -1.697
-2.777 3.262 -1.689
-2.776 3.282 -1.695
-2.776 3.304 -1.702
-2.628 4.259 -1.428
-2.658 4.322 -1.449
-2.667 4.366 -1.462
-2.681 4.42 -1.479
-2.671 4.435 -1.481
-3.785 3.286 -1.239
-3.86 3.371 -1.27
-3.89 3.418 -1.284
-3.943 3.487 -1.307
-3.932 3.499 -1.307
-3.922 3.513 -1.308
-3.928 3.529 -1.312
-3.925 3.548 -1.315
-3.915 3.561 -1.315
-3.919 3.588 -1.321
-3.902 3.595 -1.319
-3.881 3.598 -1.315
-4.21 4.692 -1.337
-4.214 4.726 -1.344
-4.21 4.752 -1.348
-4.224 4.782 -1.355
-4.197 4.782 -1.351
-4.209 4.826 -1.36
-4.225 4.875 -1.371
-4.234 4.916 -1.38
-4.245 4.96 -1.389
-5.099 6.138 -1.42
-5.202 6.28 -1.454
-5.251 6.379 -1.475
-2.87 10.223 -1.561
-2.904 10.467 -1.6
-2.881 10.511 -1.605
-2.861 10.567 -1.613
-2.825 10.569 -1.612
-2.794 10.585 -1.613
