-2.29399 -0.146408 0.00452746 -8.83132e-05
-2.951 3.075 -1.679
-2.96 3.094 -1.688
-2.958 3.111 -1.692
-2.963 3.137 -1.702
-2.955 3.147 -1.703
-2.959 3.172 -1.711
-2.952 3.185 -1.713
-2.951 3.204 -1.719
-2.957 3.221 -1.726
-2.958 3.242 -1.733
-3.297 8.865 -1.707
-3.297 8.909 -1.715
-3.284 8.958 -1.723
-3.272 9.012 -1.732
-3.249 9.039 -1.735
-3.231 9.077 -1.741
-3.221 9.139 -1.752
-3.205 9.184 -1.759
-3.19 9.189 -1.759
-3.552 10.795 -1.679
-3.551 10.908 -1.696
-3.534 10.971 -1.705
-3.509 11.012 -1.71
-3.463 10.986 -1.704
-3.451 11.068 -1.716
-3.454 11.14 -1.727
-3.428 11.181 -1.732
-3.41 11.248 -1.741
-3.803 14.91 -1.69
-3.813 15.147 -1.718
-3.781 15.221 -1.726
-3.745 15.281 -1.732
-3.704 15.322 -1.736
-3.649 15.302 -1.732
-3.616 15.381 -1.741
-3.598 15.412 -1.744
-3.557 15.452 -1.747
-3.509 15.469 -1.748
-3.467 15.507 -1.752
-3.426 15.555 -1.756
-3.386 15.604 -1.761
-3.363 15.617 -1.762
-4.123 18.647 -1.676
-4.141 19.009 -1.711
-4.147 19.328 -1.741
-4.623 25.609 -1.716
-4.652 26.001 -1.745
-4.605 26.211 -1.76
-4.562 26.454 -1.777
-4.491 26.539 -1.782
-4.416 26.602 -1.786
-2.867 44.542 -1.782
-2.731 44.618 -1.785
-2.596 44.717 -1.789
-2.461 44.83 -1.793
-2.397 44.946 -1.798
-2.265 45.155 -1.807
-2.132 45.335 -1.815
-1.995 45.487 -1.821
-1.856 45.579 -1.825
-1.714 45.623 -1.827
-1.573 45.688 -1.83
-1.503 45.76 -1.833
