-3.916 0.630765 -0.131594 0.00440345
-9.397 18.472 -1.836
-9.368 18.559 -1.842
-9.314 18.597 -1.843
-9.317 18.749 -1.856
-9.266 18.794 -1.858
-9.29 18.993 -1.877
-9.267 19.097 -1.885
-9.25 19.138 -1.888
-17.59 16.851 -1.594
-17.604 16.971 -1.601
-17.597 17.071 -1.605
-17.611 17.139 -1.61
-17.606 17.241 -1.615
-17.6 17.344 -1.62
-17.609 17.463 -1.626
-17.595 17.559 -1.63
-17.608 17.682 -1.637
-17.635 17.82 -1.646
-24.349 26.513 -1.604
-24.441 26.781 -1.617
-24.74 27.193 -1.642
-24.705 27.327 -1.646
-24.883 27.698 -1.666
-25.137 28.158 -1.692
