11.346 -3.0808 0.107662 0.00234019
-3.902 6.712 -1.379
-3.886 6.732 -1.381
-3.886 6.78 -1.389
-3.942 6.902 -1.414
-3.945 6.959 -1.424
-3.926 6.976 -1.425
-3.914 7.006 -1.429
-4.26 12.27 -1.155
-4.247 12.294 -1.157
-4.211 12.314 -1.158
-4.171 12.324 -1.158
-4.14 12.359 -1.16
-4.106 12.388 -1.162
-4.067 12.402 -1.162
-4.052 12.42 -1.163
-4.017 12.446 -1.165
-3.98 12.464 -1.165
-3.943 12.486 -1.166
-3.909 12.514 -1.168
-3.87 12.528 -1.168
-3.835 12.553 -1.17
-3.823 12.586 -1.173
-3.786 12.607 -1.174
-3.749 12.627 -1.175
-3.713 12.65 -1.176
-3.677 12.675 -1.177
-3.64 12.698 -1.179
-3.605 12.725 -1.18
-3.586 12.736 -1.181
-3.548 12.753 -1.181
-3.509 12.77 -1.182
-3.47 12.785 -1.182
-3.432 12.805 -1.183
-3.393 12.82 -1.184
-3.352 12.828 -1.184
-3.342 12.872 -1.188
-3.32 12.956 -1.196
-3.286 12.991 -1.198
-3.248 13.013 -1.2
-3.213 13.046 -1.202
-3.175 13.07 -1.204
-3.14 13.105 -1.206
-3.122 13.123 -1.208
-4.531 14.701 -1.033
-4.492 14.736 -1.035
-4.454 14.778 -1.037
-4.409 14.798 -1.038
-4.365 14.819 -1.038
-4.343 14.832 -1.039
-4.308 14.886 -1.042
-4.258 14.886 -1.041
-4.224 14.945 -1.045
-4.178 14.964 -1.045
-4.135 14.991 -1.046
-4.088 15.004 -1.046
-4.069 15.027 -1.048
-4.027 15.061 -1.05
-3.983 15.085 -1.051
-3.947 15.14 -1.054
-3.904 15.17 -1.056
-3.856 15.182 -1.056
-3.813 15.216 -1.057
-3.795 15.245 -1.059
-3.752 15.276 -1.061
-3.709 15.309 -1.063
-3.661 15.321 -1.063
-3.615 15.342 -1.063
-3.571 15.37 -1.065
-3.55 15.39 -1.066
-3.503 15.409 -1.067
-3.458 15.435 -1.068
-3.416 15.473 -1.07
-3.369 15.493 -1.071
-3.32 15.502 -1.071
-3.274 15.524 -1.072
-3.263 15.596 -1.077
-3.231 15.688 -1.084
-3.177 15.674 -1.082
-3.136 15.727 -1.086
-3.093 15.77 -1.088
