1.81253 0.065372 0.0145429 -0.000441343
2.318 3.69 -1.72
2.321 3.669 -1.713
2.323 3.647 -1.706
2.33 3.632 -1.702
2.348 3.636 -1.707
2.345 3.618 -1.7
2.336 3.58 -1.685
2.332 3.55 -1.673
2.323 3.513 -1.658
2.499 4.044 -1.686
2.477 3.981 -1.662
2.463 3.932 -1.643
2.458 3.898 -1.631
2.964 4.985 -1.674
2.982 4.979 -1.675
2.987 4.951 -1.668
2.996 4.932 -1.665
2.96 4.854 -1.638
2.941 4.789 -1.618
2.95 4.77 -1.614
4.37 6.344 -1.661
4.314 6.221 -1.631
4.291 6.145 -1.613
4.295 6.111 -1.607
4.309 6.089 -1.605
8.733 7.279 -1.68
8.673 7.183 -1.663
8.556 7.04 -1.634
8.523 6.99 -1.625
8.454 6.89 -1.607
8.464 6.853 -1.604
2.964 17.379 -1.531
3.01 17.319 -1.526
3.062 17.293 -1.525
3.115 17.278 -1.524
3.16 17.217 -1.519
3.21 17.184 -1.517
3.233 17.157 -1.515
3.282 17.121 -1.512
3.333 17.097 -1.511
3.367 16.989 -1.501
3.412 16.933 -1.496
3.477 16.981 -1.502
3.525 16.945 -1.5
3.543 16.898 -1.496
3.595 16.883 -1.495
3.649 16.878 -1.496
3.698 16.845 -1.494
3.741 16.79 -1.489
3.786 16.744 -1.486
3.802 16.691 -1.481
