6.2634 -2.43174 0.768519 -0.0751658
3.388 2.628 -1.69
3.389 2.611 -1.686
3.393 2.597 -1.684
3.388 2.577 -1.677
3.403 2.572 -1.681
3.41 2.56 -1.68
3.422 2.552 -1.682
3.411 2.536 -1.675
3.424 2.529 -1.677
3.435 2.52 -1.679
3.434 2.503 -1.674
3.431 2.484 -1.668
3.427 2.465 -1.662
3.416 2.442 -1.653
3.425 2.439 -1.655
3.402 2.407 -1.64
3.408 2.396 -1.639
3.863 2.57 -1.643
3.838 2.537 -1.628
3.814 2.512 -1.615
3.869 2.531 -1.637
3.867 2.512 -1.632
3.877 2.501 -1.633
3.863 2.475 -1.623
3.842 2.445 -1.61
3.852 2.443 -1.613
3.822 2.407 -1.596
3.828 2.394 -1.596
3.81 2.366 -1.584
3.827 2.36 -1.588
3.839 2.351 -1.591
3.825 2.327 -1.581
3.781 2.292 -1.56
3.86 2.323 -1.592
3.845 2.297 -1.582
3.812 2.262 -1.564
3.845 2.265 -1.576
3.763 2.201 -1.537
6.03 4.542 -1.626
6.032 4.514 -1.622
6.02 4.475 -1.614
6.016 4.443 -1.609
6.006 4.421 -1.604
5.949 4.35 -1.584
5.952 4.323 -1.581
5.893 4.252 -1.56
7.246 5.24 -1.607
7.272 5.224 -1.609
7.269 5.187 -1.604
7.269 5.153 -1.601
7.197 5.068 -1.58
7.186 5.026 -1.573
7.152 4.968 -1.562
7.15 4.95 -1.559
7.165 4.928 -1.559
7.212 4.926 -1.566
7.208 4.89 -1.562
7.197 4.85 -1.556
1.608 10.501 -1.562
1.624 10.385 -1.544
1.626 10.187 -1.513
1.647 10.109 -1.501
1.677 10.094 -1.5
1.702 10.048 -1.493
1.71 9.999 -1.486
