-46.7111 8.8888 -0.713716 0.0196783
-2.225 3.605 -1.668
-2.249 3.672 -1.698
-2.291 3.767 -1.741
-2.22 3.349 -1.45
-2.239 3.401 -1.471
-2.254 3.447 -1.489
-2.277 3.505 -1.513
-2.252 3.49 -1.503
-2.245 3.504 -1.506
-2.021 5.043 -1.73
-2.021 5.092 -1.745
-2.01 5.111 -1.75
-2.003 5.14 -1.758
-1.994 5.141 -1.758
-1.969 5.123 -1.749
-1.957 5.141 -1.753
-1.945 5.158 -1.757
-1.942 5.201 -1.77
-1.933 5.227 -1.778
-1.923 5.251 -1.784
-2.159 4.625 -1.458
-2.165 4.675 -1.473
-2.165 4.713 -1.484
-2.142 4.702 -1.478
-2.157 4.775 -1.5
-2.155 4.81 -1.51
-2.143 4.823 -1.512
-2.132 4.82 -1.51
-2.105 4.799 -1.5
-2.075 4.772 -1.489
-2.05 4.756 -1.481
-2.034 4.76 -1.481
-2.038 4.811 -1.496
-2.035 4.845 -1.505
-2.071 4.95 -1.539
-2.096 5.054 -1.572
-1.812 6.632 -1.745
-1.796 6.656 -1.75
-1.777 6.669 -1.752
-1.782 6.73 -1.769
-1.755 6.713 -1.762
-1.761 6.819 -1.791
-1.737 6.817 -1.788
-1.72 6.838 -1.793
-1.7 6.851 -1.795
-1.686 6.886 -1.803
-1.644 6.854 -1.792
-1.604 6.878 -1.796
-1.583 6.887 -1.797
-9.422 10.203 -1.249
-9.43 10.276 -1.256
-9.399 10.308 -1.256
-9.42 10.364 -1.262
-9.41 10.418 -1.265
-9.402 10.476 -1.269
-9.38 10.517 -1.271
-9.387 10.591 -1.277
-9.389 10.661 -1.283
-9.359 10.695 -1.283
-9.358 10.762 -1.288
-9.346 10.783 -1.289
-9.343 10.848 -1.294
-9.33 10.902 -1.297
-9.325 10.966 -1.302
-8.984 13.468 -0.712
-8.971 13.539 -0.715
-8.955 13.609 -0.718
-8.961 13.711 -0.723
-8.928 13.756 -0.724
-8.914 13.829 -0.727
-8.926 13.943 -0.733
-8.908 14.013 -0.736
-8.908 14.061 -0.738
-8.892 14.134 -0.741
-8.888 14.227 -0.746
-8.877 14.309 -0.749
-8.865 14.391 -0.753
-8.846 14.462 -0.756
-8.838 14.551 -0.76
-8.849 14.621 -0.763
-9.618 9.375 -0.226
-9.616 9.432 -0.227
-9.613 9.489 -0.228
-9.606 9.542 -0.229
-9.589 9.585 -0.23
-9.582 9.639 -0.231
-9.558 9.675 -0.231
-9.536 9.683 -0.231
-9.551 9.76 -0.233
-9.522 9.791 -0.233
-9.517 9.848 -0.234
-9.513 9.906 -0.235
-9.47 9.924 -0.235
-9.489 10.006 -0.237
-9.521 10.072 -0.239
-9.521 10.135 -0.241
-9.516 10.194 -0.242
-9.507 10.249 -0.243
-9.49 10.295 -0.244
-9.48 10.35 -0.245
-9.47 10.405 -0.246
-9.473 10.44 -0.247
-9.464 10.497 -0.248
-9.456 10.555 -0.249
-9.443 10.607 -0.25
-9.435 10.665 -0.251
-9.418 10.714 -0.252
-9.437 10.804 -0.255
-9.413 10.846 -0.255
-9.424 10.892 -0.257
-9.409 10.945 -0.258
-9.382 10.983 -0.258
-9.379 11.049 -0.26
-9.362 11.1 -0.26
-9.335 11.139 -0.261
-9.327 11.2 -0.262
-9.343 11.257 -0.264
-9.303 11.28 -0.264
-9.328 11.383 -0.267
-9.335 11.465 -0.269
-9.308 11.505 -0.269
-9.3 11.57 -0.271
-9.312 11.623 -0.272
-9.283 11.661 -0.273
-9.293 11.75 -0.275
-9.284 11.814 -0.277
-9.262 11.863 -0.277
-9.259 11.937 -0.279
-9.235 11.983 -0.28
-9.242 12.031 -0.281
