-1.8037 -1.63643 0.329912 -0.0203895
-4.182 2.235 -1.014
-4.249 2.288 -1.035
-4.274 2.319 -1.043
-4.331 2.368 -1.061
-4.37 2.407 -1.074
-4.392 2.438 -1.082
-9.467 5.315 -1.599
-9.459 5.35 -1.6
-9.454 5.386 -1.603
-9.442 5.419 -1.603
-9.444 5.46 -1.607
-9.435 5.494 -1.609
-9.435 5.514 -1.61
-9.431 5.551 -1.613
-9.426 5.588 -1.615
-9.415 5.622 -1.616
-9.401 5.653 -1.617
-9.383 5.683 -1.617
-9.392 5.729 -1.622
-9.362 5.751 -1.619
-9.361 5.771 -1.621
-9.343 5.8 -1.621
-9.347 5.843 -1.625
-9.328 5.872 -1.625
-9.318 5.907 -1.627
-9.368 5.98 -1.64
-9.404 6.044 -1.65
-2.908 13.956 -1.624
-2.932 14.297 -1.667
-2.905 14.394 -1.679
-2.906 14.642 -1.71
-3.089 34.455 -1.533
-3.037 34.49 -1.535
-2.935 34.569 -1.538
-2.827 34.588 -1.539
-2.718 34.597 -1.539
-2.615 34.681 -1.543
-2.509 34.729 -1.545
-2.402 34.764 -1.546
-2.352 34.832 -1.549
-2.245 34.869 -1.551
-2.138 34.918 -1.553
-2.029 34.952 -1.554
-1.919 34.954 -1.554
-1.814 35.042 -1.558
-1.705 35.079 -1.56
-1.654 35.162 -1.564
-1.545 35.187 -1.565
-1.435 35.223 -1.566
-1.326 35.274 -1.569
-1.217 35.33 -1.571
-1.109 35.401 -1.575
-0.999002 35.462 -1.578
-0.945002 35.512 -1.58
-0.835002 35.59 -1.584
