-10.0962 -0.366578 0.0865025 -0.00562979
-2.719 1.157 -1.157
-2.756 1.183 -1.176
-2.781 1.204 -1.19
-2.782 1.215 -1.192
-2.782 1.225 -1.193
-2.818 1.251 -1.212
-2.814 1.26 -1.212
-2.767 3.676 -1.628
-2.795 3.738 -1.654
-2.759 3.714 -1.638
-2.761 3.741 -1.647
-2.776 3.774 -1.66
-2.792 3.822 -1.679
-3.062 1.29 -1.073
-3.075 1.307 -1.08
-3.08 1.321 -1.083
-3.091 1.337 -1.089
-3.056 1.333 -1.077
-3.064 1.348 -1.082
-3.07 1.362 -1.086
-3.103 1.389 -1.101
-3.156 1.419 -1.123
-2.675 3.735 -1.301
-2.71 3.808 -1.325
-2.746 3.884 -1.351
-2.772 3.945 -1.371
-5.032 3.661 -1.568
-5.051 3.7 -1.578
-5.115 3.77 -1.603
-5.171 3.837 -1.627
-5.17 3.861 -1.63
-6.264 3.733 -1.566
-6.403 3.842 -1.607
-6.433 3.887 -1.618
-6.426 3.91 -1.619
-6.425 3.938 -1.623
-6.414 3.959 -1.623
-6.412 3.971 -1.624
-10.346 5.645 -1.308
-10.347 5.688 -1.311
-10.347 5.73 -1.313
-10.363 5.782 -1.319
-10.364 5.825 -1.321
-10.359 5.865 -1.323
-10.362 5.91 -1.326
-10.371 5.937 -1.329
-10.37 5.979 -1.332
-10.366 6.021 -1.334
-10.364 6.064 -1.337
-10.361 6.105 -1.339
-10.365 6.152 -1.342
-10.354 6.19 -1.344
-10.372 6.222 -1.348
-10.362 6.261 -1.349
-10.356 6.302 -1.351
-10.357 6.347 -1.354
-10.359 6.393 -1.358
-10.4 6.49 -1.079
-10.401 6.536 -1.082
-10.396 6.578 -1.084
-10.398 6.626 -1.087
-10.391 6.667 -1.088
-10.393 6.715 -1.091
-10.394 6.739 -1.093
-10.403 6.791 -1.097
-10.398 6.835 -1.099
-10.397 6.881 -1.101
-10.385 6.92 -1.102
-10.378 6.963 -1.104
-10.381 7.012 -1.107
-10.396 7.046 -1.111
-10.389 7.089 -1.112
-10.391 7.138 -1.116
-10.385 7.182 -1.118
-10.383 7.23 -1.12
-10.383 7.278 -1.123
-10.377 7.322 -1.125
-10.389 7.356 -1.128
-10.386 7.403 -1.131
