-4.31812 0.840539 -0.133449 0.00634942
-2.678 4.405 -1.635
-2.699 4.471 -1.658
-2.707 4.517 -1.673
-2.695 4.529 -1.674
-2.691 4.556 -1.682
-2.691 4.589 -1.691
-2.699 4.636 -1.707
-2.703 3.736 -1.306
-2.7 3.757 -1.311
-2.685 3.761 -1.309
-2.658 3.747 -1.301
-2.668 3.775 -1.31
-2.666 3.797 -1.315
-2.684 3.848 -1.331
-2.737 3.948 -1.366
-2.752 3.996 -1.38
-3.881 2.749 -1.17
-3.888 2.772 -1.175
-3.887 2.79 -1.177
-3.94 2.846 -1.198
-3.954 2.865 -1.204
-3.95 2.881 -1.206
-3.964 2.91 -1.214
-3.944 2.915 -1.21
-3.951 2.939 -1.215
-3.965 2.968 -1.223
-2.854 8.397 -1.593
-2.878 8.555 -1.623
-2.902 8.717 -1.654
-2.886 8.759 -1.661
-2.795 9.658 -1.157
-2.802 9.796 -1.175
-2.794 9.883 -1.186
-2.807 10.05 -1.208
