-5.54314 2.23771 -0.0908682 -0.00133191
2.429 11.551 -1.31
2.466 11.547 -1.311
2.498 11.52 -1.308
2.532 11.498 -1.307
2.547 11.485 -1.305
2.581 11.465 -1.304
2.561 11.213 -1.272
2.545 10.989 -1.243
0.928999 14.271 -1.292
0.970999 14.229 -1.288
0.990999 14.199 -1.285
1.034 14.174 -1.283
1.076 14.139 -1.28
1.118 14.108 -1.277
1.16 14.077 -1.274
1.201 14.039 -1.27
1.242 13.996 -1.266
1.261 13.964 -1.263
1.302 13.926 -1.26
1.344 13.906 -1.258
1.38 13.831 -1.251
1.428 13.864 -1.254
1.469 13.836 -1.252
1.51 13.815 -1.25
1.53 13.797 -1.249
1.572 13.778 -1.247
1.614 13.76 -1.246
1.655 13.737 -1.244
1.698 13.733 -1.244
1.74 13.716 -1.243
1.757 13.682 -1.24
