1.67541 -0.000797568 -0.00228886 7.62155e-05
1.622 4.021 -1.71
1.627 3.997 -1.702
1.639 3.99 -1.701
1.645 3.971 -1.695
1.643 3.932 -1.679
1.65 3.913 -1.673
1.645 3.884 -1.661
1.643 3.846 -1.646
1.624 4.48 -1.691
1.623 4.435 -1.674
1.631 4.414 -1.668
1.632 4.375 -1.654
1.627 4.341 -1.642
1.629 4.307 -1.63
1.581 5.487 -1.646
1.599 5.484 -1.646
1.608 5.453 -1.638
1.613 5.406 -1.624
1.616 5.355 -1.61
1.619 5.334 -1.604
1.617 5.267 -1.584
1.59 6.387 -1.665
1.595 6.322 -1.649
1.604 6.274 -1.636
1.602 6.223 -1.623
1.608 6.165 -1.608
1.559 7.47 -1.645
1.565 7.437 -1.637
1.576 7.377 -1.624
1.582 7.288 -1.604
1.586 7.199 -1.585
1.474 8.909 -1.624
1.503 8.906 -1.624
1.521 8.845 -1.613
1.548 8.835 -1.612
1.57 8.797 -1.606
1.563 8.677 -1.582
1.574 8.581 -1.565
1.4 10.852 -1.612
1.417 10.844 -1.611
1.45 10.831 -1.61
1.482 10.817 -1.609
1.507 10.748 -1.598
1.522 10.608 -1.577
1.535 10.459 -1.553
1.452 13.914 -1.59
1.486 13.823 -1.579
1.503 13.581 -1.548
1.516 13.318 -1.515
1.508 13.078 -1.484
1.307 17.843 -1.557
1.357 17.763 -1.55
1.408 17.703 -1.544
1.431 17.294 -1.504
1.453 16.903 -1.466
1.47 16.794 -1.456
