-3.33413 -6.17818 -2.46685 -0.319272
2.22099 4.40827 -1.1396
2.21606 4.36054 -1.12925
2.21171 4.31462 -1.11936
2.21154 4.27745 -1.11171
2.20934 4.23687 -1.10316
2.20887 4.20192 -1.09596
2.20983 4.16836 -1.08921
2.29196 5.16237 -1.09792
2.28579 5.10278 -1.08685
2.28115 5.03812 -1.07502
2.27751 4.9837 -1.0651
2.27269 4.92758 -1.05479
2.27082 4.87868 -1.04602
4.80895 2.86216 -0.886358
4.8019 2.83531 -0.883229
4.7879 2.80456 -0.878849
4.7801 2.77874 -0.87572
4.80811 2.77373 -0.879162
4.82976 2.76379 -0.881352
4.8119 2.73132 -0.876346
4.80466 2.70397 -0.873217
4.80544 2.68237 -0.871653
4.80394 2.66068 -0.869776
4.8184 2.64675 -0.870714
4.80159 2.61574 -0.866021
4.78288 2.58394 -0.861015
4.79187 2.56723 -0.861015
4.79557 2.5477 -0.860077
4.80138 2.52827 -0.859451
4.78916 2.50052 -0.855697
4.7869 2.47918 -0.853819
4.78147 2.45523 -0.851316
4.78825 2.43763 -0.851004
4.78791 2.41645 -0.849439
4.78925 2.39619 -0.848188
4.77281 2.36717 -0.843808
4.7775 2.34875 -0.843182
4.77679 2.32773 -0.841618
4.77777 2.30761 -0.840366
4.77115 2.28493 -0.837863
4.76482 2.26148 -0.83536
4.93969 4.37181 -0.809944
4.94449 4.34537 -0.808238
4.94018 4.31111 -0.805069
4.9327 4.27434 -0.801413
4.93555 4.24674 -0.799463
4.92546 4.20972 -0.795563
4.9288 4.18437 -0.793857
4.91837 4.14752 -0.789957
4.91903 4.11587 -0.78752
4.90894 4.07838 -0.78362
4.91702 4.05616 -0.782645
4.91426 4.02514 -0.779964
4.9021 3.98667 -0.77582
4.89127 3.94958 -0.77192
4.89883 3.92751 -0.770946
4.9063 3.90544 -0.769971
4.90121 3.87352 -0.767046
4.88972 3.83679 -0.763146
4.87802 3.80017 -0.759246
2.75035 10.8295 -0.977539
2.78356 10.7943 -0.975273
2.79601 10.6881 -0.966557
2.77526 10.467 -0.947383
2.75694 10.2533 -0.928906
2.73612 10.036 -0.91008
