1.80909 0.085293 0.00156753 -7.21751e-05
2.15695 3.72693 -1.15382
2.15502 3.69231 -1.14553
2.14928 3.65313 -1.1357
2.13738 3.60406 -1.12276
2.14338 3.587 -1.11965
2.13097 3.53813 -1.10671
2.1403 3.52571 -1.10516
2.13707 3.49148 -1.09688
2.20489 4.38583 -1.1333
2.21477 4.36556 -1.13015
2.20262 4.30614 -1.11666
2.19902 4.26417 -1.10766
2.20236 4.23611 -1.10226
2.20033 4.191 -1.09281
2.19416 4.14579 -1.08291
2.26702 5.3124 -1.12272
2.27235 5.2738 -1.11623
2.28539 5.25103 -1.11318
2.29423 5.22146 -1.1086
2.29095 5.16496 -1.0983
2.28249 5.0978 -1.0857
2.27844 5.0415 -1.0754
2.26909 4.97675 -1.06319
2.36859 6.38599 -1.07877
2.38046 6.34994 -1.07408
2.39212 6.31388 -1.06939
2.38306 6.22432 -1.05562
2.38126 6.15517 -1.0453
2.37252 6.06955 -1.03215
2.36757 5.99509 -1.02089
2.462 8.16484 -1.0471
2.48469 8.13721 -1.04466
2.50194 8.09245 -1.04003
2.51535 8.03631 -1.03394
2.53079 7.98774 -1.02882
2.55866 7.97886 -1.02882
2.55095 7.86036 -1.01468
2.53688 7.72505 -0.998354
2.51869 7.58472 -0.981292
2.72283 10.9207 -0.984686
2.74872 10.8628 -0.980328
2.7777 10.8184 -0.97719
2.80289 10.7605 -0.972832
2.81601 10.6582 -0.964465
2.79802 10.4423 -0.945814
2.78796 10.2614 -0.9303
5.81692 9.46637 -0.58229
5.83521 9.42224 -0.580824
5.83365 9.35031 -0.57758
5.83755 9.28424 -0.574754
5.84052 9.22096 -0.572032
5.87374 9.2022 -0.572137
5.89178 9.1598 -0.570776
5.89004 9.08722 -0.567531
5.91517 9.05658 -0.566903
5.94456 9.03254 -0.566694
5.9434 8.95909 -0.563449
5.94799 8.89844 -0.560937
5.95182 8.84056 -0.558529
5.95461 8.77841 -0.555913
5.96268 8.72459 -0.553819
5.96591 8.66424 -0.551307
5.96729 8.60502 -0.548795
5.9767 8.55467 -0.546911
5.98732 8.50331 -0.545027
6.00079 8.45956 -0.543561
6.01983 8.42393 -0.542619
6.02353 8.36721 -0.540316
6.01635 8.29601 -0.537072
6.0111 8.22819 -0.534036
6.00403 8.16155 -0.531001
4.741 27.3337 -0.484234
4.82313 27.2421 -0.482908
4.90302 27.1141 -0.480953
4.97805 26.9906 -0.479069
5.05967 26.9062 -0.477882
5.13474 26.7902 -0.476137
5.21136 26.6858 -0.474601
5.2959 26.6243 -0.473833
5.36577 26.4919 -0.471808
5.4251 26.3125 -0.468946
5.48325 26.1329 -0.466084
5.53519 25.9297 -0.462803
5.57645 25.6836 -0.458754
5.64365 25.5624 -0.456939
5.69513 25.3953 -0.454286
5.7673 25.3031 -0.452995
5.82413 25.1669 -0.4509
5.8735 24.9829 -0.447968
5.91297 24.7434 -0.444059
5.94083 24.4817 -0.439731
5.93728 24.0996 -0.433239
