1.80172 0.0938855 -0.000416638 8.90478e-05
2.28439 5.13565 -1.09257
2.29587 5.11332 -1.08952
2.30074 5.07666 -1.08341
2.30042 5.03151 -1.0754
2.29823 4.98067 -1.06624
2.29405 4.92634 -1.05632
2.28952 4.8721 -1.0464
2.2796 4.80732 -1.03418
2.36376 6.28869 -1.06407
2.37689 6.2605 -1.06063
2.39454 6.23473 -1.05781
2.40234 6.19361 -1.05218
2.41097 6.15208 -1.04655
2.39825 6.0573 -1.03184
2.39004 5.97553 -1.01933
2.37684 5.8829 -1.00494
2.54374 7.90859 -1.02005
2.5658 7.88267 -1.01785
2.56163 7.77751 -1.00542
2.54679 7.63813 -0.988604
2.53981 7.5295 -0.975686
2.52696 7.41019 -0.961305
2.71888 10.5435 -0.952612
2.75466 10.5301 -0.952264
2.78987 10.5146 -0.951741
2.81568 10.4644 -0.94808
2.81758 10.3277 -0.936576
2.80564 10.1512 -0.921411
2.78516 9.9418 -0.903282
2.77087 9.75953 -0.887594
4.69076 12.0623 -0.678274
4.71823 12.0086 -0.676181
4.73064 11.9178 -0.671994
4.74694 11.8382 -0.668435
4.74925 11.7253 -0.662992
4.7546 11.6218 -0.658072
4.73365 11.462 -0.649908
4.73826 11.3606 -0.645093
4.73411 11.2346 -0.638917
4.73576 11.1297 -0.633893
4.74743 11.0553 -0.630544
4.74626 10.947 -0.62531
4.90025 23.2332 -0.41446
4.97544 23.1886 -0.413971
5.04186 23.1047 -0.412784
5.10515 23.0089 -0.411388
5.16344 22.8934 -0.409643
5.22992 22.8167 -0.408596
5.28957 22.7126 -0.40706
5.35685 22.6434 -0.406152
5.41717 22.5468 -0.404756
5.47215 22.4306 -0.403011
5.52152 22.3114 -0.401196
5.57452 22.1931 -0.399416
5.61551 22.0466 -0.397112
5.67242 21.9494 -0.395716
5.68409 21.6819 -0.391248
5.67342 21.3373 -0.385384
5.67602 21.0509 -0.380567
5.69252 20.8226 -0.376797
5.69787 20.5598 -0.372399
5.69173 20.2626 -0.367373
5.70768 20.0502 -0.363883
