1.79186 0.129256 -0.00379124 0.000118306
2.22611 3.575 -1.12845
2.22153 3.54142 -1.12017
2.21797 3.50713 -1.11189
2.22085 3.4847 -1.10723
2.21734 3.45254 -1.09946
2.21259 3.41883 -1.09118
2.21396 3.39491 -1.086
2.20187 3.35203 -1.07462
2.26956 4.35052 -1.13285
2.27839 4.3305 -1.1297
2.28543 4.30915 -1.1261
2.28667 4.27537 -1.11936
2.2914 4.24849 -1.11441
2.28481 4.20109 -1.10406
2.28259 4.16234 -1.09596
2.27825 4.12023 -1.08696
2.27743 4.08502 -1.07977
2.37054 5.13973 -1.1002
2.37438 5.10117 -1.09372
2.35962 5.02355 -1.07883
2.36032 4.9798 -1.0712
2.35906 4.93256 -1.06281
2.35493 4.8801 -1.05327
2.35218 4.83125 -1.04449
2.46681 6.2978 -1.07126
2.48297 6.27446 -1.06876
2.47846 6.19972 -1.0575
2.47345 6.12509 -1.04623
2.4702 6.05606 -1.03591
2.46123 5.97434 -1.02339
2.46082 5.91465 -1.01463
2.62601 7.78954 -1.00932
2.64414 7.75824 -1.0064
2.62916 7.62697 -0.990554
2.61394 7.50199 -0.975442
2.61438 7.4198 -0.965937
2.62028 7.35453 -0.958624
2.86949 10.5324 -0.955053
2.89085 10.4666 -0.949998
2.89783 10.351 -0.94041
2.89642 10.2085 -0.928383
2.87919 10.0145 -0.911649
2.89178 9.93415 -0.9052
2.91573 9.88768 -0.901888
6.58188 10.6113 -0.654409
6.5186 10.4319 -0.644674
6.3964 10.1573 -0.629078
6.38862 10.063 -0.624682
6.35805 9.93798 -0.618297
6.33426 9.82508 -0.612645
6.31194 9.71582 -0.607202
6.2796 9.59623 -0.601026
