-12.6871 0.295007 -0.0148373 0.000345916
-10.7121 11.9263 -1.40251
-10.7155 12.0141 -1.40844
-10.7079 12.0903 -1.41297
-10.6945 12.1605 -1.4168
-10.6756 12.2248 -1.41994
-10.6746 12.3101 -1.42552
-10.6615 12.382 -1.42953
-10.6661 12.4752 -1.43598
-10.6354 12.5275 -1.43772
-10.625 12.6042 -1.44225
-10.6257 12.6947 -1.44835
-10.6119 12.7685 -1.45254
-10.5949 12.8343 -1.45602
-9.98106 19.1245 -1.13056
-9.96564 19.2586 -1.13642
-9.96126 19.4159 -1.14365
-9.94053 19.5431 -1.14909
-9.92334 19.6704 -1.15464
-9.93858 19.8729 -1.16448
-9.89842 19.9665 -1.16793
-9.88594 20.1174 -1.17473
-9.86113 20.2452 -1.18018
-9.81645 20.3334 -1.18332
-11.1311 32.567 -0.600747
-11.2536 33.2857 -0.613312
-11.2553 33.6776 -0.619805
-11.1841 33.8572 -0.622388
-11.19 34.2762 -0.629369
-11.1365 34.5206 -0.633138
-11.0925 34.7993 -0.637536
-11.0671 35.143 -0.643121
-11.0287 35.4525 -0.648078
-10.9977 35.7928 -0.653593
