1.55305 0.0839549 0.0127457 -0.000962356
2.26881 5.50455 -0.942987
2.27814 5.47289 -0.93892
2.28134 5.42444 -0.932037
2.27092 5.34735 -0.920148
2.26062 5.27443 -0.908884
2.25235 5.20487 -0.898247
2.24836 5.14629 -0.889486
2.37792 6.74121 -0.877703
2.3941 6.7123 -0.875022
2.41079 6.68523 -0.872585
2.42207 6.64736 -0.868685
2.41507 6.5569 -0.85796
2.40539 6.46099 -0.846505
2.38878 6.34852 -0.832855
2.37956 6.25437 -0.821643
2.58354 8.6333 -0.788411
2.60384 8.59181 -0.785448
2.62622 8.55791 -0.783181
2.64513 8.51871 -0.780393
2.65008 8.43576 -0.773594
2.63362 8.28216 -0.760347
2.60697 8.10032 -0.744484
2.5871 7.94341 -0.730888
0.307435 13.444 -0.704756
0.353361 13.4049 -0.702767
0.402191 13.3936 -0.702244
0.448338 13.3741 -0.701302
0.492392 13.3646 -0.700883
0.537752 13.3308 -0.699208
0.580736 13.3011 -0.697743
0.627068 13.297 -0.697638
0.671761 13.2608 -0.695859
0.716534 13.2304 -0.694394
0.760873 13.1959 -0.692719
0.804248 13.1493 -0.690416
0.848854 13.1265 -0.689369
0.893718 13.1095 -0.688637
0.938474 13.0924 -0.687904
0.981923 13.0592 -0.686334
1.0239 13.0099 -0.683926
1.06881 13.0002 -0.683612
1.11299 12.9825 -0.68288
1.15338 12.9489 -0.68131
1.19618 12.9189 -0.679949
1.23897 12.8908 -0.678693
1.28238 12.8705 -0.677855
1.32689 12.862 -0.677646
1.37232 12.8412 -0.676809
1.41407 12.8085 -0.675343
1.4536 12.7779 -0.673983
1.49634 12.7569 -0.673145
1.54229 12.7635 -0.673773
1.58413 12.7362 -0.672622
1.62528 12.7049 -0.671261
1.66727 12.6813 -0.670319
1.70913 12.6576 -0.669377
1.75275 12.6476 -0.669168
1.79464 12.6256 -0.66833
1.83524 12.5955 -0.667074
1.87713 12.5752 -0.666341
1.91679 12.541 -0.664876
1.96056 12.5342 -0.664876
2.00367 12.5233 -0.664667
2.03899 12.465 -0.661945
2.08018 12.444 -0.661213
2.12193 12.4268 -0.660689
2.16495 12.4174 -0.660585
2.20583 12.396 -0.659852
2.24088 12.343 -0.657444
2.28032 12.3155 -0.656398
2.32107 12.2957 -0.65577
2.36284 12.2816 -0.655456
2.40301 12.2596 -0.654723
