1.75021 0.0779826 0.00775904 -0.000550941
2.16571 3.72855 -1.15537
2.16407 3.69596 -1.1476
2.1508 3.64551 -1.13415
2.14968 3.61473 -1.1269
2.15236 3.59063 -1.12172
2.14889 3.55664 -1.11344
2.13919 3.51282 -1.10205
2.19748 4.42874 -1.1414
2.20769 4.41059 -1.1387
2.21517 4.3872 -1.13465
2.21392 4.35069 -1.127
2.20952 4.3048 -1.11711
2.21019 4.26937 -1.10991
2.20885 4.23053 -1.10181
2.20163 4.17931 -1.09056
2.30944 5.23621 -1.11242
2.30146 5.16674 -1.09944
2.29774 5.11032 -1.08914
2.28717 5.0397 -1.07578
2.28186 4.98171 -1.0651
2.27613 4.926 -1.05479
2.40759 6.46 -1.09191
2.41759 6.41829 -1.08628
2.41257 6.33781 -1.07408
2.40348 6.24823 -1.06031
2.39951 6.17352 -1.04905
2.39144 6.08972 -1.03622
2.5819 8.10481 -1.04442
2.57728 7.99372 -1.03126
2.55837 7.84125 -1.01273
2.54724 7.71119 -0.997135
2.53758 7.59726 -0.983486
2.8002 10.9936 -0.99253
2.82161 10.9182 -0.986603
2.85112 10.8755 -0.98364
2.83172 10.6499 -0.964117
2.81078 10.4245 -0.944594
2.79882 10.2378 -0.928557
3.50663 14.5838 -0.786086
3.55136 14.5462 -0.784725
3.60019 14.526 -0.784307
3.64055 14.483 -0.782632
3.68961 14.4644 -0.782318
3.73307 14.4243 -0.780853
3.77782 14.3899 -0.779701
3.81672 14.3342 -0.777398
3.85944 14.2938 -0.775933
3.90087 14.2494 -0.774258
3.94578 14.2184 -0.773316
3.98836 14.1795 -0.771955
4.02196 14.1098 -0.76892
4.06398 14.0708 -0.767559
4.10914 14.0431 -0.766827
4.1519 14.0076 -0.765675
4.1956 13.9758 -0.764733
4.23031 13.9236 -0.76264
4.27125 13.8839 -0.761279
4.30658 13.8353 -0.759395
4.35306 13.7978 -0.758243
4.39515 13.7718 -0.757615
4.43337 13.726 -0.755941
4.46937 13.666 -0.753533
4.50513 13.6143 -0.751544
4.54835 13.5936 -0.75123
4.58489 13.5455 -0.749451
4.62049 13.4954 -0.747567
4.65189 13.4339 -0.745055
4.67596 13.3599 -0.74181
4.70855 13.1577 -0.732389
