-12.0667 0.187161 -0.00793959 0.000202982
-11.333 4.65032 -1.50411
-11.3395 4.69699 -1.50704
-11.3306 4.74433 -1.50826
-11.3203 4.7842 -1.50899
-11.3163 4.82913 -1.51069
-11.3085 4.87253 -1.51191
-11.3041 4.91752 -1.51362
-11.3105 4.96733 -1.51679
-11.2859 5.00356 -1.51581
-11.2864 5.05103 -1.51825
-11.2769 5.0917 -1.51922
-11.2798 5.13812 -1.5219
-11.2943 5.19239 -1.52629
-11.2689 5.22843 -1.52532
-11.2577 5.27111 -1.52629
-11.2734 5.32649 -1.53092
-11.2637 5.37008 -1.53214
-11.2592 5.41625 -1.53409
-11.2438 5.45725 -1.53458
-11.2363 5.49974 -1.53604
-11.2348 5.54772 -1.53848
-11.2438 5.60106 -1.54238
-11.2348 5.64563 -1.54384
-11.2239 5.68929 -1.54506
-11.2128 5.73295 -1.54628
-11.2227 5.78753 -1.55042
-11.2158 5.83113 -1.55213
-11.2147 5.88037 -1.55481
-10.6864 11.36 -1.36451
-10.6821 11.4351 -1.36904
-10.6692 11.5015 -1.37253
-10.6472 11.5544 -1.37462
-10.6552 11.6444 -1.3809
-10.652 11.7228 -1.38578
-10.6417 11.794 -1.38979
-10.6263 11.864 -1.39345
-10.6285 11.9502 -1.3992
-10.6211 12.0261 -1.40373
-10.6 12.087 -1.40652
-10.6018 12.1702 -1.4121
-10.5801 12.2312 -1.41489
-10.5438 12.2756 -1.41576
-9.86323 19.9304 -1.16542
-9.85693 20.0939 -1.17295
-9.83738 20.2323 -1.17902
-9.81863 20.3834 -1.18572
-9.80422 20.5365 -1.19263
-9.78477 20.6718 -1.1986
-9.77362 20.836 -1.20613
-9.75946 21.0057 -1.21388
-9.72583 21.1357 -1.21932
-9.67395 21.2276 -1.22257
-9.60765 21.2489 -1.22215
