1.79765 0.154088 -0.00375047 0.000102255
2.34337 3.67694 -1.16831
2.34366 3.64923 -1.1621
2.34274 3.61994 -1.15537
2.33637 3.58262 -1.14605
2.33657 3.55709 -1.14036
2.33404 3.52636 -1.13311
2.32383 3.48444 -1.12224
2.3252 3.46027 -1.11706
2.40914 4.35516 -1.14905
2.41104 4.3229 -1.14275
2.41369 4.29237 -1.1369
2.40944 4.25001 -1.1279
2.41653 4.22804 -1.12431
2.40914 4.18286 -1.11441
2.39828 4.1306 -1.10271
2.39595 4.09362 -1.09506
2.51369 5.20677 -1.12387
2.51809 5.16972 -1.11776
2.51794 5.1239 -1.10975
2.51662 5.07638 -1.10135
2.50711 5.01313 -1.08952
2.5016 4.95877 -1.0796
2.49841 4.90977 -1.07082
2.66566 6.40068 -1.09817
2.66161 6.33171 -1.08785
2.65282 6.24965 -1.07533
2.64738 6.1768 -1.06438
2.6399 6.10045 -1.0528
2.63745 6.03689 -1.04342
2.8261 8.189 -1.06368
2.84812 8.16035 -1.06124
2.87074 8.12926 -1.05856
2.8724 8.04441 -1.04881
2.86335 7.93588 -1.03589
2.85634 7.83495 -1.02395
2.84454 7.71876 -1.01005
3.09859 11.0458 -1.00369
3.12569 10.9947 -1.00003
3.15853 10.9645 -0.998282
3.18786 10.9229 -0.995493
3.21241 10.8658 -0.991309
3.2326 10.7954 -0.985906
3.20666 10.5743 -0.966731
3.18565 10.3745 -0.949475
