1.86374 0.118427 -0.00926994 0.000585461
2.29319 5.01107 -1.0712
2.29836 4.97411 -1.0651
2.295 4.9194 -1.05517
2.28791 4.85985 -1.04411
2.28043 4.80258 -1.03342
2.28023 4.76134 -1.02617
2.27631 4.70877 -1.01663
2.37446 6.10907 -1.0381
2.38133 6.06397 -1.03184
2.37699 5.99136 -1.02089
2.3707 5.91518 -1.00932
2.36409 5.84544 -0.998678
2.36457 5.78554 -0.989917
2.35861 5.7111 -0.978654
2.67908 10.0617 -0.910952
2.70743 10.0272 -0.908686
2.71138 9.90435 -0.898401
2.70118 9.73356 -0.883759
2.67953 9.53274 -0.866328
2.67458 9.3892 -0.854126
