1.95953 0.122147 -0.0031229 0.00011411
2.35083 3.54768 -1.14036
2.35231 3.52581 -1.1357
2.35121 3.49633 -1.12897
2.35317 3.47169 -1.12379
2.34784 3.43793 -1.11551
2.35544 3.42335 -1.11344
2.35417 3.39606 -1.10723
2.34168 3.35297 -1.09584
2.34003 3.32582 -1.08963
2.41741 4.19383 -1.11756
2.42322 4.1702 -1.11351
2.42003 4.13145 -1.10541
2.41859 4.09613 -1.09821
2.41223 4.05459 -1.08921
2.41234 4.02275 -1.08291
2.41326 3.99262 -1.07707
2.40082 3.94091 -1.06537
2.50529 5.05351 -1.09639
2.51062 5.02015 -1.09105
2.50248 4.96053 -1.07998
2.50109 4.91502 -1.07196
2.49756 4.8639 -1.06281
2.50008 4.82726 -1.0567
2.49691 4.78022 -1.0483
2.49263 4.7337 -1.03991
2.56965 6.17318 -1.05906
2.5823 6.14005 -1.05499
2.59059 6.10009 -1.04968
2.58124 6.02247 -1.03779
2.58028 5.96267 -1.02903
2.5987 5.94819 -1.02809
2.60749 5.91197 -1.02339
2.60561 5.85231 -1.01463
2.60031 5.78326 -1.00431
2.75366 7.8064 -1.01639
2.76954 7.76918 -1.01273
2.78318 7.72211 -1.00786
2.78429 7.64148 -0.998597
2.77184 7.52553 -0.984704
2.76554 7.42838 -0.973249
2.74881 7.30534 -0.958381
3.04736 10.3142 -0.940933
3.06792 10.2519 -0.936227
3.0505 10.072 -0.920713
3.02667 9.87513 -0.903631
3.01152 9.70466 -0.888989
4.94779 12.7166 -0.715119
4.96876 12.6398 -0.711769
4.98486 12.5583 -0.708106
4.99373 12.4537 -0.703186
5.00334 12.3465 -0.698162
4.98209 12.1718 -0.689265
4.98505 12.0648 -0.684136
5.00022 11.9828 -0.680472
5.02471 11.9184 -0.677855
5.00448 11.7556 -0.669586
4.97405 11.5774 -0.660375
