1.68172 0.115074 -0.0159603 0.000609838
2.03102 3.84079 -1.16417
2.03987 3.82516 -1.16158
2.04888 3.81156 -1.15951
2.05021 3.78231 -1.15278
2.04765 3.74631 -1.14398
2.05232 3.72391 -1.13932
2.04466 3.67958 -1.12793
2.0405 3.64208 -1.11862
2.0475 3.62484 -1.11551
2.04929 3.59717 -1.1093
2.03933 4.51872 -1.14455
2.04944 4.49916 -1.1414
2.05618 4.47251 -1.13645
2.06193 4.44409 -1.13105
2.06168 4.40121 -1.12206
2.06544 4.37144 -1.11621
2.05636 4.31319 -1.10316
2.05377 4.27122 -1.09416
2.05185 5.42435 -1.1273
2.06166 5.39331 -1.12234
2.0727 5.36594 -1.11814
2.07785 5.32392 -1.11089
2.08202 5.28011 -1.10326
2.08663 5.23816 -1.09601
2.07852 5.16527 -1.08227
2.08027 5.11797 -1.07387
2.03636 6.59472 -1.09316
2.05763 6.58605 -1.09285
2.07227 6.55246 -1.08847
2.09152 6.5339 -1.08659
2.10092 6.48521 -1.07971
2.09893 6.40276 -1.0672
2.09936 6.32565 -1.05562
2.09456 6.24187 -1.04279
2.11054 8.23193 -1.04345
2.12284 8.16725 -1.03613
2.12401 8.05614 -1.02297
2.12033 7.92978 -1.00786
2.12339 7.82616 -0.995673
2.1191 7.70386 -0.981048
2.10381 11.0181 -0.981374
2.13693 10.9833 -0.978933
2.16518 10.925 -0.974401
2.17453 10.7748 -0.961676
2.17179 10.5801 -0.944943
2.1753 10.4126 -0.930649
4.25455 13.4121 -0.737414
4.30012 13.3933 -0.737204
4.33574 13.344 -0.73532
4.36794 13.2852 -0.732913
4.39958 13.2179 -0.730087
4.42873 13.1597 -0.727679
4.47464 13.1442 -0.727679
4.50651 13.0953 -0.725795
4.54169 13.0493 -0.72412
4.59981 13.0691 -0.726109
4.63535 13.0248 -0.724539
4.68011 13.0066 -0.724434
4.71593 12.9639 -0.722969
4.74737 12.9099 -0.720876
4.775 12.8465 -0.718259
4.80928 12.8017 -0.716689
4.82984 12.7213 -0.71313
4.85203 12.6466 -0.709885
4.89831 12.6352 -0.710199
4.93146 12.5901 -0.708629
4.96142 12.5375 -0.70664
4.96586 12.4218 -0.701093
4.97853 12.3285 -0.696801
5.01172 12.287 -0.69544
5.0135 12.1697 -0.689788
5.04079 12.1216 -0.688009
5.07478 12.0901 -0.687171
2.60797 26.3613 -0.462384
2.69467 26.3003 -0.461477
2.77972 26.2271 -0.46036
2.85732 26.09 -0.458126
2.93844 26.0327 -0.457288
3.0205 25.9468 -0.455962
3.10201 25.8607 -0.454635
3.17853 25.7385 -0.452681
3.26326 25.6513 -0.451354
3.34293 25.5644 -0.450028
3.42096 25.4694 -0.448562
3.49564 25.3543 -0.446747
3.5662 25.2152 -0.444513
3.62063 24.971 -0.440429
3.70072 24.9108 -0.439591
3.77502 24.8147 -0.438125
3.845 24.6946 -0.43624
3.91923 24.606 -0.434914
3.98452 24.4659 -0.43268
4.04692 24.3138 -0.430237
4.11835 24.2206 -0.428841
4.18577 24.1076 -0.427095
4.2678 24.081 -0.426886
4.33404 23.9676 -0.425141
4.37125 23.7006 -0.420673
4.40961 23.4494 -0.416484
4.46132 23.2767 -0.413692
4.51035 23.0961 -0.41076
