1.83666 0.0973973 -0.00202916 0.000150913
2.29477 5.0729 -1.08227
2.30349 5.04521 -1.07807
2.3005 4.99475 -1.06891
2.29392 4.93506 -1.05785
2.27945 4.85948 -1.04334
2.28212 4.82133 -1.03686
2.27863 4.77082 -1.0277
2.39372 6.24562 -1.05937
2.40623 6.21328 -1.05531
2.41063 6.1607 -1.0478
2.39654 6.06223 -1.03247
2.38984 5.98412 -1.02058
2.38115 5.90246 -1.00806
2.53778 7.90425 -1.01932
2.55124 7.85192 -1.01371
2.56363 7.80193 -1.00835
2.5633 7.71005 -0.997623
2.55539 7.59757 -0.984217
2.54355 7.47164 -0.969105
2.68406 10.4311 -0.942328
2.7114 10.3869 -0.93919
2.73489 10.3293 -0.934833
2.76318 10.2908 -0.932218
2.78422 10.2335 -0.92786
2.80244 10.1603 -0.922108
2.77941 9.94134 -0.903108
2.77228 9.78398 -0.889686
5.89393 8.62401 -0.547434
5.89306 8.56164 -0.544713
5.90242 8.51147 -0.542829
5.91265 8.46299 -0.541049
5.93181 8.4276 -0.540107
5.89649 8.3156 -0.534245
5.92897 8.29984 -0.53456
5.92757 8.23695 -0.531838
5.9387 8.19195 -0.530268
5.94488 8.14052 -0.528279
5.96379 8.10685 -0.527442
5.94806 8.02661 -0.523569
5.93303 7.94818 -0.519801
5.94633 7.90827 -0.518545
5.93411 7.83492 -0.515091
5.93705 7.78503 -0.513102
5.91539 7.70352 -0.50902
5.92025 7.65438 -0.507135
5.93957 7.62422 -0.506507
5.96984 7.60815 -0.506821
5.98026 7.5669 -0.505461
5.97057 7.50066 -0.502425
5.99302 7.47249 -0.502007
5.99016 7.41839 -0.499704
6.00468 7.38349 -0.498762
6.02535 7.35631 -0.498343
6.02939 7.30904 -0.496564
4.84236 22.6261 -0.403884
4.9111 22.5622 -0.403046
4.9855 22.5254 -0.402697
5.04438 22.4385 -0.40144
5.10575 22.3466 -0.400114
5.17016 22.2703 -0.399067
5.23134 22.182 -0.39781
5.30222 22.1364 -0.397321
5.36055 22.04 -0.395925
5.41349 21.9241 -0.39418
5.4754 21.8469 -0.393133
5.51811 21.6959 -0.390759
5.57582 21.6068 -0.389503
5.62588 21.4904 -0.387758
5.64378 21.2706 -0.384127
5.65357 21.0114 -0.379799
5.64161 20.679 -0.374145
5.65086 20.4317 -0.370026
5.65683 20.1789 -0.365802
5.66548 19.9417 -0.361858
5.6731 19.7065 -0.357949
5.65955 19.4044 -0.352818
