1.69169 0.0919952 0.0040226 -0.000380363
2.24962 5.27927 -1.11547
2.25252 5.23531 -1.10784
2.24496 5.168 -1.09524
2.23303 5.09181 -1.08074
2.23648 5.05167 -1.07387
2.2284 4.98865 -1.06204
2.31956 6.47115 -1.08878
2.33495 6.44671 -1.08597
2.34725 6.4107 -1.08128
2.35152 6.35018 -1.07251
2.34529 6.26608 -1.05969
2.33322 6.17143 -1.04498
2.32796 6.09312 -1.03309
2.44484 8.11818 -1.04101
2.46679 8.08871 -1.03833
2.48623 8.0516 -1.03467
2.49596 7.98414 -1.02711
2.4889 7.86982 -1.01347
2.47702 7.7382 -0.997623
2.46475 7.61285 -0.982511
2.72199 10.773 -0.972135
2.74424 10.7036 -0.966731
2.73694 10.5223 -0.951218
2.71063 10.2738 -0.929603
2.68674 10.0411 -0.909383
5.23483 7.91197 -0.497192
5.2458 7.86872 -0.495622
5.24205 7.80394 -0.492691
5.23232 7.73101 -0.489237
5.23452 7.6764 -0.486934
5.22396 7.60376 -0.48348
5.21619 7.53876 -0.480444
5.20348 7.46735 -0.47699
5.19279 7.39683 -0.47364
5.19552 7.34604 -0.471547
5.19099 7.28557 -0.468826
5.18728 7.22684 -0.466209
5.18204 7.16661 -0.463487
5.16705 7.09359 -0.459928
5.17174 7.04562 -0.458044
5.16543 6.98577 -0.455323
5.16353 6.93246 -0.45302
5.15054 6.86487 -0.449775
5.13955 6.80064 -0.44674
