1.80639 0.054472 0.00436953 -0.000222385
2.04223 3.66766 -1.12483
2.0402 3.6356 -1.11706
2.03766 3.60156 -1.10878
2.03108 3.56086 -1.09843
2.02616 3.5236 -1.08911
2.03167 3.50481 -1.08549
2.02732 3.46934 -1.07669
2.02607 3.44096 -1.06996
2.07855 4.3112 -1.10496
2.0792 4.27624 -1.09776
2.08896 4.25846 -1.09506
2.09863 4.24066 -1.09236
2.09166 4.18972 -1.08111
2.09225 4.15455 -1.07392
2.08379 4.10205 -1.06222
2.07855 4.05659 -1.05232
2.13456 5.1891 -1.09066
2.14588 5.1653 -1.08723
2.16238 5.15416 -1.08647
2.17193 5.1267 -1.08227
2.17283 5.07937 -1.07387
2.17186 5.0285 -1.06471
2.15879 4.9507 -1.04983
2.15391 4.89283 -1.03915
2.21535 6.29434 -1.05687
2.23357 6.27952 -1.05562
2.24478 6.24194 -1.05061
2.26115 6.21922 -1.04811
2.2699 6.17606 -1.04217
2.28456 6.14958 -1.03904
2.26783 6.03986 -1.02183
2.25385 5.93956 -1.00619
2.32774 8.1071 -1.03565
2.34493 8.06081 -1.03077
2.35959 8.00687 -1.02492
2.37617 7.96054 -1.02005
2.38303 7.88801 -1.01176
2.39255 7.8208 -1.0042
2.3846 7.69863 -0.989579
2.37047 7.55956 -0.972761
4.67597 11.673 -0.659014
4.70695 11.6326 -0.657654
4.73846 11.5939 -0.656398
4.77432 11.5662 -0.65577
4.80775 11.5329 -0.654828
4.84333 11.505 -0.6542
4.87018 11.4567 -0.65242
4.89754 11.4103 -0.650745
4.92781 11.3711 -0.649489
4.96026 11.3374 -0.648547
4.99497 11.3091 -0.647919
5.01862 11.2614 -0.64614
5.04561 11.2165 -0.64457
5.07978 11.1879 -0.643942
5.10715 11.1447 -0.642476
5.13931 11.1123 -0.641639
5.16709 11.0708 -0.640278
5.18953 11.0183 -0.638289
5.22453 10.9929 -0.637871
5.25251 10.953 -0.636615
5.18372 10.7135 -0.62374
5.22272 10.7034 -0.624159
5.23182 10.6278 -0.620809
5.24312 10.5576 -0.617774
5.27905 10.5374 -0.617669
5.3167 10.5207 -0.617774
5.33253 10.4612 -0.615366
5.35532 10.4158 -0.613796
5.39624 10.406 -0.61432
5.41402 10.3517 -0.612226
5.43241 10.2991 -0.610237
5.45238 10.2501 -0.608458
