1.96957 0.180328 -0.00972541 0.000347153
2.50961 3.53005 -1.16054
2.50729 3.50085 -1.15382
2.4935 3.45605 -1.14191
2.49192 3.42857 -1.1357
2.4936 3.40582 -1.13104
2.49286 3.37999 -1.12535
2.49716 3.35998 -1.12172
2.49151 3.32805 -1.11396
2.4874 3.2973 -1.10671
2.49428 4.34295 -1.15625
2.50357 4.3241 -1.15355
2.51275 4.30524 -1.15085
2.51492 4.2746 -1.145
2.53679 4.27753 -1.14815
2.5457 4.25862 -1.14545
2.54774 4.23012 -1.14005
2.55845 4.21454 -1.13825
2.56501 4.19228 -1.13465
2.56706 4.16129 -1.1288
2.56747 4.13124 -1.12296
2.56326 4.09252 -1.11486
2.54874 4.0395 -1.10271
2.64011 5.11732 -1.11929
2.64257 5.08067 -1.11318
2.65388 5.05704 -1.11013
2.65223 5.01131 -1.10211
2.64573 4.95918 -1.09257
2.64621 4.9166 -1.08532
2.64182 4.86765 -1.07654
2.63712 4.81879 -1.06777
2.70787 6.39795 -1.10036
2.72164 6.36848 -1.09692
2.73603 6.34081 -1.09379
2.7542 6.32216 -1.09223
2.76433 6.28539 -1.08753
2.77904 6.25945 -1.08472
2.76694 6.174 -1.07158
2.76217 6.10899 -1.06188
2.75723 6.04181 -1.05187
2.7593 5.99088 -1.04467
2.87541 8.16971 -1.06343
2.89583 8.14143 -1.06099
2.91348 8.10139 -1.05709
2.93021 8.05945 -1.05295
2.94737 8.01936 -1.04905
2.95392 7.95134 -1.0415
2.94328 7.83877 -1.02809
2.93048 7.72266 -1.0142
2.91904 7.61229 -1.00103
3.22523 10.9513 -0.998805
3.24578 10.8808 -0.993401
3.24053 10.7264 -0.980328
3.22899 10.555 -0.965686
3.21099 10.3666 -0.949475
3.19351 10.1843 -0.933787
