1.77494 0.0870349 0.011685 -0.00108541
2.20984 3.6417 -1.14139
2.21447 3.62078 -1.13725
2.20986 3.58507 -1.12845
2.20951 3.55803 -1.12224
2.20449 3.52245 -1.11344
2.19925 3.48696 -1.10464
2.20105 3.46296 -1.09946
2.19958 3.4341 -1.09273
2.20003 3.40855 -1.08704
2.2545 4.33639 -1.12835
2.26148 4.31296 -1.12431
2.27545 4.3012 -1.12341
2.27761 4.26916 -1.11711
2.27144 4.22383 -1.10721
2.26574 4.17818 -1.09731
2.26161 4.13605 -1.08831
2.27133 4.1196 -1.08606
2.26273 4.06867 -1.07482
2.35298 5.16075 -1.10249
2.36441 5.13823 -1.09944
2.35416 5.0716 -1.08685
2.34849 5.01576 -1.07654
2.34336 4.95742 -1.06586
2.34544 4.91731 -1.05899
2.3379 4.85779 -1.04792
2.44138 6.32041 -1.07314
2.45375 6.28382 -1.06845
2.46516 6.24539 -1.06344
2.46904 6.19497 -1.05625
2.46966 6.13727 -1.0478
2.45939 6.04767 -1.03403
2.45047 5.96596 -1.02152
2.64572 8.06122 -1.04174
2.6582 8.00484 -1.03565
2.66463 7.93153 -1.02736
2.64567 7.78498 -1.00957
2.63282 7.6593 -0.994454
2.62304 7.54506 -0.980805
5.39158 6.73219 -0.754594
5.39628 6.69007 -0.75198
5.40076 6.648 -0.749365
5.40374 6.60443 -0.746576
5.40142 6.55478 -0.74309
5.41536 6.52515 -0.74187
5.41383 6.47716 -0.738558
5.41331 6.43079 -0.73542
5.35198 6.31307 -0.72409
5.37916 6.30041 -0.724787
5.44658 6.33447 -0.730888
5.46344 6.3094 -0.730191
5.42628 6.22027 -0.722172
5.40588 6.15339 -0.716594
5.39961 6.10315 -0.712934
5.40497 6.06641 -0.710842
5.39817 6.01636 -0.707182
5.39777 5.97383 -0.704393
5.60004 8.98286 -0.554761
5.5793 8.88039 -0.549632
5.58035 8.81361 -0.546701
5.57026 8.7301 -0.542724
5.58017 8.67868 -0.540735
5.58002 8.61222 -0.537804
5.57839 8.54419 -0.534769
5.57816 8.48225 -0.532047
5.5636 8.39613 -0.527861
5.57437 8.34579 -0.525976
5.57894 8.28983 -0.523674
5.59967 8.26136 -0.523046
5.57073 8.16027 -0.517812
5.5607 8.08483 -0.514253
5.57296 8.04238 -0.512788
5.57356 7.98358 -0.510276
5.57612 7.92813 -0.507973
5.57742 7.86854 -0.505461
5.55843 7.784 -0.501274
