1.65284 0.107718 0.00397807 -0.000200495
2.27273 5.14082 -1.09257
2.28666 5.12389 -1.09066
2.29889 5.10335 -1.08799
2.311 5.08278 -1.08532
2.31727 5.04971 -1.07998
2.31508 4.99883 -1.07082
2.30176 4.92491 -1.0567
2.29214 4.86002 -1.04449
2.288 4.80767 -1.03495
2.43252 6.2391 -1.06063
2.44234 6.20342 -1.05593
2.44208 6.1398 -1.04655
2.43257 6.05425 -1.03341
2.42843 5.98349 -1.02277
2.41708 5.89638 -1.00932
2.62015 7.9087 -1.02297
2.64332 7.88633 -1.02127
2.65426 7.82818 -1.01493
2.64036 7.69869 -0.999329
2.61842 7.54877 -0.981048
2.60533 7.42719 -0.966424
4.97057 5.2014 -0.629439
4.95001 5.14382 -0.624558
4.94852 5.10648 -0.622118
4.9357 5.0578 -0.618283
4.95333 5.04054 -0.618283
4.88681 4.93825 -0.607824
4.92371 4.94092 -0.610264
4.83649 4.81963 -0.597365
4.83629 4.7859 -0.595274
4.80749 4.72431 -0.589696
4.80399 4.68801 -0.587255
4.81174 4.6629 -0.58621
4.77056 4.59081 -0.579237
0.463286 18.1771 -0.952933
0.528392 18.1234 -0.950212
0.591521 18.1175 -0.950002
0.650377 18.0815 -0.948223
0.713017 18.0671 -0.947595
0.775564 18.0526 -0.946967
0.838111 18.0398 -0.946444
0.896538 18.009 -0.944978
0.957589 17.9718 -0.943199
1.01594 17.9466 -0.942047
1.08039 17.9208 -0.940896
1.14052 17.8791 -0.938907
1.20024 17.8351 -0.936814
1.25896 17.781 -0.934197
1.31925 17.7526 -0.932941
1.37873 17.716 -0.931266
1.43878 17.6892 -0.930115
1.49187 17.6187 -0.926661
1.54968 17.5716 -0.924462
1.60808 17.5343 -0.922788
1.66549 17.4888 -0.920694
1.72378 17.455 -0.919229
1.77982 17.4012 -0.916717
1.83761 17.3671 -0.915251
1.89605 17.3407 -0.914205
1.9493 17.2966 -0.912216
2.00874 17.2818 -0.911797
2.06145 17.2112 -0.908448
2.11907 17.1841 -0.907401
2.17879 17.1746 -0.907296
2.2346 17.1352 -0.905621
2.29333 17.1194 -0.905203
2.35063 17.0935 -0.904261
2.40498 17.0476 -0.902272
