2.00085 0.168819 -0.0148436 0.000956697
2.44468 3.52137 -1.14864
2.4497 3.50374 -1.14553
2.44634 3.47306 -1.13829
2.43609 3.43299 -1.12793
2.43682 3.40875 -1.12276
2.43909 3.3881 -1.11862
2.44409 3.37019 -1.11551
2.43875 3.33824 -1.10775
2.43035 3.30127 -1.09843
2.49735 4.22615 -1.1333
2.49613 4.19062 -1.1261
2.50272 4.16851 -1.12251
2.5001 4.13141 -1.11486
2.50436 4.10602 -1.11036
2.49826 4.06405 -1.10136
2.49704 4.03046 -1.09461
2.48839 3.98535 -1.08471
2.49398 3.96344 -1.08111
2.58922 5.08164 -1.1086
2.59259 5.04463 -1.10249
2.58308 4.98326 -1.09105
2.58313 4.93896 -1.08341
2.58112 4.89345 -1.0754
2.57697 4.84455 -1.06662
2.57354 4.79964 -1.05861
2.5688 4.75091 -1.04983
2.68523 6.13458 -1.06063
2.69385 6.09626 -1.05562
2.69017 6.03089 -1.04592
2.68607 5.96562 -1.03622
2.67663 5.88967 -1.02465
2.67576 5.83361 -1.01651
2.66707 5.76149 -1.00556
2.82242 7.89574 -1.02955
2.83647 7.8485 -1.02468
2.84818 7.79567 -1.01907
2.83686 7.6814 -1.00542
2.82832 7.58081 -0.993479
2.82115 7.48174 -0.98178
2.8205 7.40556 -0.973005
2.95958 10.6792 -0.96952
2.99469 10.6611 -0.968823
3.02643 10.6314 -0.96708
3.04475 10.5557 -0.961154
3.05069 10.4461 -0.952089
3.0764 10.3991 -0.948777
3.09046 10.3076 -0.941456
3.07548 10.129 -0.926117
3.06398 9.9658 -0.912172
3.94517 14.4112 -0.783051
3.9837 14.355 -0.780748
4.0273 14.318 -0.779492
4.05864 14.2385 -0.775933
4.09612 14.1821 -0.77363
4.1364 14.1454 -0.772374
4.17441 14.0926 -0.770281
4.21037 14.0339 -0.767873
4.25133 13.984 -0.765989
4.28425 13.9175 -0.763163
4.31969 13.8689 -0.761279
4.35366 13.808 -0.758767
4.38844 13.7425 -0.756045
4.42164 13.6815 -0.753533
4.44837 13.6098 -0.750393
4.48394 13.5582 -0.748404
4.51603 13.497 -0.745892
4.55223 13.449 -0.744113
4.58297 13.3858 -0.741496
4.61529 13.3282 -0.739193
4.65255 13.2856 -0.737728
4.68623 13.2335 -0.735739
4.72229 13.1889 -0.734169
4.75266 13.1291 -0.731761
