-14.2942 0.619878 -0.0352472 0.000769368
-10.6828 11.3086 -1.36102
-10.6896 11.3952 -1.36695
-10.6681 11.4481 -1.36904
-10.6632 11.5233 -1.37357
-10.6539 11.5942 -1.37758
-10.6671 11.6902 -1.38456
-10.6503 11.7539 -1.38769
-10.6119 11.794 -1.38804
-10.6238 11.8904 -1.39501
-10.6139 11.9632 -1.3992
-10.6116 12.045 -1.40443
-10.6089 12.127 -1.40966
-10.5712 12.1651 -1.41001
-10.5365 12.211 -1.41105
-10.4964 12.2507 -1.4114
-10.451 12.2842 -1.41105
-10.0136 18.644 -1.1091
-9.99868 18.7652 -1.11434
-9.98069 18.8901 -1.11968
-9.94938 18.9991 -1.12397
-9.94282 19.1489 -1.13077
-9.91918 19.2758 -1.13611
-9.91265 19.4295 -1.14312
-9.89685 19.5585 -1.14877
-9.87689 19.6893 -1.15443
-9.86136 19.8221 -1.16029
-9.80623 19.8851 -1.16196
-11.1943 31.6644 -0.586226
-11.1352 31.8505 -0.588949
-11.0605 31.995 -0.590904
-10.9733 32.1053 -0.59223
-10.8778 32.1927 -0.593137
-10.7819 32.2798 -0.594045
-10.6992 32.4084 -0.59572
-10.614 32.5121 -0.596977
-10.5029 32.5566 -0.597117
-10.4755 32.8636 -0.602073
-10.5493 33.4988 -0.613033
-10.4881 33.715 -0.616314
-10.4726 34.084 -0.622388
-10.5568 34.79 -0.634604
-10.5007 35.0451 -0.638584
