-12.2542 0.231839 -0.0102411 0.000247518
-11.1522 5.85006 -1.54628
-11.151 5.89917 -1.54896
-11.1356 5.94085 -1.54969
-11.1358 5.99097 -1.55262
-11.1113 6.02791 -1.55213
-11.1215 6.08381 -1.55652
-11.1211 6.13411 -1.55944
-11.1146 6.17866 -1.56139
-11.0999 6.2213 -1.56237
-11.0988 6.27173 -1.56529
-11.1027 6.32518 -1.56895
-11.0978 6.37378 -1.57138
-11.0835 6.41452 -1.57236
-11.0816 6.46517 -1.57528
-11.0692 6.50986 -1.57675
-11.0772 6.56668 -1.58113
-11.0678 6.61345 -1.58308
-11.0532 6.65716 -1.5843
-11.0417 6.70291 -1.58601
-11.0415 6.75296 -1.58918
-11.0393 6.80203 -1.5921
-11.0441 6.85833 -1.59624
-11.0252 6.9 -1.59698
-10.5314 11.5901 -1.37009
-10.5256 11.6653 -1.37462
-10.5226 11.7483 -1.37985
-10.5181 11.8218 -1.38438
-10.4939 11.8779 -1.38665
-10.4957 11.9639 -1.3924
-10.4905 12.0425 -1.39728
-10.4875 12.1242 -1.40251
-10.4685 12.188 -1.40565
-10.4621 12.2669 -1.41053
-10.4562 12.3426 -1.41523
-10.4515 12.4247 -1.42046
-10.4055 12.4581 -1.42012
-10.3721 12.5066 -1.42151
-9.72722 19.4672 -1.14051
-9.70973 19.6031 -1.14647
-9.68613 19.7283 -1.15181
-9.66353 19.8571 -1.15736
-9.65576 20.0185 -1.16479
-9.64699 20.18 -1.17222
-9.62279 20.3021 -1.17745
-9.60451 20.4477 -1.18394
-9.57606 20.5734 -1.18928
-9.5343 20.672 -1.19305
-14.1756 10.7872 -0.310932
-14.1696 10.861 -0.31163
-14.1855 10.9519 -0.312817
-14.168 11.0136 -0.313236
-14.1673 11.0926 -0.314074
-14.1336 11.142 -0.314143
-14.1165 11.2087 -0.314632
-14.1066 11.2853 -0.31533
-14.0904 11.3533 -0.315854
-14.1144 11.4541 -0.317285
-14.0898 11.5159 -0.317634
-14.0855 11.5905 -0.318402
-14.0711 11.6613 -0.318995
-14.0626 11.7373 -0.319728
-14.046 11.8069 -0.320287
-14.0215 11.8701 -0.320671
-14.0104 11.9449 -0.321369
-14.0066 12.0263 -0.322241
-14.0129 12.117 -0.323358
-14.0158 12.2052 -0.324405
-14.0272 12.3015 -0.325662
-14.0163 12.3744 -0.32636
-14.0119 12.4578 -0.327268
-13.9981 12.5333 -0.327966
-13.9988 12.6223 -0.329013
-14.0021 12.7141 -0.33013
-13.9782 12.7818 -0.330618
-13.9564 12.847 -0.331107
-13.9408 12.9229 -0.331805
-13.9446 13.0127 -0.332922
-13.9341 13.0941 -0.33376
-13.9005 13.1589 -0.334109
-13.8632 13.2156 -0.334318
-13.8684 13.3086 -0.335505
-13.8506 13.3847 -0.336203
-13.8205 13.4445 -0.336552
-13.8077 13.5262 -0.33739
-13.7775 13.5912 -0.337809
-13.7442 13.6533 -0.338158
-13.7162 13.721 -0.338647
-13.6852 13.7858 -0.339065
-13.7043 13.9019 -0.340741
-13.6725 13.9668 -0.34116
-13.6596 14.0464 -0.341997
-13.6435 14.1233 -0.342765
-13.5858 14.1622 -0.342556
-13.5418 14.2153 -0.342695
-13.5276 14.295 -0.343533
-13.5022 14.3684 -0.344161
-13.4738 14.4388 -0.34472
-13.4451 14.5092 -0.345278
-13.4512 14.6179 -0.346744
-13.4244 14.6913 -0.347373
-13.4389 14.8106 -0.349083
-13.4045 14.8768 -0.349537
-13.4165 14.995 -0.351212
-13.4265 15.1067 -0.352783
-13.4173 15.2029 -0.353935
-13.3774 15.2647 -0.354284
-13.2977 15.2865 -0.353656
-13.2704 15.3631 -0.354354
-13.2923 15.492 -0.356308
-13.2719 15.5778 -0.357216
-13.2329 15.6424 -0.357635
-13.1885 15.7007 -0.357914
-13.1477 15.7636 -0.358298
-13.1066 15.8263 -0.358682
-13.0843 15.9121 -0.359589
-13.078 16.0181 -0.360951
