-12.0653 0.189336 -0.00842084 0.000223913
-10.7055 10.8939 -1.33627
-10.7091 10.974 -1.3415
-10.7068 11.0485 -1.34603
-10.6985 11.1174 -1.34987
-10.6837 11.1759 -1.35266
-10.6624 11.2319 -1.35492
-10.6846 11.3343 -1.36277
-10.675 11.4035 -1.3666
-10.6649 11.4728 -1.37044
-10.6505 11.5378 -1.37375
-10.6452 11.6131 -1.37828
-10.6394 11.6885 -1.38281
-10.6413 11.7728 -1.38839
-10.5975 11.8069 -1.38804
-9.91883 19.1681 -1.13108
-9.90629 19.3004 -1.13695
-9.8923 19.4399 -1.14312
-9.88285 19.5902 -1.14993
-9.84925 19.6942 -1.15401
-9.84068 19.8413 -1.16071
-9.83833 20.0118 -1.16866
-9.8174 20.1554 -1.17494
-9.80169 20.3029 -1.18154
-9.75231 20.382 -1.18415
-9.68366 20.4213 -1.18447
