1.79522 0.0773671 0.000789601 -1.1522e-05
2.22568 5.34686 -1.12577
2.22988 5.30468 -1.11852
2.22997 5.25349 -1.10936
2.22819 5.19875 -1.09944
2.22839 5.1495 -1.09066
2.22749 5.09852 -1.08151
2.22546 5.0458 -1.07196
2.27633 6.52206 -1.0941
2.29514 6.5029 -1.09223
2.31052 6.47439 -1.08878
2.32774 6.45141 -1.08628
2.34212 6.42098 -1.08253
2.34675 6.36458 -1.07439
2.33722 6.2712 -1.06
2.32777 6.17982 -1.04592
2.3177 6.08858 -1.03184
2.4412 8.15244 -1.04491
2.45869 8.10777 -1.04028
2.47125 8.0479 -1.0337
2.4893 8.007 -1.02955
2.48625 7.8998 -1.01688
2.47148 7.76289 -1.0003
2.45838 7.62951 -0.984217
2.68319 10.8423 -0.97719
2.71665 10.8154 -0.975621
2.73815 10.7422 -0.969869
2.73088 10.5671 -0.954878
2.72046 10.3846 -0.93919
2.71167 10.2056 -0.923851
4.80651 12.8624 -0.71962
4.83303 12.797 -0.716898
4.82639 12.6457 -0.709362
4.83457 12.5356 -0.704128
4.86524 12.4851 -0.702244
4.87807 12.39 -0.697848
4.89183 12.3051 -0.693975
4.87234 12.1387 -0.685496
4.8629 11.9939 -0.678274
4.86311 11.8752 -0.672517
4.86637 11.7659 -0.667284
5.46226 24.1789 -0.43268
5.53007 24.0876 -0.431389
5.57687 23.9084 -0.428526
5.62709 23.7487 -0.426013
5.68844 23.6395 -0.424408
5.75004 23.534 -0.422872
5.8023 23.3935 -0.420708
5.85268 23.249 -0.418474
5.92192 23.1819 -0.417636
5.98072 23.0925 -0.41638
6.04503 23.0096 -0.415263
6.10678 22.9188 -0.414006
6.16379 22.8124 -0.41247
6.23176 22.7483 -0.411702
6.30471 22.7033 -0.411283
6.33949 22.5233 -0.408421
6.35883 22.2933 -0.404651
6.42662 22.2364 -0.404023
6.50083 22.2023 -0.403814
6.50892 21.9456 -0.399555
6.48653 21.5933 -0.393552
6.5025 21.3754 -0.389991
6.4723 21.0124 -0.383778
6.44321 20.6614 -0.377775
