-14.8024 0.859035 -0.0570933 0.00136743
-10.8466 8.16459 -1.66693
-10.8623 8.23598 -1.67375
-10.8351 8.27505 -1.674
-10.8219 8.32493 -1.67643
-10.8241 8.38697 -1.68131
-10.8166 8.43869 -1.68448
-10.8261 8.50706 -1.69057
-10.801 8.54849 -1.6913
-10.7835 8.59605 -1.69325
-10.7921 8.6647 -1.69935
-10.7942 8.72854 -1.70446
-10.7883 8.78622 -1.70836
-10.7699 8.83076 -1.71007
-10.7635 8.88537 -1.71373
-10.7492 8.93685 -1.71641
-10.7362 8.99276 -1.71958
-10.7138 9.03786 -1.72104
-10.1066 14.2636 -1.52941
-10.074 14.3232 -1.53202
-10.0764 14.4334 -1.54004
-10.0693 14.5257 -1.54632
-10.0683 14.633 -1.55399
-10.0486 14.7141 -1.55887
-10.024 14.7887 -1.56305
-10.0168 14.8897 -1.57002
-10.0112 14.9942 -1.57734
-9.98523 15.0689 -1.58153
-8.90356 23.9537 -1.33928
-8.88331 24.1571 -1.34891
-8.8556 24.3438 -1.35759
-8.83031 24.5271 -1.36618
-8.80761 24.7346 -1.37602
-8.77127 24.9212 -1.3846
-8.72886 25.08 -1.39172
-12.3903 28.701 -0.545667
-12.3576 28.9022 -0.548669
-12.3269 29.1109 -0.55181
-12.2839 29.2939 -0.554463
-12.1479 29.2553 -0.552927
-12.0569 29.3102 -0.553206
-11.9862 29.4299 -0.554672
-11.9656 29.6756 -0.558512
-11.9272 29.8806 -0.561584
-11.8986 30.0985 -0.564934
-11.8707 30.3373 -0.568634
-11.8485 30.5948 -0.572683
-11.8204 30.8414 -0.576523
-11.7907 31.0881 -0.580362
-11.7551 31.3238 -0.583992
-11.7223 31.5709 -0.587832
-11.6975 31.8443 -0.59216
-11.6752 32.1122 -0.596418
-11.5617 32.149 -0.596349
