1.62793 0.0827636 -0.0187577 0.000734709
1.86362 3.9568 -1.17193
1.87493 3.94504 -1.17038
1.87867 3.91757 -1.16417
1.87634 3.87794 -1.15433
1.88478 3.86096 -1.15123
1.88051 3.82002 -1.14087
1.87579 3.7771 -1.13
1.87771 3.74807 -1.12327
1.88359 3.72565 -1.11862
1.84638 4.6492 -1.1549
1.84736 4.60474 -1.14545
1.85171 4.56937 -1.13825
1.85436 4.53042 -1.13015
1.85751 4.4933 -1.12251
1.85291 4.43823 -1.11036
1.86385 4.42096 -1.10766
1.8663 4.38395 -1.10001
1.82213 5.5781 -1.14066
1.83261 5.5478 -1.1357
1.83267 5.48364 -1.12387
1.83294 5.42142 -1.11242
1.83851 5.37598 -1.1044
1.84122 5.32314 -1.09486
1.8397 5.25923 -1.08303
1.7666 6.82112 -1.116
1.7867 6.80567 -1.11444
1.80146 6.7609 -1.10818
1.80973 6.69323 -1.09817
1.81156 6.61289 -1.08597
1.81658 6.54593 -1.07596
1.8154 6.44986 -1.06125
1.74366 8.53225 -1.06928
1.76023 8.47006 -1.06221
1.77049 8.37259 -1.05076
1.76923 8.22468 -1.03296
1.77332 8.10598 -1.01883
1.56512 11.4554 -1.01153
1.6051 11.4499 -1.01153
1.64137 11.4186 -1.00926
1.67454 11.3674 -1.00525
1.69697 11.2473 -0.995144
1.70581 11.0444 -0.977713
1.7089 10.814 -0.957842
3.76437 14.2778 -0.773839
3.81048 14.2408 -0.772583
3.84448 14.1696 -0.769443
3.87397 14.0932 -0.765989
3.91403 14.0469 -0.76421
3.93996 13.9421 -0.75929
3.993 13.9436 -0.760128
4.02531 13.8824 -0.757511
4.05799 13.8146 -0.75458
4.10561 13.7984 -0.754475
4.13531 13.7228 -0.751126
4.16681 13.6631 -0.748614
4.19445 13.5836 -0.745055
4.24899 13.5918 -0.746311
4.27291 13.5026 -0.742229
4.30905 13.4534 -0.740345
4.33553 13.3672 -0.736472
4.33999 13.2313 -0.729773
4.37253 13.1827 -0.727889
4.35625 12.9818 -0.717631
2.26714 0.82876 0.296386
2.28122 0.824891 0.297849
2.29343 0.820265 0.299067
2.32248 0.821523 0.30248
2.33658 0.817343 0.303942
2.3563 0.815022 0.306136
2.38717 0.816844 0.309792
2.41821 0.818048 0.313448
2.46058 0.822822 0.318566
2.48417 0.821081 0.321248
2.51156 0.820418 0.324416
2.55219 0.823842 0.329291
2.58923 0.825334 0.333678
2.62632 0.826565 0.338066
2.65559 0.826107 0.341478
2.71828 0.82484 0.34879
