1.9713 0.154858 -0.0152757 0.00102883
2.35235 3.64594 -1.16262
2.34969 3.61544 -1.15537
2.34853 3.5862 -1.14864
2.34827 3.55863 -1.14243
2.3457 3.52789 -1.13518
2.34618 3.50203 -1.12949
2.34001 3.4666 -1.12069
2.33797 3.43764 -1.11396
2.33745 3.40993 -1.10775
2.41321 4.30382 -1.13915
2.41192 4.26653 -1.1315
2.40676 4.22464 -1.12251
2.40402 4.1858 -1.11441
2.403 4.15039 -1.10721
2.40666 4.12347 -1.10226
2.3993 4.07809 -1.09236
2.39166 4.03282 -1.08246
2.46878 5.17823 -1.11509
2.48258 5.16073 -1.11318
2.49544 5.14144 -1.11089
2.48661 5.07804 -1.09906
2.48432 5.02884 -1.09028
2.48258 4.97929 -1.08151
2.48054 4.93201 -1.07311
2.47817 4.88262 -1.06433
2.58328 6.34914 -1.08566
2.59567 6.31633 -1.08159
2.60449 6.2785 -1.07658
2.60088 6.21152 -1.06657
2.59746 6.14009 -1.05593
2.59405 6.07285 -1.04592
2.58394 5.99121 -1.03341
2.71219 8.06842 -1.04515
2.73395 8.04011 -1.04271
2.75877 8.02114 -1.0415
2.77371 7.97396 -1.03662
2.7738 7.88981 -1.02687
2.76342 7.77346 -1.01298
2.75361 7.66103 -0.999572
2.73898 7.53756 -0.984704
2.90098 10.819 -0.979979
2.92848 10.7786 -0.97719
2.95497 10.728 -0.97353
2.98758 10.7003 -0.971961
3.01786 10.6649 -0.969695
3.03805 10.5949 -0.964291
3.02498 10.4121 -0.948603
3.00224 10.2008 -0.9303
2.98604 10.0165 -0.914438
