1.845 0.131459 -0.00244452 -4.52147e-05
2.33303 4.32567 -1.13465
2.34085 4.30593 -1.1315
2.34837 4.28406 -1.1279
2.34634 4.24514 -1.11981
2.3524 4.21949 -1.11531
2.34538 4.17429 -1.10541
2.34456 4.13895 -1.09821
2.3358 4.09012 -1.08741
2.33354 4.05323 -1.07977
2.43021 5.08134 -1.09486
2.42319 5.02155 -1.0838
2.41749 4.96759 -1.07387
2.41318 4.91288 -1.06395
2.40329 4.84989 -1.05212
2.40436 4.80769 -1.04487
2.40615 4.77164 -1.03876
2.49169 6.2965 -1.07251
2.50559 6.26759 -1.06907
2.52819 6.26064 -1.06939
2.53585 6.21702 -1.06344
2.52669 6.13325 -1.05061
2.50985 6.03546 -1.03528
2.50795 5.97202 -1.0259
2.50488 5.90686 -1.0162
2.58974 8.05644 -1.03906
2.61232 8.03036 -1.03686
2.63475 8.00423 -1.03467
2.65327 7.96673 -1.03101
2.67789 7.94801 -1.0298
2.67561 7.84608 -1.01785
2.65697 7.70767 -1.00103
2.65511 7.61588 -0.99031
2.64802 7.51529 -0.978367
3.75866 14.3578 -0.777817
3.79543 14.2944 -0.775096
3.83544 14.2444 -0.773107
3.87409 14.1905 -0.770909
3.91295 14.1384 -0.768815
3.94825 14.0746 -0.766094
3.97907 14.0058 -0.763058
4.00971 13.9284 -0.759604
4.05047 13.8875 -0.758139
4.08081 13.812 -0.754789
4.11469 13.7498 -0.752172
4.15397 13.7067 -0.750602
4.19124 13.6578 -0.748718
4.22644 13.6114 -0.746939
4.26611 13.5634 -0.745159
4.29647 13.4951 -0.742229
4.32834 13.4409 -0.74003
4.36842 13.4048 -0.738879
4.40768 13.3667 -0.737623
4.44167 13.3134 -0.73553
4.47638 13.2554 -0.733227
4.50906 13.2 -0.731029
4.54499 13.1623 -0.729773
4.57905 13.1124 -0.727889
4.61254 13.0689 -0.726318
