1.65274 0.163674 0.0347454 -0.00669703
2.34906 3.61585 -1.15537
2.34791 3.58661 -1.14864
2.33914 3.54614 -1.13829
2.34188 3.52348 -1.13363
2.34341 3.49923 -1.12845
2.36055 3.49702 -1.13052
2.36839 3.48237 -1.12845
2.38381 3.47886 -1.13
2.38107 3.45027 -1.12327
2.38317 3.42766 -1.11862
2.38847 3.40983 -1.11551
2.39034 3.38726 -1.11085
2.3764 3.34269 -1.09895
2.43035 4.26951 -1.1342
2.44062 4.25467 -1.1324
2.44546 4.22714 -1.12745
2.46094 4.21815 -1.12745
2.468 4.1982 -1.12431
2.46502 4.16149 -1.11666
2.45356 4.10936 -1.10496
2.44779 4.06738 -1.09596
2.44783 4.03548 -1.08966
2.4436 3.99699 -1.08156
4.07009 3.29707 -1.01816
4.06684 3.26983 -1.01434
4.0767 3.25438 -1.01396
4.08131 3.23597 -1.01243
4.08585 3.21756 -1.01091
4.09242 3.19965 -1.00976
4.09481 3.17741 -1.00747
4.09399 3.15279 -1.00442
4.09873 3.13371 -1.00289
4.10128 3.11417 -1.00098
4.11158 3.10055 -1.00098
4.10563 3.07252 -0.996786
4.11318 3.05583 -0.996023
4.12066 3.03912 -0.99526
4.12596 3.02196 -0.994115
4.1222 2.99715 -0.99068
4.1199 2.97355 -0.987627
4.12279 2.95272 -0.985719
4.12827 2.93489 -0.984574
4.12726 2.91254 -0.981903
4.13097 2.89361 -0.980377
4.10881 2.85676 -0.972744
4.10856 2.83643 -0.970455
4.1233 2.8254 -0.971599
4.12502 2.80547 -0.969691
4.14292 2.79654 -0.971599
4.13635 2.77114 -0.967783
2.66159 6.40665 -1.0988
2.67171 6.36818 -1.09379
2.67619 6.31698 -1.08659
2.66839 6.24087 -1.07502
2.67059 6.18617 -1.0672
2.68772 6.16367 -1.06501
2.68454 6.0982 -1.05531
2.67854 6.02742 -1.04467
4.40014 6.08302 -0.92182
4.38873 6.02507 -0.915239
4.37098 5.9569 -0.907195
4.37537 5.92162 -0.904027
4.3923 5.89917 -0.903052
4.40334 5.8711 -0.901102
4.40945 5.83669 -0.898177
4.41177 5.79756 -0.894521
4.39937 5.73959 -0.88794
4.42544 5.73206 -0.889159
4.44543 5.71657 -0.889159
4.44944 5.68071 -0.88599
4.44219 5.63085 -0.880628
4.45688 5.60909 -0.879653
4.46403 5.578 -0.877216
4.44361 5.51293 -0.869416
3.05472 10.7808 -0.980328
3.08738 10.7528 -0.978759
3.12267 10.7343 -0.978062
3.14998 10.689 -0.974924
3.16505 10.6034 -0.968126
3.15592 10.4398 -0.954181
3.13753 10.2496 -0.937796
3.12256 10.0749 -0.922805
3.52347 15.9592 -0.85653
3.58003 15.9507 -0.85674
3.6308 15.9167 -0.855588
3.6692 15.83 -0.851611
3.67591 15.611 -0.840516
3.65791 15.2951 -0.824187
3.6354 14.9698 -0.807335
3.68141 14.9318 -0.805974
11.8651 14.4448 0.32629
11.9715 14.4711 0.327826
12.0962 14.5183 0.32985
12.2522 14.6016 0.332713
12.3896 14.6611 0.335051
12.7064 14.93 0.342207
12.9562 15.1163 0.347512
13.0952 15.1709 0.349816
13.1874 15.1704 0.350863
13.3799 15.2837 0.354563
13.5496 15.3636 0.357565
13.773 15.513 0.362103
13.9324 15.5825 0.36486
14.0603 15.6156 0.36678
14.1362 15.5901 0.367338
14.2849 15.644 0.369782
14.4586 15.7236 0.372853
14.6574 15.8285 0.376553
