1.80931 0.149891 -0.00199207 -2.4109e-05
2.36632 3.61612 -1.15796
2.36511 3.58687 -1.15123
2.36478 3.55929 -1.14502
2.34971 3.51129 -1.13207
2.34636 3.47863 -1.12431
2.35089 3.45923 -1.12069
2.35313 3.43666 -1.11603
2.35135 3.40975 -1.10982
2.3456 3.37614 -1.10153
2.44278 4.26017 -1.13375
2.44106 4.22293 -1.1261
2.43028 4.17061 -1.11441
2.42607 4.13017 -1.10586
2.42855 4.10156 -1.10046
2.42617 4.06671 -1.09326
2.42528 4.03316 -1.08651
2.42622 4.00301 -1.08066
2.54506 5.16087 -1.11852
2.55082 5.12735 -1.11318
2.53964 5.06051 -1.10059
2.53689 5.01133 -1.09181
2.53297 4.96267 -1.08303
2.52871 4.9119 -1.07387
2.53046 4.87343 -1.06739
2.68384 6.35664 -1.09285
2.68665 6.3018 -1.08503
2.67973 6.22525 -1.07345
2.67704 6.1597 -1.06375
2.67312 6.09243 -1.05374
2.66877 6.02527 -1.04373
2.65996 5.94919 -1.03215
2.84309 8.10953 -1.05514
2.86343 8.0771 -1.05222
2.87687 8.02595 -1.04686
2.90013 8.00279 -1.04515
2.90005 7.9162 -1.03516
2.88699 7.7962 -1.02078
2.86826 7.66337 -1.00469
5.50062 7.89377 -0.84175
5.52013 7.8631 -0.84053
5.52914 7.81776 -0.837741
5.52633 7.75622 -0.833209
5.52665 7.69966 -0.8292
5.49512 7.59959 -0.820484
5.47729 7.41025 -0.806191
5.39842 7.25046 -0.790851
3.749 16.2646 -0.874743
3.79983 16.2261 -0.873383
3.84536 16.1662 -0.87087
3.88582 16.0866 -0.867312
3.90016 15.9146 -0.858728
3.85926 15.5132 -0.837794
3.8198 15.1401 -0.818325
