-61.8791 9.81258 -0.621716 0.013311
-14.1249 2.25233 -1.25138
-14.1819 2.3122 -1.25713
-14.2032 2.36661 -1.25975
-14.2616 2.42753 -1.26568
-14.2845 2.48276 -1.26846
-14.3017 2.53464 -1.27073
-14.3555 2.59589 -1.27631
-14.387 2.65608 -1.27997
-14.4383 2.71772 -1.28537
-14.4718 2.77635 -1.28921
-14.5016 2.83196 -1.29269
-14.5444 2.89306 -1.2974
-14.5811 2.95331 -1.30158
-14.598 3.00981 -1.30402
-9.65024 14.8828 -0.929591
-9.63821 14.9785 -0.933464
-9.62194 15.0744 -0.937232
-9.61949 15.1872 -0.942152
-9.60734 15.2798 -0.94592
-9.59201 15.3743 -0.949688
-9.57193 15.462 -0.953038
-9.56284 15.5685 -0.957539
-9.55418 15.6768 -0.962144
-9.54176 15.7802 -0.966436
-9.52259 15.8733 -0.970099
-9.5039 15.9683 -0.973868
-9.48746 16.0616 -0.977636
-9.46869 16.1584 -0.981509
