1.81126 0.0798284 -0.000373188 5.50927e-05
2.19048 5.37835 -1.12883
2.20626 5.3634 -1.1273
2.21593 5.33391 -1.12272
2.2201 5.29175 -1.11547
2.22324 5.24781 -1.10784
2.2261 5.20392 -1.1002
2.22779 5.16046 -1.09257
2.21833 5.08966 -1.07922
2.21632 5.03696 -1.06968
2.30393 6.48093 -1.08941
2.32232 6.45757 -1.08691
2.3327 6.416 -1.08128
2.33873 6.36332 -1.07377
2.31483 6.23106 -1.0528
2.31227 6.15821 -1.04185
2.30922 6.08546 -1.0309
2.3952 8.13296 -1.04101
2.41507 8.09602 -1.03735
2.43929 8.07424 -1.03565
2.45933 8.0391 -1.03223
2.47974 8.00581 -1.02906
2.49283 7.94975 -1.02297
2.46771 7.7745 -1.00152
2.45355 7.63732 -0.984948
2.64708 10.7527 -0.968823
2.67783 10.7163 -0.966383
2.70788 10.6779 -0.963768
2.71932 10.5681 -0.954704
2.70516 10.3556 -0.936401
2.67597 10.0996 -0.914089
5.42066 23.7249 -0.424792
5.49801 23.6825 -0.424373
5.55586 23.558 -0.422488
5.62315 23.4763 -0.421371
5.68427 23.371 -0.419835
5.73683 23.2511 -0.41802
5.8063 23.1844 -0.417182
5.8734 23.1097 -0.416205
5.92607 22.9806 -0.41425
5.98595 22.8659 -0.412575
6.02981 22.7095 -0.410132
6.09261 22.6431 -0.409294
6.14425 22.5214 -0.407479
6.21536 22.4728 -0.40699
6.2711 22.3701 -0.405524
6.33494 22.298 -0.404617
6.36405 22.1067 -0.401545
6.4255 22.0306 -0.400568
6.47743 21.9236 -0.399032
6.48742 21.6787 -0.394983
6.48417 21.3956 -0.390236
6.45674 21.0402 -0.384162
6.41979 20.6624 -0.37767
6.39228 20.3232 -0.371876
