-29.0826 3.40136 -0.199443 0.00387564
-5.21748 5.35964 -0.918407
-5.25574 5.43868 -0.928644
-5.26517 5.48472 -0.933519
-5.26243 5.5203 -0.936444
-5.2404 5.53576 -0.935957
-5.23464 5.56848 -0.938394
-5.23955 5.61284 -0.942781
-5.2776 5.69132 -0.953018
-5.2577 5.7097 -0.953018
-5.23774 5.72802 -0.953018
-5.22881 5.83784 -0.96228
-5.18465 5.82936 -0.957893
-5.22313 5.91197 -0.968618
-5.16842 5.89137 -0.96228
-5.22866 6.00218 -0.977392
-5.24145 6.05943 -0.983729
-5.2125 6.06866 -0.982267
-5.20159 6.0989 -0.984217
-5.2378 6.18276 -0.994941
-5.17274 6.14935 -0.986654
-9.89784 19.1767 -1.13098
-9.88451 19.316 -1.13716
-9.8586 19.4324 -1.14197
-9.84994 19.5844 -1.14888
-9.82875 19.7134 -1.15443
-9.82705 19.8748 -1.16196
-9.81037 20.0166 -1.16824
-9.78756 20.1477 -1.1739
-9.7605 20.2717 -1.17913
-9.71806 20.3652 -1.18258
-11.5956 26.9247 -0.511705
-11.5863 27.1637 -0.515474
-11.5725 27.3825 -0.518895
-11.5542 27.5941 -0.522176
-11.5482 27.8522 -0.526295
-11.5007 28.0276 -0.528808
-11.4841 28.2676 -0.532578
-11.4649 28.4911 -0.536068
-11.432 28.6981 -0.53921
-11.4183 28.9574 -0.543328
-11.3789 29.1704 -0.54654
-11.3664 29.4413 -0.550868
-11.3401 29.6656 -0.554358
-11.31 29.8995 -0.557988
-11.3034 30.184 -0.562596
