1.84689 0.117519 0.00418863 -0.000115373
2.41147 3.57919 -1.1564
2.40767 3.54677 -1.14864
2.39713 3.50486 -1.13777
2.39778 3.48098 -1.13259
2.39891 3.45672 -1.12742
2.39767 3.42933 -1.1212
2.39183 3.39567 -1.11292
2.39137 3.36997 -1.10723
2.3829 3.33331 -1.09791
2.47196 4.24556 -1.1342
2.4742 4.21716 -1.1288
2.45742 4.15693 -1.11486
2.45396 4.1182 -1.10676
2.45298 4.08245 -1.09956
2.4551 4.05386 -1.09416
2.45838 4.02906 -1.08966
2.4561 3.99389 -1.08246
2.56163 5.10878 -1.11089
2.5635 5.06827 -1.10402
2.55352 5.00508 -1.09219
2.54223 4.94028 -1.07998
2.54323 4.90219 -1.07349
2.54212 4.85849 -1.06586
2.54532 4.82355 -1.06013
2.64765 6.34184 -1.08847
2.67207 6.33802 -1.08941
2.6818 6.29958 -1.0844
2.67725 6.22847 -1.07377
2.6683 6.14842 -1.06156
2.66121 6.07393 -1.0503
2.65443 6.00137 -1.03935
2.65523 5.94698 -1.03153
2.8486 8.04866 -1.04832
2.86196 7.99755 -1.04296
2.84461 7.86244 -1.02663
2.83113 7.74061 -1.012
2.82509 7.6413 -1.0003
2.81978 7.54586 -0.989092
3.03189 10.9031 -0.990089
3.06669 10.8809 -0.989043
3.09918 10.851 -0.9873
3.1315 10.821 -0.985557
3.14888 10.7474 -0.979805
3.13082 10.5492 -0.962722
3.10683 10.3359 -0.944245
3.08777 10.144 -0.927686
