0.583746 0.160699 -0.0100276 0.000291833
1.039 4.739 -1.723
1.05 4.717 -1.716
1.058 4.685 -1.705
1.095 4.647 -1.694
1.107 4.633 -1.69
1.112 4.622 -1.686
1.138 4.664 -1.704
1.144 4.628 -1.691
1.163 4.64 -1.698
1.17 4.606 -1.686
1.178 4.577 -1.676
1.195 4.586 -1.681
1.2 4.575 -1.677
1.213 4.567 -1.676
1.225 4.553 -1.672
1.08 6.596 -1.693
1.083 6.486 -1.664
1.112 6.47 -1.661
1.139 6.508 -1.672
1.159 6.5 -1.671
1.177 6.484 -1.667
1.199 6.487 -1.669
1.208 6.425 -1.653
1.221 6.44 -1.658
1.24 6.428 -1.656
1.26 6.421 -1.655
1.28 6.417 -1.655
1.296 6.394 -1.65
1.312 6.371 -1.644
1.334 6.376 -1.647
1.346 6.383 -1.65
1.365 6.372 -1.647
1.383 6.358 -1.645
1.402 6.35 -1.644
1.417 6.323 -1.638
1.215 7.599 -1.66
1.231 7.543 -1.647
1.247 7.491 -1.636
1.268 7.474 -1.633
1.281 7.476 -1.634
1.302 7.462 -1.632
1.326 7.456 -1.631
1.349 7.45 -1.631
1.369 7.43 -1.627
1.392 7.422 -1.626
1.404 7.422 -1.627
1.425 7.404 -1.623
1.448 7.399 -1.623
1.472 7.399 -1.624
1.489 7.363 -1.617
1.512 7.359 -1.617
1.533 7.34 -1.614
1.544 7.336 -1.613
1.561 7.303 -1.607
1.584 7.298 -1.607
1.603 7.276 -1.603
1.62 7.244 -1.596
1.329 8.995 -1.636
1.352 8.952 -1.628
1.376 8.923 -1.623
1.39 8.921 -1.623
1.417 8.908 -1.622
1.442 8.886 -1.619
1.467 8.864 -1.615
1.492 8.84 -1.611
1.516 8.812 -1.607
1.529 8.808 -1.606
1.554 8.786 -1.603
1.578 8.76 -1.599
1.606 8.759 -1.6
1.627 8.717 -1.592
1.653 8.704 -1.591
1.678 8.691 -1.589
1.689 8.671 -1.586
1.33 10.845 -1.61
1.359 10.795 -1.603
1.392 10.783 -1.601
1.406 10.763 -1.598
1.436 10.732 -1.594
1.47 10.723 -1.593
1.498 10.681 -1.587
1.531 10.669 -1.586
1.56 10.638 -1.582
1.593 10.63 -1.582
1.604 10.59 -1.576
1.635 10.567 -1.573
1.667 10.552 -1.571
1.696 10.522 -1.567
1.727 10.503 -1.565
1.756 10.478 -1.562
1.774 10.479 -1.562
1.801 10.442 -1.557
1.441 13.817 -1.578
1.482 13.783 -1.574
1.518 13.715 -1.566
1.558 13.689 -1.563
1.577 13.661 -1.56
1.616 13.626 -1.556
1.657 13.603 -1.553
1.694 13.551 -1.547
1.733 13.524 -1.545
1.77 13.477 -1.539
1.812 13.464 -1.538
1.829 13.433 -1.535
1.866 13.394 -1.53
1.904 13.359 -1.527
1.601 17.659 -1.541
1.641 17.488 -1.525
1.692 17.445 -1.521
1.733 17.299 -1.507
1.78 17.222 -1.5
1.802 17.173 -1.496
1.855 17.16 -1.495
1.905 17.112 -1.491
1.952 17.053 -1.486
2.22 22.216 -1.444
2.28 22.111 -1.437
2.34 22.011 -1.43
2.403 21.95 -1.426
2.465 21.877 -1.421
2.526 21.806 -1.416
2.549 21.703 -1.409
2.596 21.518 -1.396
2.621 21.165 -1.37
2.817 30.765 -1.348
2.891 30.506 -1.335
2.971 30.334 -1.327
3.001 30.154 -1.318
3.082 30.009 -1.311
3.158 29.825 -1.302
3.236 29.674 -1.295
