2.6596 -0.222712 0.0146306 -0.000224186
1.095 5.233 -1.7
1.101 5.179 -1.683
1.165 5.161 -1.682
1.171 5.15 -1.678
1.185 5.137 -1.675
1.203 5.141 -1.678
1.216 5.126 -1.674
1.231 5.117 -1.672
1.253 5.135 -1.68
1.258 5.09 -1.665
1.267 5.092 -1.667
1.28 5.073 -1.662
1.293 5.06 -1.658
1.311 5.063 -1.661
1.326 5.057 -1.66
1.343 5.057 -1.662
1.357 5.045 -1.659
1.362 5.032 -1.655
1.377 5.026 -1.654
1.391 5.015 -1.652
1.404 5.001 -1.649
1.112 5.803 -1.707
1.121 5.753 -1.692
1.128 5.743 -1.69
1.145 5.732 -1.688
1.16 5.716 -1.684
1.177 5.706 -1.682
1.2 5.725 -1.689
1.217 5.716 -1.687
1.231 5.695 -1.682
1.243 5.706 -1.686
1.254 5.67 -1.676
1.27 5.661 -1.674
1.291 5.672 -1.679
1.303 5.642 -1.671
1.323 5.645 -1.673
1.336 5.62 -1.666
1.347 5.627 -1.669
1.362 5.614 -1.666
1.383 5.621 -1.67
1.395 5.594 -1.663
1.409 5.577 -1.659
1.427 5.572 -1.659
1.443 5.562 -1.657
1.448 5.547 -1.653
1.473 5.57 -1.662
1.482 5.536 -1.652
1.497 5.522 -1.649
1.775 6.244 -1.641
1.786 6.206 -1.632
1.799 6.178 -1.625
1.811 6.149 -1.619
1.821 6.11 -1.609
1.824 6.086 -1.603
1.831 6.04 -1.592
1.839 5.995 -1.581
1.237 7.657 -1.674
1.258 7.632 -1.669
1.28 7.618 -1.666
1.292 7.618 -1.667
1.315 7.608 -1.665
1.338 7.598 -1.664
1.359 7.577 -1.66
1.382 7.568 -1.659
1.403 7.549 -1.655
1.425 7.537 -1.654
1.437 7.532 -1.653
1.459 7.522 -1.652
1.481 7.506 -1.649
1.503 7.494 -1.647
1.524 7.479 -1.645
1.545 7.461 -1.642
1.566 7.445 -1.639
1.576 7.435 -1.637
1.598 7.422 -1.636
1.621 7.413 -1.635
1.642 7.401 -1.633
1.662 7.38 -1.629
1.683 7.365 -1.627
1.705 7.356 -1.626
1.715 7.344 -1.624
1.83 8.738 -1.604
1.852 8.706 -1.599
1.874 8.677 -1.594
1.902 8.675 -1.595
1.908 8.635 -1.588
1.92 8.558 -1.574
1.936 8.506 -1.565
1.945 8.424 -1.549
1.31 11.124 -1.653
1.327 10.966 -1.629
1.36 10.951 -1.627
1.394 10.94 -1.626
1.426 10.916 -1.623
1.443 10.916 -1.623
1.472 10.868 -1.616
1.503 10.844 -1.613
1.535 10.82 -1.61
1.566 10.797 -1.607
1.598 10.779 -1.605
1.628 10.75 -1.601
1.614 13.976 -1.6
1.626 13.889 -1.589
1.66 13.809 -1.58
1.698 13.76 -1.574
1.739 13.739 -1.572
1.779 13.708 -1.569
1.817 13.663 -1.564
1.857 13.636 -1.561
1.876 13.615 -1.559
1.915 13.584 -1.555
1.956 13.568 -1.554
1.993 13.524 -1.549
1.778 18.046 -1.581
1.812 17.817 -1.559
1.866 17.791 -1.557
1.911 17.68 -1.547
1.932 17.618 -1.541
1.981 17.548 -1.534
2.031 17.501 -1.53
2.385 22.784 -1.487
2.448 22.699 -1.481
2.51 22.604 -1.475
2.567 22.477 -1.466
2.63 22.396 -1.46
2.655 22.307 -1.454
2.718 22.243 -1.45
2.806 22.383 -1.461
2.813 21.873 -1.424
3.132 31.48 -1.385
3.264 31.314 -1.377
3.339 31.081 -1.366
3.416 30.884 -1.357
3.494 30.706 -1.348
3.572 30.528 -1.34
3.6 30.36 -1.332
