-6.49652 -3.56675 0.737143 -0.0239996
-4.528 2.011 -1.224
-4.61 2.065 -1.25
-4.684 2.115 -1.274
-4.685 2.124 -1.275
-4.681 2.141 -1.276
-4.756 4.73 -1.431
-4.773 4.777 -1.441
-4.774 4.808 -1.447
-4.776 4.84 -1.452
-4.779 4.874 -1.458
-4.782 4.907 -1.464
-4.776 4.916 -1.465
-4.78 4.952 -1.471
-4.789 4.992 -1.479
-4.786 5.02 -1.484
-4.789 5.055 -1.49
-1.978 8.813 -1.624
-1.967 8.827 -1.627
-1.948 8.87 -1.634
-1.922 8.888 -1.636
-1.892 8.884 -1.634
-1.87 8.915 -1.639
-1.836 8.894 -1.634
-1.81 8.907 -1.635
-1.8 8.929 -1.639
-1.769 8.923 -1.637
-1.745 8.95 -1.641
-1.718 8.957 -1.641
-1.692 8.974 -1.644
-1.663 8.976 -1.643
-1.655 9.011 -1.649
-1.625 9.01 -1.648
-1.6 9.031 -1.651
-1.572 9.04 -1.652
-1.547 9.064 -1.656
-1.52 9.077 -1.657
-1.498 9.118 -1.665
-1.482 9.111 -1.663
-1.453 9.113 -1.662
-1.427 9.137 -1.666
-1.401 9.155 -1.669
-1.373 9.166 -1.67
-1.352 9.222 -1.68
-1.916 10.751 -1.609
-1.886 10.774 -1.612
-1.851 10.776 -1.611
-1.82 10.795 -1.613
-1.807 10.822 -1.617
-1.771 10.82 -1.616
-1.741 10.848 -1.619
-1.708 10.86 -1.62
-1.675 10.875 -1.622
-1.646 10.911 -1.627
-1.613 10.924 -1.628
-1.596 10.929 -1.629
-1.567 10.971 -1.635
-1.533 10.978 -1.635
-1.503 11.012 -1.64
-1.47 11.032 -1.642
-1.437 11.046 -1.644
-1.405 11.078 -1.648
-1.39 11.096 -1.651
-1.356 11.11 -1.652
-1.327 11.161 -1.66
-1.63 13.998 -1.603
-1.59 14.035 -1.607
-1.548 14.059 -1.61
-1.509 14.116 -1.616
-1.467 14.146 -1.62
-1.449 14.188 -1.625
-1.407 14.216 -1.628
-1.366 14.262 -1.633
-1.322 14.28 -1.635
-1.247 14.464 -1.657
-1.735 17.916 -1.568
-1.686 17.991 -1.575
-1.633 18.034 -1.578
-1.61 18.096 -1.584
-1.558 18.156 -1.59
-1.508 18.249 -1.598
-1.454 18.297 -1.603
-1.398 18.321 -1.605
-1.352 18.472 -1.619
-1.994 23.611 -1.545
-1.923 23.663 -1.548
-1.891 23.725 -1.552
-1.823 23.813 -1.558
-1.754 23.894 -1.564
-1.686 24.001 -1.572
-1.617 24.101 -1.579
-1.549 24.23 -1.588
-1.517 24.33 -1.595
-2.595 33.717 -1.494
-2.499 33.856 -1.501
-2.401 33.977 -1.507
-2.296 34.011 -1.508
-2.199 34.165 -1.515
-2.097 34.27 -1.52
-2.052 34.405 -1.527
-1.948 34.491 -1.531
-1.846 34.618 -1.537
-1.749 34.841 -1.548
