-4.05698 -0.0408257 0.00473972 -6.37778e-05
-4.186 3.804 -1.629
-4.198 3.839 -1.639
-4.194 3.86 -1.643
-4.184 3.875 -1.643
-4.179 3.894 -1.646
-4.175 3.915 -1.65
-4.167 3.932 -1.652
-4.174 3.952 -1.658
-4.166 3.969 -1.659
-4.165 3.992 -1.664
-4.156 4.009 -1.666
-4.146 4.025 -1.667
-4.139 4.043 -1.669
-4.146 4.075 -1.678
-4.141 4.083 -1.678
-4.132 4.1 -1.68
-4.138 4.132 -1.688
-4.196 4.887 -1.627
-4.194 4.916 -1.633
-4.19 4.943 -1.638
-4.183 4.966 -1.641
-4.184 4.998 -1.648
-4.183 5.014 -1.651
-4.167 5.027 -1.651
-4.169 5.061 -1.658
-4.158 5.08 -1.661
-4.157 5.111 -1.667
-4.144 5.128 -1.668
-4.141 5.158 -1.674
-4.139 5.172 -1.677
-4.135 5.2 -1.682
-4.198 6.178 -1.607
-4.191 6.209 -1.612
-4.172 6.224 -1.613
-4.167 6.258 -1.618
-4.157 6.286 -1.623
-4.155 6.326 -1.63
-4.153 6.344 -1.633
-4.15 6.383 -1.641
-4.143 6.416 -1.646
-4.133 6.445 -1.65
-4.127 6.479 -1.656
-4.117 6.509 -1.661
-4.152 7.855 -1.596
-4.139 7.891 -1.601
-4.126 7.926 -1.606
-4.121 7.977 -1.614
-4.12 8.005 -1.619
-4.11 8.047 -1.625
-4.106 8.102 -1.634
-4.092 8.138 -1.639
-4.076 8.17 -1.643
-4.063 8.207 -1.649
-4.103 9.849 -1.569
-4.088 9.902 -1.576
-4.081 9.971 -1.586
-4.062 10.015 -1.591
-4.053 10.083 -1.6
-4.06 10.148 -1.61
-4.044 10.199 -1.617
-4.027 10.25 -1.624
-3.942 13.042 -1.543
-3.925 13.136 -1.554
-3.907 13.228 -1.565
-3.888 13.319 -1.575
-3.869 13.411 -1.586
-3.872 13.501 -1.597
-3.791 16.781 -1.49
-3.77 16.937 -1.504
-3.741 17.057 -1.515
-3.716 17.201 -1.528
-3.686 17.326 -1.54
-3.651 17.427 -1.549
-3.395 22.204 -1.454
-3.354 22.406 -1.468
-3.311 22.602 -1.482
-3.265 22.788 -1.495
-3.208 22.897 -1.502
-3.176 22.933 -1.505
-2.688 31.691 -1.393
-2.59 31.713 -1.394
-2.495 31.783 -1.397
-2.449 31.835 -1.4
-2.356 31.932 -1.404
-2.257 31.965 -1.405
-2.16 32.018 -1.408
-2.062 32.06 -1.41
-1.966 32.146 -1.414
-1.871 32.252 -1.419
-1.822 32.291 -1.42
-1.718 32.249 -1.418
-1.621 32.332 -1.422
-1.521 32.381 -1.424
-1.421 32.409 -1.425
-1.322 32.489 -1.429
-1.223 32.571 -1.433
-1.176 32.687 -1.439
-1.077 32.802 -1.444
