3.19147 -0.477619 0.0670174 -0.00244598
2.152 4.251 -1.691
2.155 4.225 -1.682
2.159 4.216 -1.68
2.162 4.19 -1.672
2.166 4.165 -1.664
2.173 4.146 -1.659
2.179 4.126 -1.653
2.184 4.105 -1.647
2.19 4.101 -1.647
2.195 4.079 -1.64
2.177 5.386 -1.676
2.18 5.37 -1.672
2.184 5.33 -1.661
2.189 5.294 -1.652
2.199 5.272 -1.646
2.204 5.238 -1.637
2.214 5.214 -1.632
2.227 5.2 -1.629
2.222 5.166 -1.619
3.107 10.469 -1.609
3.119 10.387 -1.597
3.148 10.366 -1.595
3.15 10.256 -1.578
3.132 10.083 -1.551
1.647 18.51 -1.625
1.748 18.331 -1.609
1.804 18.316 -1.608
1.858 18.268 -1.603
1.884 18.24 -1.601
1.938 18.208 -1.598
1.993 18.184 -1.597
2.049 18.164 -1.595
2.107 18.163 -1.596
2.162 18.145 -1.595
2.221 18.151 -1.596
2.25 18.154 -1.597
2.301 18.093 -1.591
2.353 18.053 -1.588
2.407 18.025 -1.586
2.462 18.002 -1.584
2.516 17.974 -1.582
2.572 17.964 -1.582
2.594 17.921 -1.578
2.651 17.913 -1.578
2.701 17.867 -1.575
2.755 17.841 -1.573
