-5.93347 0.271751 -0.0144326 0.000232364
-4.595 9.714 -1.581
-4.587 9.777 -1.59
-4.568 9.816 -1.594
-4.562 9.884 -1.603
-4.56 9.961 -1.614
-4.54 10.001 -1.619
-4.531 10.064 -1.627
-4.538 10.121 -1.636
-4.519 13.28 -1.595
-4.501 13.363 -1.604
-4.484 13.455 -1.615
-4.493 13.552 -1.627
-4.474 13.64 -1.637
-4.459 13.74 -1.648
-4.51 17.399 -1.565
-4.489 17.543 -1.578
-4.467 17.69 -1.592
-4.479 17.853 -1.608
-4.457 18.002 -1.621
-4.409 18.051 -1.625
-4.465 23.28 -1.545
-4.434 23.516 -1.562
-4.403 23.763 -1.58
-4.371 24.008 -1.597
-4.342 24.064 -1.601
-4.273 24.113 -1.603
-4.198 24.132 -1.604
-3.909 36.461 -1.427
-3.842 36.934 -1.448
-3.77 37.383 -1.468
-3.667 37.548 -1.474
-3.557 37.641 -1.478
-3.504 37.714 -1.481
-3.392 37.801 -1.484
-3.279 37.877 -1.487
-3.172 38.032 -1.494
-28.858 36.581 -0.772
-28.793 36.734 -0.774
-28.736 36.9 -0.776
-28.736 37.02 -0.778
-28.673 37.18 -0.779
-28.612 37.343 -0.781
-28.564 37.525 -0.784
-28.499 37.684 -0.786
-28.442 37.855 -0.788
-28.455 37.996 -0.79
-28.398 38.17 -0.792
-28.34 38.343 -0.795
-28.295 38.535 -0.797
-28.228 38.698 -0.799
-28.175 38.882 -0.802
-28.112 39.051 -0.804
-28.101 39.167 -0.806
-28.051 39.358 -0.808
-27.978 39.518 -0.81
-27.921 39.7 -0.813
-27.864 39.886 -0.815
-27.795 40.054 -0.817
-27.731 40.232 -0.819
-27.765 40.417 -0.823
