-1.1712 -0.046364 -0.000548937 -2.81423e-05
-1.737 6.48 -1.7
-1.72 6.499 -1.704
-1.701 6.508 -1.705
-1.681 6.517 -1.706
-1.66 6.52 -1.705
-1.654 6.538 -1.709
-1.63 6.53 -1.706
-1.613 6.548 -1.709
-1.595 6.564 -1.712
-1.575 6.573 -1.714
-1.556 6.582 -1.715
-1.533 6.577 -1.712
-1.528 6.602 -1.718
-1.508 6.611 -1.719
-1.493 6.64 -1.726
-1.468 6.63 -1.722
-1.452 6.653 -1.727
-1.432 6.661 -1.728
-1.41 6.664 -1.728
-1.4 6.666 -1.728
-1.377 6.663 -1.726
-1.362 6.695 -1.733
-1.342 6.704 -1.734
-1.281 6.727 -1.738
-1.281 6.786 -1.753
-1.88 11.252 -1.686
-1.848 11.281 -1.69
-1.814 11.297 -1.692
-1.781 11.318 -1.694
-1.75 11.353 -1.699
-1.716 11.368 -1.7
-1.683 11.391 -1.703
-1.666 11.398 -1.704
-1.637 11.45 -1.711
-1.607 11.502 -1.719
-1.579 11.559 -1.727
-1.511 11.61 -1.734
-1.498 11.652 -1.74
-2.339 15.237 -1.693
-2.293 15.256 -1.695
-2.248 15.283 -1.697
-2.205 15.321 -1.701
-2.157 15.328 -1.701
-2.14 15.383 -1.707
-2.097 15.427 -1.712
-2.051 15.451 -1.714
-2.007 15.495 -1.719
-1.966 15.564 -1.727
-1.923 15.613 -1.732
-1.88 15.67 -1.738
-1.86 15.713 -1.743
-2.641 19.088 -1.693
-2.584 19.12 -1.695
-2.53 19.174 -1.699
-2.507 19.231 -1.705
-2.452 19.278 -1.709
-2.399 19.345 -1.714
-2.345 19.412 -1.72
-2.287 19.439 -1.722
-2.233 19.509 -1.729
-2.18 19.587 -1.736
-2.157 19.662 -1.743
-3.53 25.47 -1.693
-3.46 25.55 -1.699
-3.381 25.571 -1.699
-3.306 25.621 -1.702
-3.232 25.684 -1.706
-3.158 25.75 -1.71
-3.129 25.846 -1.717
-3.061 25.97 -1.726
-2.993 26.097 -1.734
-2.848 26.287 -1.747
-4.94 37.24 -1.683
-4.834 37.344 -1.687
-4.736 37.512 -1.695
-4.64 37.701 -1.704
-4.609 37.936 -1.715
-4.512 38.139 -1.725
-4.298 38.399 -1.736
