12.0676 -4.38925 0.563377 -0.0198773
6.171 3.767 -1.552
6.042 3.675 -1.515
6.19 3.739 -1.552
6.185 3.709 -1.548
6.174 3.676 -1.541
6.2 3.665 -1.545
6.205 3.642 -1.544
6.212 3.633 -1.544
6.148 3.569 -1.524
6.048 3.485 -1.494
6.024 3.446 -1.484
1.23 13.904 -1.586
1.273 13.886 -1.584
1.314 13.854 -1.581
1.355 13.828 -1.578
1.397 13.812 -1.576
1.436 13.77 -1.571
1.48 13.764 -1.571
1.5 13.747 -1.569
1.536 13.682 -1.562
1.576 13.657 -1.559
1.617 13.634 -1.557
1.656 13.6 -1.553
1.696 13.573 -1.55
1.717 13.562 -1.549
1.757 13.543 -1.547
1.797 13.516 -1.545
1.838 13.496 -1.543
1.876 13.463 -1.539
1.92 13.465 -1.54
1.959 13.437 -1.537
1.977 13.414 -1.535
6.946 12.251 -1.27
6.946 12.163 -1.262
6.95 12.081 -1.254
6.955 12.002 -1.248
6.935 11.926 -1.24
6.964 11.889 -1.238
6.969 11.812 -1.231
6.967 11.725 -1.223
6.987 11.676 -1.22
6.976 11.574 -1.21
5.912 21.962 -1.475
5.93 21.891 -1.47
5.977 21.795 -1.464
6.03 21.718 -1.46
6.081 21.64 -1.455
6.135 21.571 -1.451
6.185 21.488 -1.446
6.234 21.407 -1.442
6.26 21.369 -1.439
6.313 21.301 -1.436
6.364 21.23 -1.432
6.391 21.078 -1.422
1.626 34.389 -1.525
1.731 34.318 -1.522
1.781 34.244 -1.518
1.883 34.134 -1.513
1.981 33.959 -1.504
2.076 33.769 -1.495
2.175 33.644 -1.489
2.277 33.588 -1.487
2.384 33.596 -1.488
2.429 33.483 -1.482
2.53 33.427 -1.48
2.632 33.371 -1.477
2.729 33.277 -1.473
