10.5264 -0.291566 -0.141004 0.0185376
7.686 5.887 -1.412
7.687 5.85 -1.409
7.689 5.832 -1.407
7.683 5.79 -1.402
7.681 5.75 -1.398
7.699 5.726 -1.398
7.693 5.684 -1.394
7.69 5.644 -1.389
7.705 5.618 -1.389
7.691 5.59 -1.384
7.694 5.555 -1.382
7.701 5.523 -1.379
7.703 5.488 -1.377
7.745 5.481 -1.381
7.738 5.44 -1.377
7.708 5.4 -1.369
7.686 5.349 -1.362
7.696 5.32 -1.36
7.864 7.372 -1.255
7.828 7.292 -1.244
7.81 7.23 -1.236
7.841 7.213 -1.238
7.836 7.163 -1.233
7.758 7.046 -1.214
7.757 7.023 -1.212
7.794 6.968 -1.211
7.712 6.851 -1.192
7.682 6.065 -0.886
7.682 6.026 -0.883
7.692 5.995 -0.882
7.681 5.947 -0.878
7.692 5.936 -0.878
7.669 5.881 -0.872
7.686 5.855 -0.872
7.687 5.818 -0.869
7.688 5.78 -0.867
7.69 5.744 -0.865
7.695 5.711 -0.863
7.684 5.683 -0.86
7.684 5.646 -0.858
7.697 5.618 -0.857
7.694 5.579 -0.854
7.687 5.537 -0.851
7.701 5.511 -0.85
7.702 5.475 -0.848
7.73 5.477 -0.851
7.783 5.478 -0.856
7.686 5.373 -0.84
7.69 5.34 -0.839
7.697 5.309 -0.837
7.701 5.275 -0.835
0.391999 24.063 -1.572
0.466999 24.031 -1.57
0.503999 24.019 -1.569
0.577999 23.967 -1.565
0.652999 23.943 -1.564
0.727999 23.917 -1.562
0.800999 23.867 -1.558
0.874999 23.84 -1.557
0.948999 23.807 -1.554
0.984999 23.776 -1.552
1.06 23.769 -1.552
1.134 23.753 -1.551
1.207 23.716 -1.548
1.27 23.491 -1.532
1.322 23.096 -1.503
2.504 47.131 -0.785
2.54 46.438 -0.77
2.654 45.887 -0.759
2.766 45.356 -0.748
2.878 44.886 -0.738
2.973 44.188 -0.724
