-1.36678 0.122352 -0.0255981 0.000639587
-3.13 5.456 -1.586
-3.122 5.483 -1.591
-3.111 5.503 -1.595
-3.097 5.517 -1.596
-3.083 5.514 -1.594
-3.068 5.527 -1.595
-3.057 5.548 -1.598
-3.037 5.553 -1.597
-3.031 5.584 -1.603
-3.009 5.585 -1.601
-3.004 5.619 -1.608
-2.991 5.615 -1.606
-2.977 5.631 -1.608
-2.967 5.656 -1.612
-2.947 5.66 -1.611
-2.935 5.681 -1.614
-2.919 5.694 -1.616
-2.899 5.698 -1.614
-2.892 5.707 -1.616
-2.861 5.691 -1.608
-2.849 5.71 -1.611
-2.825 5.707 -1.607
-2.816 5.735 -1.613
-2.816 5.78 -1.624
-2.821 5.835 -1.638
-1.829 7.314 -1.623
-1.807 7.324 -1.624
-1.79 7.356 -1.631
-1.776 7.349 -1.628
-1.757 7.37 -1.632
-1.732 7.368 -1.63
-1.712 7.387 -1.633
-1.689 7.394 -1.634
-1.673 7.432 -1.641
-1.649 7.431 -1.64
-1.638 7.437 -1.641
-1.62 7.467 -1.647
-1.599 7.482 -1.649
-1.573 7.479 -1.647
-1.559 7.526 -1.657
-1.549 7.6 -1.674
-2.129 8.598 -1.59
-2.104 8.612 -1.592
-2.082 8.638 -1.596
-2.056 8.65 -1.597
-2.044 8.661 -1.598
-2.017 8.667 -1.598
-1.992 8.681 -1.6
-1.964 8.687 -1.6
-1.941 8.712 -1.604
-1.914 8.72 -1.604
-1.885 8.717 -1.602
-1.876 8.741 -1.606
-1.849 8.749 -1.607
-1.824 8.768 -1.609
-1.798 8.783 -1.611
-1.772 8.793 -1.612
-1.747 8.812 -1.615
-1.725 8.846 -1.62
-1.712 8.856 -1.622
-1.686 8.867 -1.623
-1.662 8.896 -1.628
-1.641 8.94 -1.635
-1.621 8.989 -1.644
-2.24 10.383 -1.561
-2.21 10.402 -1.563
-2.176 10.405 -1.563
-2.146 10.421 -1.564
-2.117 10.449 -1.568
-2.085 10.458 -1.568
-2.071 10.472 -1.57
-2.041 10.496 -1.573
-2.01 10.514 -1.575
-1.98 10.536 -1.577
-1.946 10.538 -1.577
-1.913 10.541 -1.576
-1.882 10.56 -1.578
-1.869 10.583 -1.581
-1.836 10.592 -1.582
-1.806 10.617 -1.585
-1.774 10.631 -1.586
-1.754 10.716 -1.599
-1.734 10.802 -1.612
-2.485 13.152 -1.513
-2.445 13.169 -1.514
-2.407 13.193 -1.516
-2.37 13.226 -1.519
-2.33 13.247 -1.521
-2.31 13.252 -1.521
-2.269 13.263 -1.522
-2.228 13.274 -1.522
-2.191 13.309 -1.526
-2.148 13.31 -1.525
-2.109 13.334 -1.527
-2.071 13.366 -1.531
-2.052 13.385 -1.533
-2.011 13.399 -1.534
-1.97 13.407 -1.534
-1.932 13.445 -1.538
-1.895 13.488 -1.543
-1.882 13.712 -1.571
-3.899 15.764 -1.395
-3.862 15.826 -1.4
-3.844 15.861 -1.403
-3.8 15.896 -1.405
-3.762 15.959 -1.41
-3.72 16.007 -1.414
-3.682 16.071 -1.419
-3.632 16.085 -1.419
-3.615 16.127 -1.423
-3.571 16.168 -1.426
-3.527 16.212 -1.429
-3.479 16.236 -1.431
-3.46 16.397 -1.446
-4.22 19.979 -1.303
-4.168 20.045 -1.307
-4.119 20.126 -1.312
-4.068 20.196 -1.317
-4.008 20.228 -1.318
-3.954 20.291 -1.322
-3.931 20.34 -1.325
-3.88 20.421 -1.33
-3.835 20.535 -1.338
-3.777 20.585 -1.341
-3.741 20.753 -1.353
-4.698 26.48 -1.147
-4.638 26.626 -1.154
-4.568 26.719 -1.158
-4.542 26.825 -1.163
-4.472 26.92 -1.167
-4.406 27.048 -1.172
-4.336 27.158 -1.177
-4.267 27.275 -1.183
-4.202 27.424 -1.19
-4.095 27.59 -1.197
