38.2885 -10.5731 0.9885 -0.0294614
10.799 1.352 -2.302
10.774 1.315 -2.295
10.765 1.279 -2.292
10.767 1.245 -2.292
10.757 1.21 -2.289
10.759 1.176 -2.288
10.755 1.141 -2.287
10.751 1.124 -2.285
10.741 1.089 -2.282
10.748 1.055 -2.283
10.745 1.021 -2.282
10.727 0.985 -2.277
10.722 0.951 -2.275
10.721 0.917 -2.275
10.711 0.899 -2.272
10.706 0.865 -2.27
10.711 0.831 -2.271
10.709 0.797 -2.27
10.69 0.762001 -2.265
10.703 0.729 -2.267
10.696 0.712 -2.265
10.704 0.679 -2.267
10.698 0.645 -2.265
10.685 0.61 -2.261
10.675 0.576 -2.259
10.673 0.542 -2.258
10.68 0.509 -2.259
10.673 0.492 -2.258
10.661 0.458 -2.255
10.653 0.424 -2.252
10.654 0.391 -2.252
10.651 0.357 -2.251
19.579 1.24 -2.808
19.518 1.174 -2.798
19.508 1.143 -2.796
19.482 1.08 -2.792
19.432 1.016 -2.784
19.419 0.954001 -2.781
19.402 0.892001 -2.778
19.383 0.830001 -2.775
19.352 0.768001 -2.77
19.337 0.737001 -2.767
19.332 0.676001 -2.766
19.306 0.615001 -2.762
19.3 0.554001 -2.761
19.282 0.493001 -2.758
30.693 1.186 -3.396
30.631 1.087 -3.388
30.557 0.988001 -3.379
30.438 0.937001 -3.365
30.391 0.840001 -3.359
30.368 0.744001 -3.356
30.318 0.647001 -3.35
30.266 0.551001 -3.344
