-1.44999 -0.0199353 0.00164154 -3.56932e-05
-1.49 6.266 -1.627
-1.473 6.282 -1.63
-1.454 6.29 -1.631
-1.434 6.295 -1.631
-1.425 6.301 -1.632
-1.408 6.317 -1.635
-1.39 6.33 -1.638
-1.368 6.325 -1.635
-1.357 6.367 -1.646
-1.338 6.379 -1.648
-1.326 6.372 -1.645
-1.308 6.382 -1.647
-1.288 6.388 -1.647
-1.272 6.41 -1.653
-1.252 6.418 -1.654
-1.232 6.424 -1.654
-1.214 6.435 -1.656
-1.181 6.43 -1.653
-1.16 6.428 -1.652
-1.147 6.473 -1.663
-1.099 6.435 -1.651
-1.089 6.499 -1.667
-1.086 6.544 -1.679
-4.334 5.063 -1.421
-4.323 5.083 -1.423
-4.324 5.116 -1.428
-4.333 5.159 -1.437
-4.331 5.173 -1.44
-4.328 5.203 -1.445
-4.339 5.25 -1.455
-4.328 5.269 -1.456
-4.324 5.298 -1.461
-4.337 5.348 -1.472
-4.778 6.174 -1.387
-4.834 6.287 -1.411
-4.869 6.372 -1.428
-4.903 6.437 -1.442
-4.899 6.474 -1.447
-4.894 6.51 -1.452
-1.546 13.447 -1.532
-1.506 13.471 -1.534
-1.466 13.498 -1.537
-1.426 13.534 -1.541
-1.385 13.546 -1.542
-1.366 13.578 -1.546
-1.326 13.61 -1.55
-1.288 13.657 -1.555
-1.249 13.709 -1.561
-1.208 13.742 -1.565
-1.167 13.764 -1.567
-1.112 13.898 -1.584
-1.581 17.173 -1.494
-1.557 17.209 -1.497
-1.505 17.242 -1.5
-1.455 17.288 -1.504
-1.405 17.356 -1.51
-1.359 17.462 -1.52
-1.315 17.615 -1.535
-1.264 17.676 -1.54
-1.239 17.71 -1.544
-1.819 22.396 -1.454
-1.754 22.473 -1.46
-1.686 22.515 -1.462
-1.62 22.58 -1.467
-1.551 22.606 -1.468
-1.484 22.681 -1.474
-1.412 22.665 -1.472
-1.38 22.723 -1.476
-1.311 22.779 -1.48
-1.241 22.803 -1.481
-1.172 22.853 -1.485
-1.105 22.97 -1.493
-1.041 23.147 -1.506
-2.435 35.992 -1.401
-2.328 36.101 -1.405
-2.217 36.14 -1.407
-2.111 36.273 -1.412
-2.057 36.336 -1.415
-1.947 36.414 -1.418
-1.834 36.454 -1.42
-1.721 36.505 -1.422
-1.613 36.662 -1.429
-1.506 36.871 -1.438
-1.398 37.087 -1.447
-1.345 37.237 -1.454
