7.40107 -0.786874 -0.356086 0.0387778
-1.152 7.353 -1.601
-1.13 7.362 -1.602
-1.109 7.379 -1.605
-1.097 7.379 -1.605
-1.076 7.399 -1.609
-1.054 7.409 -1.61
-1.031 7.412 -1.61
-1.008 7.421 -1.612
-0.987 7.439 -1.615
-0.964 7.446 -1.616
-0.951 7.438 -1.614
-0.929 7.453 -1.617
-0.906 7.456 -1.617
-0.883 7.46 -1.617
-0.86 7.473 -1.619
-0.836 7.468 -1.618
-0.813 7.474 -1.618
-0.804 7.497 -1.623
-0.78 7.499 -1.623
-0.757 7.505 -1.624
-0.735 7.523 -1.628
-0.713 7.543 -1.632
-0.689 7.543 -1.632
-0.666 7.557 -1.634
-0.61 7.599 -1.643
-0.59 7.642 -1.652
-3.86 7.091 -1.439
-3.877 7.174 -1.454
-3.867 7.184 -1.455
-3.861 7.227 -1.462
-3.865 7.289 -1.473
-3.845 7.306 -1.474
-3.837 7.346 -1.48
-3.834 7.397 -1.489
-3.835 7.456 -1.499
-11.235 0.772 -1.663
-11.29 0.811 -1.672
-11.291 0.829 -1.673
-11.296 0.865 -1.674
-11.388 0.908 -1.689
-11.529 0.955 -1.712
-11.533 0.992 -1.713
-15.138 1.192 -1.665
-15.186 1.22 -1.671
-15.289 1.276 -1.684
-15.336 1.329 -1.691
-15.389 1.382 -1.698
-15.666 1.456 -1.732
-15.738 1.512 -1.742
