0.808602 0.0545841 -0.00289412 6.9708e-05
0.901 5.39 -1.741
0.9 5.335 -1.722
0.96 5.288 -1.71
0.975 5.274 -1.706
0.992 5.272 -1.707
1 5.269 -1.706
1.013 5.247 -1.7
1.028 5.24 -1.698
1.044 5.231 -1.696
1.056 5.208 -1.689
1.589 5.45 -1.636
1.597 5.414 -1.626
1.603 5.371 -1.613
1.607 5.354 -1.609
1.613 5.314 -1.597
1.625 5.29 -1.591
1.638 5.276 -1.588
1.649 5.251 -1.582
0.985 6.752 -1.731
1.001 6.712 -1.721
1.022 6.707 -1.72
1.031 6.696 -1.718
1.05 6.679 -1.714
1.068 6.657 -1.709
1.087 6.642 -1.706
1.106 6.627 -1.703
1.125 6.614 -1.7
1.144 6.599 -1.697
1.153 6.592 -1.695
1.171 6.571 -1.69
1.192 6.571 -1.692
1.214 6.575 -1.694
1.231 6.548 -1.687
1.247 6.52 -1.68
1.038 7.926 -1.729
1.061 7.907 -1.725
1.069 7.875 -1.718
1.092 7.86 -1.715
1.113 7.831 -1.709
1.136 7.814 -1.706
1.158 7.793 -1.702
1.181 7.778 -1.699
1.191 7.764 -1.697
1.215 7.755 -1.695
1.235 7.724 -1.689
1.257 7.707 -1.686
1.278 7.683 -1.681
1.3 7.664 -1.678
1.041 9.527 -1.731
1.068 9.498 -1.726
1.094 9.454 -1.718
1.124 9.455 -1.719
1.135 9.42 -1.712
1.161 9.385 -1.706
1.187 9.36 -1.702
1.216 9.35 -1.701
1.243 9.327 -1.697
1.269 9.297 -1.692
1.282 9.288 -1.691
1.309 9.264 -1.687
1.335 9.237 -1.682
1.362 9.225 -1.681
1.387 9.193 -1.676
1.05 11.572 -1.72
1.079 11.492 -1.708
1.094 11.451 -1.701
1.128 11.426 -1.698
1.162 11.41 -1.696
1.195 11.375 -1.691
1.23 11.367 -1.69
1.261 11.316 -1.683
1.293 11.285 -1.678
1.309 11.265 -1.676
1.34 11.224 -1.67
1.089 14.956 -1.719
1.133 14.913 -1.714
1.172 14.818 -1.702
1.192 14.777 -1.697
1.236 14.739 -1.692
1.277 14.68 -1.685
1.321 14.656 -1.683
1.363 14.607 -1.677
1.404 14.551 -1.67
1.446 14.507 -1.665
1.195 19.251 -1.694
1.25 19.162 -1.686
1.305 19.084 -1.679
1.362 19.034 -1.674
1.386 18.953 -1.666
1.439 18.863 -1.658
1.494 18.793 -1.652
1.547 18.725 -1.645
1.599 18.634 -1.637
1.386 25.696 -1.695
1.45 25.383 -1.672
1.524 25.284 -1.665
1.556 25.163 -1.656
1.63 25.074 -1.65
1.702 24.961 -1.642
1.773 24.852 -1.635
2.15 35.913 -1.603
2.303 35.648 -1.59
2.396 35.363 -1.576
2.492 35.134 -1.565
2.588 34.937 -1.555
2.685 34.764 -1.547
