2.6193 -0.298146 0.0279525 -0.00064771
1.959 3.687 -1.643
1.971 3.681 -1.643
1.965 3.657 -1.633
1.972 3.642 -1.629
1.973 3.617 -1.619
1.974 3.593 -1.611
1.98 3.577 -1.606
1.983 3.556 -1.599
1.985 3.547 -1.596
2.008 3.561 -1.606
2.02 3.557 -1.607
2.012 3.517 -1.591
1.295 5.235 -1.716
1.296 5.171 -1.695
1.307 5.145 -1.687
1.336 5.125 -1.683
1.347 5.136 -1.688
1.363 5.13 -1.687
1.379 5.124 -1.687
1.392 5.11 -1.683
1.406 5.099 -1.681
1.419 5.083 -1.677
1.433 5.072 -1.674
1.443 5.077 -1.677
1.447 5.03 -1.662
1.958 6.18 -1.639
1.974 6.161 -1.635
1.988 6.139 -1.63
2.007 6.132 -1.63
2.021 6.109 -1.625
2.04 6.101 -1.625
2.04 6.071 -1.617
2.051 6.04 -1.61
2.057 5.995 -1.599
2.068 5.965 -1.592
2.075 5.926 -1.583
1.406 7.776 -1.707
1.413 7.674 -1.684
1.424 7.666 -1.683
1.447 7.652 -1.681
1.47 7.645 -1.68
1.494 7.64 -1.68
1.517 7.628 -1.678
1.537 7.602 -1.674
1.557 7.578 -1.669
1.569 7.578 -1.669
1.59 7.561 -1.667
1.61 7.537 -1.662
1.632 7.526 -1.661
1.652 7.504 -1.657
1.564 9.185 -1.679
1.59 9.162 -1.676
1.61 9.111 -1.667
1.633 9.075 -1.661
1.661 9.062 -1.659
1.686 9.043 -1.657
1.713 9.026 -1.654
1.723 9.004 -1.65
1.753 9.006 -1.652
1.775 8.968 -1.646
1.798 8.939 -1.641
1.827 8.938 -1.642
1.85 8.907 -1.637
1.875 8.887 -1.634
1.89 8.886 -1.635
1.914 8.861 -1.631
1.936 8.828 -1.625
1.573 11.225 -1.675
1.597 11.14 -1.662
1.605 11.071 -1.651
1.638 11.056 -1.65
1.67 11.031 -1.646
1.698 10.981 -1.639
1.73 10.958 -1.636
1.76 10.925 -1.632
1.792 10.906 -1.63
1.806 10.884 -1.627
1.835 10.849 -1.622
1.881 14.135 -1.624
1.917 14.068 -1.617
1.936 13.889 -1.594
1.991 13.959 -1.604
2.031 13.93 -1.601
2.07 13.89 -1.597
2.088 13.863 -1.594
2.122 13.794 -1.586
2.158 13.742 -1.58
2.199 13.721 -1.578
2.238 13.691 -1.575
2.275 13.647 -1.57
2.138 18.18 -1.598
2.172 17.985 -1.579
2.195 17.934 -1.574
2.246 17.886 -1.57
2.296 17.831 -1.566
2.344 17.759 -1.559
2.394 17.708 -1.555
2.441 17.639 -1.549
2.487 17.566 -1.542
2.607 23.489 -1.54
2.733 23.288 -1.526
2.798 23.206 -1.521
2.858 23.098 -1.514
2.913 22.95 -1.503
2.97 22.82 -1.494
2.992 22.713 -1.487
