23.5816 -0.785553 -0.016854 -0.000316978
0.945999 18.508 -1.62
0.999999 18.431 -1.613
1.058 18.422 -1.612
1.113 18.371 -1.608
1.168 18.327 -1.604
1.195 18.298 -1.601
1.252 18.282 -1.6
1.307 18.248 -1.597
1.362 18.208 -1.593
1.416 18.168 -1.59
1.471 18.132 -1.587
1.526 18.107 -1.585
1.553 18.095 -1.584
1.608 18.068 -1.582
1.663 18.035 -1.579
1.717 18.006 -1.576
1.771 17.973 -1.574
1.827 17.961 -1.573
1.882 17.94 -1.572
1.907 17.915 -1.569
3.758 22.94 -1.512
3.816 22.84 -1.505
3.883 22.798 -1.503
3.946 22.737 -1.499
3.968 22.654 -1.493
4.036 22.623 -1.492
4.097 22.556 -1.488
4.162 22.509 -1.485
4.227 22.467 -1.483
4.292 22.426 -1.481
4.359 22.393 -1.48
4.395 22.39 -1.48
4.461 22.352 -1.478
4.523 22.299 -1.475
4.588 22.261 -1.474
4.65 22.206 -1.47
4.714 22.166 -1.469
4.775 22.11 -1.465
4.804 22.075 -1.463
4.862 22.011 -1.46
