0.218197 -0.978705 -0.0381558 0.0103444
-2.9 10.146 -1.55
-2.891 10.176 -1.555
-2.862 10.192 -1.556
-2.832 10.211 -1.557
-2.8 10.219 -1.557
-2.772 10.243 -1.56
-2.744 10.265 -1.562
-2.72 10.305 -1.567
-2.697 10.284 -1.563
-2.664 10.291 -1.563
-2.639 10.326 -1.567
-2.608 10.34 -1.568
-2.578 10.361 -1.57
-2.552 10.392 -1.574
-2.517 10.392 -1.573
-2.504 10.41 -1.575
-2.473 10.423 -1.576
-2.443 10.443 -1.578
-2.413 10.466 -1.58
-2.383 10.485 -1.582
-2.353 10.506 -1.584
-2.32 10.513 -1.584
-2.304 10.519 -1.585
-2.268 10.512 -1.582
-2.245 10.564 -1.59
-2.175 10.564 -1.587
-2.167 10.691 -1.607
-2.731 13.202 -1.525
-2.695 13.24 -1.529
-2.66 13.278 -1.533
-2.623 13.313 -1.536
-2.605 13.333 -1.538
-2.564 13.343 -1.538
-2.527 13.378 -1.542
-2.487 13.4 -1.544
-2.447 13.419 -1.545
-2.406 13.433 -1.546
-2.368 13.462 -1.549
-2.349 13.481 -1.551
-2.309 13.5 -1.552
-2.269 13.519 -1.554
-2.234 13.577 -1.561
-2.191 13.578 -1.56
-2.15 13.597 -1.561
-2.132 13.62 -1.564
-2.104 13.726 -1.577
-2.872 16.7 -1.464
-2.823 16.729 -1.466
-2.774 16.761 -1.469
-2.722 16.774 -1.469
-2.702 16.815 -1.473
-2.65 16.83 -1.473
-2.601 16.863 -1.476
-2.552 16.895 -1.478
-2.503 16.933 -1.481
-2.457 16.988 -1.486
-2.409 17.035 -1.49
-2.39 17.092 -1.495
-2.338 17.117 -1.497
-2.292 17.181 -1.502
-2.243 17.226 -1.506
-2.195 17.278 -1.511
-2.145 17.323 -1.514
-2.438 21.597 -1.4
-2.378 21.67 -1.405
-2.315 21.733 -1.409
-2.256 21.821 -1.415
-2.195 21.904 -1.421
-2.132 21.976 -1.426
-2.066 22.01 -1.428
-2.039 22.093 -1.434
-1.907 22.187 -1.44
-1.852 22.368 -1.452
