2.67906 -0.640499 0.0252379 -0.000297848
-3.279 10.186 -1.574
-3.249 10.202 -1.575
-3.212 10.197 -1.572
-3.197 10.206 -1.573
-3.175 10.248 -1.578
-3.145 10.265 -1.58
-3.117 10.287 -1.582
-3.084 10.294 -1.581
-3.054 10.313 -1.583
-3.022 10.323 -1.583
-3.006 10.33 -1.583
-2.978 10.356 -1.586
-2.913 10.373 -1.586
-2.889 10.414 -1.591
-2.854 10.416 -1.59
-2.841 10.43 -1.591
-2.807 10.435 -1.591
-2.781 10.468 -1.595
-2.752 10.494 -1.598
-2.722 10.514 -1.599
-2.689 10.521 -1.599
-2.658 10.539 -1.601
-2.647 10.564 -1.604
-2.617 10.586 -1.606
-2.591 10.623 -1.611
-2.551 10.602 -1.606
-2.522 10.631 -1.61
-2.493 10.654 -1.612
-2.462 10.673 -1.614
-2.462 10.75 -1.626
-3.237 13.222 -1.542
-3.197 13.24 -1.543
-3.159 13.264 -1.545
-3.126 13.312 -1.55
-3.092 13.357 -1.554
-3.055 13.386 -1.557
-3.012 13.393 -1.556
-2.99 13.394 -1.556
-2.952 13.421 -1.558
-2.902 13.393 -1.553
-2.86 13.404 -1.554
-2.824 13.44 -1.557
-2.784 13.461 -1.559
-2.768 13.49 -1.562
-2.726 13.499 -1.562
-2.684 13.509 -1.562
-2.648 13.555 -1.567
-2.608 13.575 -1.569
-2.569 13.602 -1.571
-2.52 13.575 -1.567
-2.506 13.62 -1.572
-2.467 13.651 -1.575
-2.426 13.671 -1.577
-2.39 13.716 -1.581
-2.353 13.762 -1.586
-2.311 13.777 -1.587
-2.265 13.763 -1.585
-2.263 13.89 -1.601
-2.748 22.432 -1.464
-2.688 22.526 -1.47
-2.625 22.599 -1.475
-2.559 22.655 -1.479
-2.492 22.701 -1.481
-2.421 22.714 -1.482
-2.355 22.767 -1.485
-2.287 22.812 -1.488
-2.254 22.85 -1.491
-2.184 22.869 -1.491
-2.116 22.919 -1.495
-2.045 22.94 -1.496
-1.976 22.98 -1.498
-1.908 23.039 -1.502
-1.874 23.068 -1.504
-1.742 23.241 -1.516
-2.455 30.664 -1.341
-2.412 30.734 -1.344
-2.326 30.887 -1.352
-2.235 30.967 -1.355
-2.139 31.002 -1.357
-2.041 30.991 -1.356
-1.945 31.019 -1.357
-1.901 31.108 -1.361
-1.81 31.225 -1.367
-1.719 31.344 -1.373
-1.625 31.441 -1.377
-1.532 31.572 -1.384
-1.437 31.659 -1.388
-1.34 31.733 -1.391
