-9.20329 0.684331 -0.020336 0.000225429
-2.951 16.998 -1.494
-2.9 17.021 -1.496
-2.853 17.071 -1.5
-2.798 17.072 -1.499
-2.747 17.096 -1.501
-2.725 17.126 -1.503
-2.673 17.148 -1.504
-2.628 17.218 -1.511
-2.577 17.245 -1.512
-2.527 17.279 -1.515
-2.479 17.334 -1.52
-2.422 17.32 -1.518
-2.403 17.385 -1.524
-2.352 17.414 -1.526
-2.298 17.433 -1.527
-2.241 17.417 -1.525
-2.19 17.457 -1.528
-2.131 17.429 -1.524
-2.078 17.455 -1.526
-2.053 17.476 -1.528
-2.001 17.504 -1.53
-1.945 17.504 -1.53
-1.891 17.52 -1.531
-1.839 17.552 -1.533
-1.785 17.571 -1.535
-1.732 17.603 -1.537
-1.709 17.651 -1.542
-1.656 17.682 -1.544
-2.328 22.181 -1.442
-2.263 22.226 -1.445
-2.2 22.308 -1.45
-2.131 22.321 -1.451
-2.062 22.345 -1.452
-2 22.433 -1.458
-1.965 22.44 -1.459
-1.897 22.48 -1.461
-1.83 22.524 -1.464
-1.759 22.529 -1.464
-1.693 22.6 -1.469
-1.625 22.647 -1.472
-1.59 22.656 -1.472
-1.516 22.629 -1.47
-1.447 22.659 -1.472
-1.377 22.682 -1.473
-1.307 22.714 -1.475
-1.237 22.738 -1.477
-1.167 22.775 -1.479
-1.133 22.807 -1.481
-1.064 22.86 -1.485
-0.993001 22.887 -1.487
-0.925001 22.988 -1.494
