166.502 -77.0683 12.3848 -0.65861
7.762 5.134 -1.352
7.758 5.097 -1.349
7.769 5.069 -1.348
7.74 4.998 -1.338
7.769 4.982 -1.34
7.726 4.921 -1.329
7.587 4.798 -1.3
7.625 4.789 -1.304
7.615 4.749 -1.3
7.612 6.048 -0.878
7.61 6.008 -0.876
7.609 5.968 -0.873
7.623 5.941 -0.872
7.61 5.911 -0.869
7.616 5.878 -0.867
7.619 5.842 -0.865
7.609 5.796 -0.861
7.606 5.756 -0.858
7.612 5.723 -0.856
7.607 5.7 -0.854
7.669 5.71 -0.861
7.716 5.707 -0.865
7.762 5.704 -0.869
7.634 5.572 -0.848
7.637 5.538 -0.846
7.637 5.501 -0.844
7.628 5.476 -0.842
7.645 5.452 -0.842
7.63 5.405 -0.837
7.642 5.378 -0.837
7.639 5.34 -0.834
7.641 5.306 -0.832
7.656 5.28 -0.832
7.632 5.246 -0.827
7.645 5.22 -0.827
7.655 5.191 -0.826
7.658 5.158 -0.824
7.664 5.127 -0.823
0.658998 38.083 -1.49
0.775998 37.953 -1.485
1.306 37.756 -1.477
1.426 37.77 -1.477
1.542 37.709 -1.475
1.599 37.655 -1.473
1.714 37.574 -1.469
1.831 37.558 -1.469
1.948 37.53 -1.468
2.233 37.356 -1.461
2.348 37.313 -1.459
2.462 37.25 -1.457
2.576 37.204 -1.455
2.692 37.178 -1.454
2.805 37.121 -1.452
2.919 37.089 -1.451
2.977 37.072 -1.451
3.085 36.963 -1.446
3.193 36.865 -1.442
3.523 36.657 -1.434
2.039 46.701 -0.775
2.213 45.746 -0.755
2.331 45.248 -0.745
2.446 44.747 -0.735
2.556 44.21 -0.723
