-4.56182 0.0839376 -0.00685405 0.000320769
-4.337 3.723 -1.648
-4.337 3.746 -1.652
-4.33 3.752 -1.652
-4.335 3.78 -1.659
-4.335 3.804 -1.663
-4.317 3.813 -1.661
-4.312 3.833 -1.664
-4.309 3.854 -1.668
-4.304 3.874 -1.671
-4.306 3.888 -1.674
-4.312 3.918 -1.682
-4.287 3.92 -1.676
-4.286 3.944 -1.681
-4.299 3.98 -1.692
-4.273 3.981 -1.686
-4.277 4.01 -1.693
-4.271 4.017 -1.693
-4.268 4.039 -1.697
-4.261 4.058 -1.7
-4.251 4.074 -1.701
-4.286 6.222 -1.627
-4.287 6.266 -1.636
-4.274 6.289 -1.638
-4.262 6.314 -1.641
-4.272 6.371 -1.654
-4.258 6.394 -1.656
-4.245 6.419 -1.66
-4.241 6.433 -1.662
-4.24 6.476 -1.67
-4.228 6.502 -1.674
-4.221 6.537 -1.679
-4.211 6.566 -1.684
-4.192 7.99 -1.622
-4.182 8.032 -1.629
-4.169 8.07 -1.634
-4.178 8.118 -1.643
-4.157 8.14 -1.645
-4.148 8.184 -1.652
-4.14 8.232 -1.66
-4.128 8.273 -1.666
-4.116 8.315 -1.672
-4.105 8.357 -1.678
-4.055 10.135 -1.608
-4.042 10.194 -1.616
-4.023 10.241 -1.622
-4.009 10.298 -1.63
-3.993 10.353 -1.637
-3.976 10.408 -1.644
-3.961 10.466 -1.652
-3.957 10.504 -1.657
-3.937 10.551 -1.663
-11.302 6.261 -1.453
-11.298 6.306 -1.456
-11.296 6.328 -1.457
-11.292 6.373 -1.459
-11.294 6.421 -1.462
-11.302 6.472 -1.466
-11.286 6.511 -1.467
-11.262 6.544 -1.467
-11.269 6.595 -1.471
-11.257 6.612 -1.47
-11.253 6.658 -1.473
-11.251 6.704 -1.476
-11.243 6.748 -1.478
-11.234 6.79 -1.48
-11.223 6.832 -1.481
-11.21 6.872 -1.482
-11.219 6.902 -1.485
-11.226 6.955 -1.49
-11.211 6.995 -1.491
-11.207 7.041 -1.494
-11.194 7.082 -1.495
-11.185 7.126 -1.497
-11.184 7.175 -1.5
-11.186 7.201 -1.502
-11.178 7.246 -1.504
