-4.45971 -0.058848 0.0100892 -0.000325819
-4.523 5.648 -1.553
-4.545 5.693 -1.564
-4.534 5.716 -1.567
-4.527 5.744 -1.571
-4.527 5.781 -1.578
-4.515 5.803 -1.58
-4.511 5.836 -1.586
-4.506 5.867 -1.59
-4.504 5.883 -1.593
-4.495 5.91 -1.597
-4.5 5.955 -1.606
-4.522 7.264 -1.532
-4.521 7.313 -1.54
-4.511 7.348 -1.545
-4.515 7.38 -1.55
-4.502 7.411 -1.554
-4.499 7.458 -1.562
-4.494 7.504 -1.569
-4.477 7.529 -1.571
-4.468 7.568 -1.577
-4.455 7.601 -1.581
-4.458 7.633 -1.587
-4.458 12.207 -1.463
-4.442 12.285 -1.472
-4.429 12.37 -1.481
-4.417 12.458 -1.491
-4.401 12.54 -1.5
-4.375 12.593 -1.506
-4.36 12.613 -1.508
-4.322 12.632 -1.508
-4.288 12.662 -1.511
-4.256 12.7 -1.514
-4.475 15.461 -1.381
-4.452 15.563 -1.39
-4.432 15.678 -1.4
-4.418 15.82 -1.413
-4.399 15.942 -1.424
-4.379 16.067 -1.435
-4.362 16.104 -1.439
-4.403 20.062 -1.312
-4.41 20.246 -1.325
-4.385 20.441 -1.339
-4.358 20.629 -1.352
-4.32 20.769 -1.362
-4.261 20.814 -1.364
-4.216 26.407 -1.139
-4.174 26.685 -1.153
-4.177 26.977 -1.167
-4.134 27.265 -1.181
-4.091 27.562 -1.196
-4.023 27.703 -1.202
-3.939 27.739 -1.203
-2.949 44.388 -0.728
-2.912 44.906 -0.738
-2.808 45.513 -0.751
-2.697 46.073 -0.763
-2.571 46.421 -0.77
-2.428 46.494 -0.771
-2.289 46.634 -0.774
-2.148 46.762 -0.776
-2.084 46.987 -0.781
