13.2544 -0.885713 0.0361109 -0.0005321
2.056 7.031 -1.574
2.064 7.018 -1.572
2.078 6.986 -1.565
2.074 6.889 -1.544
2.091 6.868 -1.54
2.102 6.826 -1.531
2.109 6.775 -1.521
0.323999 17.852 -1.554
0.376999 17.72 -1.541
0.432999 17.734 -1.542
0.487999 17.687 -1.538
0.515999 17.702 -1.539
0.571999 17.704 -1.54
0.625999 17.677 -1.537
0.681999 17.685 -1.538
0.736999 17.654 -1.535
0.792999 17.682 -1.538
0.847999 17.651 -1.536
0.874999 17.636 -1.534
0.930999 17.653 -1.536
0.983999 17.605 -1.532
1.037 17.556 -1.527
1.091 17.536 -1.526
1.149 17.587 -1.531
1.174 17.533 -1.526
1.23 17.549 -1.528
1.284 17.523 -1.526
1.34 17.543 -1.528
1.392 17.491 -1.523
1.446 17.473 -1.522
1.496 17.419 -1.517
1.522 17.4 -1.515
1.576 17.386 -1.514
1.627 17.341 -1.511
1.68 17.32 -1.509
1.731 17.275 -1.505
1.78 17.222 -1.5
5.363 21.103 -1.403
5.42 21.051 -1.4
5.48 21.011 -1.399
5.508 20.983 -1.397
5.555 20.894 -1.392
5.61 20.836 -1.389
5.66 20.761 -1.384
5.712 20.695 -1.381
5.766 20.637 -1.378
5.783 20.574 -1.373
5.838 20.523 -1.371
5.895 20.476 -1.369
5.953 20.438 -1.367
5.991 20.329 -1.36
6.044 20.272 -1.357
6.08 20.161 -1.35
1.847 37.872 -1.483
1.959 37.744 -1.477
2.074 37.664 -1.474
2.186 37.563 -1.47
2.286 37.263 -1.457
2.343 37.226 -1.455
2.454 37.138 -1.452
2.563 37.023 -1.447
2.674 36.937 -1.444
2.776 36.747 -1.435
2.875 36.523 -1.426
