-3.95581 -0.115096 0.012665 -0.000286025
-4.276 4.871 -1.638
-4.28 4.891 -1.643
-4.268 4.908 -1.644
-4.27 4.942 -1.652
-4.265 4.967 -1.656
-4.251 4.982 -1.656
-4.252 5.016 -1.664
-4.245 5.04 -1.667
-4.245 5.055 -1.671
-4.237 5.077 -1.674
-4.232 5.104 -1.678
-4.229 5.133 -1.684
-4.216 5.15 -1.685
-4.208 5.173 -1.689
-4.286 6.079 -1.6
-4.294 6.131 -1.611
-4.272 6.141 -1.61
-4.264 6.171 -1.614
-4.281 6.216 -1.625
-4.265 6.234 -1.627
-4.254 6.26 -1.63
-4.258 6.307 -1.64
-4.238 6.321 -1.64
-4.233 6.357 -1.646
-4.229 6.394 -1.653
-4.229 6.415 -1.657
-4.247 7.795 -1.594
-4.24 7.841 -1.601
-4.226 7.874 -1.606
-4.217 7.916 -1.612
-4.217 7.976 -1.622
-4.206 8.017 -1.628
-4.187 8.043 -1.631
-4.196 8.089 -1.64
-4.185 8.13 -1.646
-4.17 8.164 -1.65
-4.2 9.778 -1.565
-4.202 9.826 -1.572
-4.194 9.892 -1.581
-4.181 9.949 -1.588
-4.164 9.995 -1.594
-4.153 10.057 -1.603
-4.14 10.116 -1.61
-4.123 10.165 -1.617
-4.115 10.192 -1.62
-4.014 12.985 -1.539
-3.996 13.073 -1.549
-3.972 13.143 -1.557
-3.954 13.233 -1.567
-3.933 13.318 -1.577
-3.912 13.402 -1.586
-3.908 13.466 -1.594
-3.626 17.046 -1.512
-3.622 17.158 -1.522
-3.594 17.292 -1.535
-3.561 17.407 -1.545
-3.528 17.527 -1.556
-3.487 17.607 -1.563
-3.427 22.887 -1.504
-3.364 22.957 -1.508
-3.294 22.985 -1.51
-3.262 23.022 -1.512
-3.194 23.06 -1.514
-3.132 23.147 -1.52
-3.061 23.166 -1.521
-2.992 23.211 -1.523
-2.921 23.231 -1.524
-2.859 23.331 -1.531
-2.824 23.347 -1.532
-2.75 23.35 -1.531
-2.685 23.432 -1.537
-2.613 23.452 -1.537
-2.543 23.494 -1.54
-2.472 23.531 -1.542
-2.398 23.539 -1.542
-2.367 23.598 -1.546
-2.294 23.618 -1.547
-2.222 23.652 -1.549
-2.152 23.701 -1.552
-2.079 23.728 -1.554
-2.007 23.762 -1.556
