1.47939 -0.0433298 0.000231825 3.09053e-05
1.505 5.314 -1.588
1.516 5.289 -1.581
1.519 5.268 -1.575
1.528 5.236 -1.567
1.54 5.218 -1.562
1.549 5.186 -1.554
1.564 5.177 -1.552
1.567 5.128 -1.538
0.803 6.581 -1.678
0.82 6.548 -1.67
0.832 6.476 -1.651
0.891 6.457 -1.648
0.902 6.457 -1.649
0.922 6.451 -1.647
0.939 6.43 -1.643
0.957 6.412 -1.639
0.98 6.424 -1.643
0.997 6.4 -1.637
1.017 6.397 -1.637
1.024 6.375 -1.631
1.042 6.364 -1.629
1.059 6.338 -1.623
0.803 7.72 -1.675
0.817 7.619 -1.652
0.883 7.558 -1.64
0.893 7.547 -1.637
0.916 7.535 -1.635
0.94 7.538 -1.637
0.961 7.508 -1.63
0.983 7.497 -1.628
1.003 7.469 -1.623
0.913 8.994 -1.626
0.938 8.954 -1.619
0.949 8.927 -1.614
0.976 8.91 -1.611
1.002 8.897 -1.609
1.028 8.871 -1.604
1.053 8.846 -1.6
1.081 8.843 -1.6
1.092 8.816 -1.595
1.116 8.787 -1.59
1.142 8.768 -1.587
1.169 8.762 -1.587
1.195 8.743 -1.584
1.222 8.737 -1.584
1.246 8.712 -1.579
1.257 8.686 -1.575
0.77 10.952 -1.618
0.796 10.834 -1.6
0.827 10.786 -1.593
0.86 10.775 -1.591
0.876 10.764 -1.59
0.907 10.718 -1.583
0.936999 10.68 -1.577
0.97 10.663 -1.575
1 10.632 -1.571
1.032 10.613 -1.568
0.807999 13.827 -1.572
0.842999 13.688 -1.555
0.863999 13.671 -1.553
0.903999 13.628 -1.548
0.941999 13.566 -1.54
0.981999 13.528 -1.535
1.022 13.495 -1.532
1.063 13.468 -1.529
1.103 13.441 -1.526
1.121 13.403 -1.521
6.645 12.346 -1.263
6.634 12.234 -1.252
6.651 12.173 -1.248
6.65 12.081 -1.239
6.688 12.062 -1.239
6.588 11.838 -1.214
6.582 11.741 -1.205
0.757999 22.537 -1.46
0.820999 22.325 -1.445
0.890999 22.297 -1.443
0.952999 22.102 -1.429
1.016 21.966 -1.419
1.045 21.855 -1.411
1.11 21.77 -1.405
0.993999 29.901 -1.299
1.082 29.73 -1.29
1.172 29.639 -1.286
1.257 29.441 -1.276
1.343 29.289 -1.269
1.381 29.126 -1.261
1.467 28.995 -1.254
1.541 28.684 -1.239
