4.35162 -1.24381 0.227331 -0.0131883
2.214 3.626 -1.674
2.212 3.597 -1.663
2.209 3.567 -1.651
2.216 3.554 -1.648
2.217 3.531 -1.64
2.227 3.523 -1.64
2.221 3.501 -1.63
2.216 3.469 -1.618
2.133 4.213 -1.674
2.142 4.198 -1.671
2.149 4.18 -1.666
2.154 4.158 -1.659
2.162 4.141 -1.655
2.167 4.12 -1.649
2.166 4.103 -1.643
2.177 4.093 -1.642
2.18 4.066 -1.633
2.188 4.051 -1.63
2.19 4.025 -1.621
2.138 5.336 -1.658
2.152 5.324 -1.656
2.165 5.308 -1.653
2.173 5.28 -1.646
2.181 5.252 -1.639
2.187 5.22 -1.63
2.188 5.198 -1.624
2.196 5.171 -1.617
2.202 5.14 -1.609
2.217 5.131 -1.609
2.22 5.092 -1.598
2.206 6.148 -1.652
2.21 6.099 -1.64
2.222 6.072 -1.634
2.231 6.038 -1.626
2.229 6.002 -1.617
2.24 5.975 -1.611
2.248 5.939 -1.602
2.253 5.896 -1.592
2.219 7.253 -1.634
2.242 7.246 -1.634
2.253 7.203 -1.625
2.266 7.163 -1.617
2.281 7.133 -1.612
2.297 7.107 -1.607
2.31 7.109 -1.609
2.33 7.095 -1.607
2.347 7.069 -1.602
2.372 7.072 -1.605
2.388 7.045 -1.6
2.409 7.035 -1.6
2.428 7.017 -1.597
2.432 6.993 -1.592
2.448 6.968 -1.588
2.469 6.959 -1.587
2.494 6.958 -1.589
2.519 6.961 -1.592
2.538 6.944 -1.59
2.542 6.889 -1.578
3.637 31.088 -1.368
3.725 30.997 -1.364
3.799 30.797 -1.354
3.834 30.684 -1.349
3.928 30.653 -1.348
4.012 30.548 -1.343
4.095 30.434 -1.338
4.182 30.358 -1.335
4.277 30.347 -1.335
4.366 30.283 -1.333
4.403 30.203 -1.329
4.48 30.069 -1.323
4.573 30.047 -1.323
4.661 29.993 -1.32
4.746 29.917 -1.317
