-1.36325 -0.0363455 0.00258025 -5.40374e-05
-1.717 7.254 -1.604
-1.71 7.277 -1.609
-1.689 7.288 -1.61
-1.667 7.299 -1.611
-1.643 7.299 -1.61
-1.627 7.334 -1.617
-1.6 7.324 -1.613
-1.581 7.344 -1.617
-1.571 7.352 -1.618
-1.543 7.336 -1.613
-1.523 7.354 -1.617
-1.504 7.382 -1.622
-1.479 7.375 -1.619
-1.458 7.393 -1.623
-1.437 7.407 -1.625
-1.425 7.41 -1.625
-1.404 7.424 -1.627
-1.385 7.449 -1.632
-1.36 7.448 -1.631
-1.337 7.456 -1.632
-1.317 7.477 -1.636
-1.307 7.491 -1.638
-1.286 7.508 -1.641
-1.264 7.52 -1.643
-1.242 7.533 -1.646
-1.219 7.543 -1.647
-1.2 7.578 -1.654
-1.77 8.647 -1.584
-1.75 8.689 -1.592
-1.719 8.675 -1.588
-1.693 8.688 -1.589
-1.666 8.693 -1.589
-1.64 8.706 -1.591
-1.63 8.726 -1.594
-1.604 8.739 -1.596
-1.58 8.761 -1.599
-1.552 8.764 -1.599
-1.526 8.779 -1.601
-1.501 8.797 -1.603
-1.487 8.797 -1.603
-1.463 8.829 -1.608
-1.437 8.84 -1.609
-1.41 8.85 -1.611
-1.385 8.874 -1.614
-1.36 8.893 -1.617
-1.333 8.907 -1.619
-1.322 8.927 -1.623
-1.296 8.947 -1.626
-1.269 8.96 -1.628
-1.243 8.974 -1.63
-1.214 8.976 -1.629
-1.186 8.978 -1.629
-1.162 9.015 -1.635
-2.11 10.253 -1.537
-2.082 10.277 -1.54
-2.057 10.318 -1.545
-2.025 10.33 -1.546
-1.997 10.356 -1.55
-1.982 10.369 -1.551
-1.956 10.41 -1.557
-1.923 10.41 -1.556
-1.89 10.416 -1.556
-1.856 10.418 -1.555
-1.825 10.432 -1.556
-1.808 10.429 -1.555
-1.773 10.427 -1.554
-1.746 10.461 -1.559
-1.711 10.457 -1.557
-1.682 10.486 -1.561
-1.648 10.485 -1.56
-1.619 10.514 -1.564
-1.603 10.52 -1.565
-1.576 10.566 -1.571
-1.542 10.565 -1.57
-1.511 10.584 -1.572
-1.479 10.596 -1.574
-1.448 10.62 -1.577
-1.418 10.646 -1.58
-1.403 10.664 -1.583
-1.374 10.702 -1.588
-1.343 10.726 -1.591
-1.312 10.751 -1.595
-1.28 10.771 -1.597
-1.251 10.818 -1.604
-1.656 13.476 -1.537
-1.617 13.508 -1.541
-1.576 13.527 -1.543
-1.536 13.552 -1.545
-1.495 13.568 -1.547
-1.476 13.6 -1.55
-1.435 13.617 -1.552
-1.396 13.659 -1.557
-1.355 13.687 -1.56
-1.317 13.736 -1.566
-1.278 13.788 -1.572
-1.236 13.815 -1.575
-1.219 13.869 -1.581
-1.177 13.89 -1.584
-1.138 13.953 -1.591
-1.498 17.476 -1.523
-1.447 17.529 -1.527
-1.398 17.608 -1.535
-1.346 17.646 -1.538
-1.321 17.692 -1.542
-1.27 17.758 -1.548
-1.218 17.807 -1.553
-1.12 18.041 -1.575
-1.974 22.541 -1.466
-1.944 22.61 -1.471
-1.881 22.709 -1.478
-1.809 22.707 -1.477
-1.744 22.798 -1.484
-1.677 22.865 -1.488
-1.605 22.867 -1.488
-1.537 22.935 -1.492
-1.507 23.021 -1.499
-1.434 23.012 -1.498
-1.362 23.034 -1.499
-1.291 23.046 -1.5
-1.223 23.144 -1.506
-1.157 23.271 -1.516
-1.123 23.335 -1.52
-1.054 23.428 -1.527
-2.328 37.004 -1.445
-2.277 37.132 -1.451
-2.163 37.192 -1.453
-2.051 37.277 -1.457
-1.937 37.339 -1.459
-1.822 37.401 -1.462
-1.71 37.54 -1.468
-1.598 37.689 -1.474
-1.547 37.871 -1.482
-1.438 38.149 -1.494
-1.32 38.207 -1.497
