-13.1839 3.07516 -0.0992288 -0.00145502
6.831 11.712 -1.535
6.848 11.657 -1.53
6.861 11.596 -1.524
6.853 11.541 -1.517
6.86 11.47 -1.51
6.869 11.404 -1.503
6.878 11.339 -1.497
6.881 11.265 -1.489
6.886 11.194 -1.482
0.498999 23.761 -1.55
0.534999 23.703 -1.546
0.608999 23.671 -1.543
0.680999 23.599 -1.538
0.753999 23.561 -1.536
0.825999 23.485 -1.53
0.897999 23.452 -1.528
0.970999 23.427 -1.526
1.007 23.412 -1.525
1.078 23.351 -1.521
1.15 23.315 -1.519
1.222 23.294 -1.517
1.287 23.124 -1.505
1.35 22.965 -1.494
0.365999 32.738 -1.44
0.466999 32.627 -1.435
0.567999 32.547 -1.431
0.668999 32.481 -1.428
0.717999 32.392 -1.423
0.817999 32.29 -1.418
0.910999 31.998 -1.404
0.994999 31.47 -1.377
