-0.664419 -0.122451 0.00553232 -9.17267e-05
-1.684 7.477 -1.652
-1.664 7.498 -1.656
-1.645 7.526 -1.661
-1.63 7.513 -1.658
-1.607 7.522 -1.659
-1.587 7.542 -1.662
-1.564 7.553 -1.664
-1.54 7.554 -1.663
-1.519 7.572 -1.666
-1.497 7.586 -1.668
-1.484 7.581 -1.666
-1.464 7.605 -1.671
-1.44 7.611 -1.671
-1.418 7.625 -1.674
-1.399 7.656 -1.68
-1.375 7.661 -1.68
-1.354 7.682 -1.684
-1.346 7.707 -1.689
-1.318 7.691 -1.684
-1.297 7.714 -1.689
-1.274 7.724 -1.69
-1.25 7.731 -1.691
-1.229 7.757 -1.696
-1.217 7.758 -1.696
-1.197 7.791 -1.703
-4.847 6.427 -1.434
-4.847 6.469 -1.441
-4.847 6.511 -1.447
-4.864 6.555 -1.456
-4.858 6.591 -1.461
-4.87 6.65 -1.471
-4.863 6.684 -1.476
-4.862 6.727 -1.482
-4.851 6.756 -1.486
-4.853 6.781 -1.49
-1.672 10.965 -1.636
-1.641 10.996 -1.64
-1.609 11.018 -1.643
-1.577 11.041 -1.646
-1.545 11.062 -1.648
-1.511 11.072 -1.649
-1.481 11.116 -1.656
-1.463 11.109 -1.654
-1.431 11.139 -1.658
-1.398 11.155 -1.66
-1.367 11.193 -1.665
-1.334 11.216 -1.668
-1.301 11.24 -1.672
-1.267 11.252 -1.673
-1.223 11.348 -1.687
-1.962 13.974 -1.605
-1.919 13.99 -1.607
-1.877 14.003 -1.608
-1.834 14.023 -1.61
-1.815 14.047 -1.612
-1.773 14.069 -1.614
-1.731 14.098 -1.617
-1.69 14.125 -1.62
-1.646 14.14 -1.621
-1.606 14.179 -1.626
-1.566 14.227 -1.631
-1.545 14.241 -1.633
-1.505 14.294 -1.639
-1.462 14.32 -1.642
-1.419 14.346 -1.645
-1.379 14.404 -1.651
-1.337 14.446 -1.656
-1.808 18.075 -1.584
-1.758 18.148 -1.591
-1.731 18.165 -1.592
-1.679 18.22 -1.597
-1.627 18.284 -1.603
-1.575 18.355 -1.609
-1.522 18.413 -1.615
-1.47 18.489 -1.622
-1.413 18.512 -1.623
-1.396 18.677 -1.639
-2.058 23.92 -1.568
-1.988 23.982 -1.572
-1.918 24.059 -1.577
-1.846 24.113 -1.581
-1.777 24.21 -1.587
-1.708 24.307 -1.594
-1.677 24.413 -1.602
-1.607 24.518 -1.609
-1.537 24.642 -1.618
-2.55 34.533 -1.535
-2.449 34.653 -1.541
-2.347 34.752 -1.545
-2.3 34.881 -1.552
-2.198 34.996 -1.557
-2.096 35.138 -1.564
-1.99 35.23 -1.568
-1.889 35.406 -1.577
-1.787 35.589 -1.586
