1.52377 1.9321 -0.206912 0.00636931
7.281 5.388 -1.629
7.286 5.374 -1.628
7.295 5.346 -1.627
7.261 5.286 -1.614
7.209 5.213 -1.598
7.192 5.166 -1.59
7.212 5.146 -1.591
7.217 5.115 -1.588
7.212 5.095 -1.585
7.223 5.069 -1.584
7.236 5.044 -1.583
7.234 5.009 -1.579
7.162 4.926 -1.558
5.896 12.022 -1.197
5.863 11.861 -1.181
5.863 11.768 -1.172
5.907 11.672 -1.165
5.835 11.441 -1.14
0.468999 24.147 -1.578
0.543999 24.129 -1.577
0.618999 24.106 -1.576
0.692999 24.018 -1.569
0.767999 23.996 -1.568
0.802999 23.925 -1.563
0.877999 23.908 -1.562
0.951999 23.877 -1.56
1.025 23.84 -1.557
1.1 23.825 -1.556
1.171 23.752 -1.551
1.208 23.734 -1.55
1.281 23.714 -1.549
1.354 23.672 -1.546
1.422 23.57 -1.539
1.466 23.082 -1.503
4.467 38.769 -1.532
4.496 38.494 -1.52
4.519 37.666 -1.484
4.621 37.517 -1.478
4.733 37.461 -1.476
4.839 37.353 -1.472
