-15.1628 -2.89609 0.733453 -0.0323479
-1.511 6.354 -1.652
-1.494 6.37 -1.655
-1.474 6.375 -1.655
-1.455 6.385 -1.656
-1.438 6.403 -1.66
-1.419 6.409 -1.661
-1.398 6.41 -1.66
-1.391 6.427 -1.664
-1.373 6.443 -1.667
-1.353 6.449 -1.667
-1.331 6.442 -1.664
-1.312 6.454 -1.666
-1.293 6.465 -1.668
-1.276 6.484 -1.673
-1.268 6.498 -1.676
-1.248 6.505 -1.677
-1.231 6.526 -1.682
-1.209 6.519 -1.678
-1.19 6.534 -1.682
-1.169 6.532 -1.68
-1.162 6.555 -1.686
-1.142 6.56 -1.686
-1.121 6.562 -1.686
-1.099 6.56 -1.684
-1.08 6.569 -1.686
-1.063 6.593 -1.692
-1.012 6.611 -1.694
-1 6.669 -1.709
-4.443 5.012 -1.428
-4.439 5.039 -1.433
-4.458 5.093 -1.445
-4.444 5.11 -1.446
-4.449 5.131 -1.45
-4.467 5.185 -1.462
-4.456 5.205 -1.464
-4.46 5.243 -1.471
-4.461 5.277 -1.478
-1.668 13.942 -1.597
-1.628 13.982 -1.601
-1.587 14.011 -1.604
-1.569 14.047 -1.609
-1.528 14.08 -1.612
-1.486 14.106 -1.615
-1.445 14.152 -1.62
-1.402 14.17 -1.622
-1.362 14.22 -1.628
-1.319 14.246 -1.631
-1.265 14.4 -1.65
-2.056 17.74 -1.554
-2.006 17.792 -1.558
-1.954 17.832 -1.562
-1.9 17.86 -1.564
-1.851 17.939 -1.571
-1.799 17.986 -1.575
-1.776 18.038 -1.58
-1.726 18.109 -1.587
-1.673 18.164 -1.591
-1.619 18.203 -1.595
-1.566 18.252 -1.599
-1.514 18.318 -1.605
-2.245 23.119 -1.51
-2.178 23.19 -1.515
-2.11 23.252 -1.519
-2.082 23.341 -1.525
-2.015 23.423 -1.531
-1.948 23.51 -1.537
-1.885 23.652 -1.547
-1.818 23.753 -1.554
-1.75 23.848 -1.561
-2.579 37.264 -1.458
-2.478 37.515 -1.469
-2.428 37.669 -1.475
-2.317 37.796 -1.481
-2.201 37.847 -1.483
-2.099 38.171 -1.497
-1.877 38.544 -1.513
