2.07264 0.0068041 0.00231371 -3.89061e-05
2.113 4.273 -1.691
2.124 4.262 -1.689
2.124 4.23 -1.679
2.133 4.213 -1.674
2.142 4.2 -1.672
2.137 4.173 -1.662
2.147 4.161 -1.659
2.149 4.133 -1.65
2.153 4.11 -1.643
2.16 4.092 -1.638
2.132 5.371 -1.667
2.142 5.348 -1.662
2.149 5.315 -1.653
2.158 5.29 -1.647
2.16 5.271 -1.642
2.171 5.25 -1.637
2.176 5.215 -1.627
2.186 5.194 -1.623
2.191 5.159 -1.613
2.184 6.146 -1.649
2.196 6.12 -1.644
2.201 6.072 -1.632
2.206 6.057 -1.629
2.213 6.016 -1.619
2.222 5.984 -1.611
2.236 5.962 -1.607
2.241 5.919 -1.597
2.212 7.312 -1.646
2.222 7.262 -1.636
2.233 7.218 -1.627
2.245 7.177 -1.619
2.253 7.122 -1.607
2.249 7.072 -1.596
2.279 8.795 -1.635
2.277 8.732 -1.623
2.292 8.676 -1.613
2.3 8.594 -1.598
2.317 8.551 -1.591
2.329 8.489 -1.58
2.299 10.702 -1.613
2.314 10.69 -1.612
2.333 10.615 -1.601
2.35 10.535 -1.589
2.364 10.444 -1.575
2.38 10.36 -1.563
2.421 13.849 -1.599
2.441 13.832 -1.597
2.484 13.824 -1.597
2.511 13.726 -1.585
2.526 13.57 -1.566
2.541 13.418 -1.547
2.556 13.27 -1.529
3.535 23.169 -1.526
3.603 23.133 -1.524
3.633 23.083 -1.521
3.687 22.954 -1.512
3.719 22.696 -1.493
3.743 22.399 -1.472
2.902 33.443 -1.482
3.107 33.375 -1.479
3.203 33.269 -1.475
3.301 33.199 -1.472
3.349 33.148 -1.469
3.448 33.086 -1.467
3.547 33.035 -1.465
3.655 33.062 -1.467
3.745 32.925 -1.46
3.841 32.848 -1.457
3.938 32.786 -1.454
3.977 32.678 -1.449
4.069 32.575 -1.445
4.167 32.526 -1.443
4.251 32.374 -1.436
4.347 32.323 -1.434
4.437 32.226 -1.43
