6.31566 -3.35644 0.294298 -0.00469518
-1.755 8.78 -1.609
-1.731 8.805 -1.613
-1.705 8.82 -1.615
-1.682 8.846 -1.619
-1.667 8.847 -1.619
-1.642 8.864 -1.621
-1.613 8.867 -1.62
-1.589 8.891 -1.624
-1.562 8.9 -1.625
-1.535 8.911 -1.626
-1.509 8.925 -1.628
-1.498 8.949 -1.632
-1.471 8.959 -1.633
-1.446 8.981 -1.637
-1.42 9.001 -1.64
-1.394 9.021 -1.643
-1.366 9.029 -1.644
-1.355 9.053 -1.648
-1.328 9.065 -1.649
-1.304 9.098 -1.655
-1.278 9.122 -1.659
-1.249 9.126 -1.659
-1.777 10.548 -1.573
-1.759 10.643 -1.588
-1.728 10.664 -1.59
-1.695 10.67 -1.59
-1.663 10.687 -1.592
-1.646 10.689 -1.592
-1.619 10.735 -1.599
-1.587 10.748 -1.6
-1.555 10.771 -1.603
-1.522 10.78 -1.603
-1.491 10.804 -1.607
-1.459 10.822 -1.609
-1.447 10.86 -1.614
-1.414 10.876 -1.616
-1.382 10.898 -1.619
-1.353 10.945 -1.626
-1.32 10.955 -1.627
-1.291 11.007 -1.635
-1.591 13.845 -1.583
-1.55 13.878 -1.587
-1.532 13.91 -1.59
-1.489 13.926 -1.592
-1.45 13.978 -1.598
-1.41 14.016 -1.602
-1.369 14.06 -1.607
-1.327 14.086 -1.61
-1.288 14.147 -1.618
-1.268 14.171 -1.62
-1.186 14.274 -1.633
-1.568 17.952 -1.57
-1.516 18.01 -1.575
-1.462 18.039 -1.577
-1.41 18.107 -1.584
-1.385 18.151 -1.588
-1.333 18.22 -1.594
-1.283 18.328 -1.604
-1.179 18.504 -1.621
-2.084 23.365 -1.527
-2.055 23.455 -1.534
-1.987 23.533 -1.539
-1.913 23.537 -1.539
-1.846 23.633 -1.545
-1.778 23.724 -1.552
-1.711 23.827 -1.559
-1.637 23.848 -1.56
-1.602 23.878 -1.562
-1.529 23.925 -1.565
-1.457 23.968 -1.568
-1.385 24.038 -1.573
-1.314 24.124 -1.579
-2.363 39.584 -1.56
-2.247 39.735 -1.567
-2.128 39.846 -1.571
-2.007 39.942 -1.575
-1.887 40.064 -1.58
-1.768 40.223 -1.587
-1.709 40.346 -1.592
-1.596 40.711 -1.608
-1.475 40.899 -1.617
