3.66632 -0.608325 0.0698062 -0.00189335
2.178 4.204 -1.679
2.179 4.174 -1.669
2.181 4.161 -1.665
2.188 4.144 -1.661
2.192 4.121 -1.654
2.205 4.112 -1.653
2.208 4.089 -1.646
2.205 4.053 -1.633
2.219 4.047 -1.634
2.219 4.032 -1.629
2.149 5.44 -1.689
2.157 5.435 -1.688
2.168 5.412 -1.683
2.178 5.388 -1.677
2.185 5.356 -1.669
2.191 5.323 -1.66
2.2 5.298 -1.654
2.203 5.28 -1.649
2.21 5.252 -1.642
2.225 5.242 -1.641
2.224 5.193 -1.627
2.205 6.271 -1.683
2.215 6.237 -1.675
2.222 6.193 -1.665
2.237 6.173 -1.661
2.241 6.125 -1.649
2.253 6.098 -1.643
2.252 6.063 -1.634
2.259 6.025 -1.625
2.207 7.512 -1.691
2.228 7.494 -1.688
2.236 7.437 -1.676
2.236 7.392 -1.666
2.245 7.338 -1.655
2.255 7.29 -1.645
2.27 7.255 -1.638
2.253 9.05 -1.681
2.278 9.028 -1.678
2.289 8.952 -1.665
2.31 8.918 -1.659
2.321 8.845 -1.646
2.338 8.797 -1.638
2.335 8.727 -1.625
2.39 10.963 -1.657
2.403 10.855 -1.64
2.407 10.793 -1.631
2.439 10.776 -1.629
2.468 10.747 -1.626
2.5 10.734 -1.625
2.529 10.706 -1.622
2.551 10.648 -1.614
2.553 10.581 -1.603
0.876999 24.98 -1.641
0.953999 24.939 -1.638
1.032 24.94 -1.638
1.109 24.901 -1.635
1.147 24.881 -1.634
1.224 24.855 -1.632
1.301 24.831 -1.631
1.38 24.839 -1.632
1.424 24.235 -1.588
3.903 35.321 -1.581
4.01 35.269 -1.579
4.112 35.183 -1.575
4.216 35.112 -1.572
4.314 35.002 -1.567
4.349 34.836 -1.559
4.442 34.694 -1.553
4.544 34.626 -1.55
4.64 34.513 -1.545
4.736 34.409 -1.54
4.837 34.34 -1.538
4.94 34.291 -1.536
4.979 34.185 -1.531
5.072 34.066 -1.526
