-49.8119 12.0455 -0.730685 0.00353094
18.338 3.15 -2.653
18.287 3.082 -2.644
18.259 3.048 -2.639
18.239 2.986 -2.634
18.227 2.925 -2.631
18.204 2.863 -2.626
18.204 2.804 -2.624
18.197 2.745 -2.622
18.187 2.714 -2.62
18.2 2.657 -2.62
18.18 2.596 -2.616
18.181 2.538 -2.615
18.179 2.48 -2.613
18.181 2.422 -2.613
18.161 2.361 -2.608
18.172 2.334 -2.609
18.162 2.274 -2.607
18.171 2.218 -2.607
18.172 2.16 -2.606
18.169 2.102 -2.605
18.148 2.041 -2.6
18.154 1.984 -2.6
18.143 1.954 -2.598
18.134 1.896 -2.596
26.433 3.147 -3.069
26.419 3.061 -3.066
26.395 2.974 -3.062
26.384 2.889 -3.059
26.324 2.799 -3.051
26.282 2.711 -3.044
26.238 2.665 -3.039
26.199 2.578 -3.033
26.172 2.492 -3.028
26.14 2.406 -3.023
26.149 2.324 -3.024
26.152 2.241 -3.023
26.11 2.155 -3.017
