-1.83973 -0.682347 -0.0461385 0.00489037
-2.456 21.757 -1.412
-2.4 21.872 -1.42
-2.336 21.925 -1.423
-2.269 21.946 -1.424
-2.237 21.98 -1.427
-2.173 22.038 -1.43
-2.107 22.073 -1.432
-2.042 22.125 -1.436
-1.976 22.177 -1.439
-1.911 22.229 -1.443
-1.843 22.262 -1.445
-1.811 22.301 -1.447
-1.744 22.34 -1.45
-1.68 22.425 -1.456
-1.609 22.432 -1.456
-1.543 22.501 -1.461
-1.477 22.571 -1.465
-1.373 22.612 -1.468
-2.155 29.876 -1.3
-2.064 29.928 -1.303
-1.976 30.02 -1.307
-1.887 30.112 -1.311
-1.845 30.197 -1.315
-1.752 30.23 -1.317
-1.656 30.224 -1.316
-1.565 30.298 -1.32
-1.474 30.383 -1.324
-1.381 30.455 -1.327
-1.288 30.525 -1.331
-1.244 30.601 -1.334
-1.151 30.687 -1.338
-1.059 30.816 -1.345
-0.965001 30.933 -1.35
