1.01386 0.0120461 0.00318685 -6.27562e-05
1.013 5.778 -1.694
1.018 5.75 -1.686
1.032 5.725 -1.679
1.046 5.699 -1.672
1.082 5.692 -1.672
1.096 5.672 -1.666
1.113 5.665 -1.665
1.125 5.678 -1.67
1.138 5.648 -1.662
1.153 5.629 -1.657
1.17 5.626 -1.657
1.186 5.613 -1.654
1.2 5.594 -1.649
1.22 5.598 -1.652
1.224 5.575 -1.645
1.24 5.564 -1.643
1.728 6.04 -1.584
1.737 5.998 -1.574
1.75 5.973 -1.568
1.751 5.907 -1.551
1.764 5.881 -1.545
1.769 5.865 -1.542
1.788 5.861 -1.542
1.805 5.85 -1.541
1.827 5.856 -1.544
1.835 5.817 -1.534
1.865 5.848 -1.545
1.881 5.834 -1.543
1.885 5.817 -1.538
1.902 5.807 -1.537
1.916 5.787 -1.533
1.103 7.583 -1.652
1.121 7.535 -1.641
1.142 7.518 -1.638
1.154 7.512 -1.637
1.174 7.485 -1.632
1.195 7.466 -1.628
1.215 7.443 -1.624
1.24 7.449 -1.626
1.262 7.435 -1.624
1.282 7.414 -1.62
1.293 7.408 -1.619
1.317 7.406 -1.619
1.339 7.394 -1.618
1.36 7.376 -1.614
1.381 7.361 -1.612
1.402 7.349 -1.61
1.425 7.34 -1.609
1.434 7.329 -1.607
1.456 7.318 -1.605
1.475 7.291 -1.6
1.09 9.041 -1.639
1.138 8.96 -1.624
1.162 8.929 -1.619
1.188 8.908 -1.615
1.213 8.877 -1.61
1.236 8.84 -1.604
1.253 8.862 -1.608
1.277 8.828 -1.603
1.301 8.803 -1.598
1.329 8.799 -1.598
1.356 8.793 -1.598
1.381 8.767 -1.594
1.391 8.74 -1.589
1.419 8.743 -1.59
1.441 8.704 -1.584
1.467 8.689 -1.582
1.492 8.675 -1.58
1.52 8.672 -1.58
1.541 8.634 -1.574
1.225 10.68 -1.582
1.238 10.645 -1.577
1.27 10.623 -1.574
1.3 10.592 -1.569
1.33 10.56 -1.565
1.361 10.538 -1.562
1.391 10.514 -1.559
1.423 10.498 -1.557
1.434 10.457 -1.551
1.466 10.446 -1.55
1.493 10.403 -1.544
1.522 10.369 -1.539
1.552 10.35 -1.537
1.582 10.328 -1.534
1.592 10.286 -1.528
7.586 6.282 -1.129
7.572 6.231 -1.123
7.572 6.191 -1.12
7.579 6.157 -1.118
7.56 6.121 -1.113
7.562 6.084 -1.11
7.568 6.05 -1.108
7.56 6.004 -1.103
7.563 5.968 -1.1
7.568 5.933 -1.098
7.524 5.86 -1.087
7.542 5.856 -1.089
7.547 5.821 -1.086
7.541 5.779 -1.082
7.531 5.734 -1.078
1.519 17.043 -1.48
1.539 16.965 -1.473
1.588 16.913 -1.468
1.637 16.866 -1.464
1.685 16.813 -1.46
1.734 16.766 -1.455
1.78 16.701 -1.45
1.826 16.64 -1.444
1.849 16.606 -1.441
1.897 16.558 -1.437
1.941 16.489 -1.431
1.99 16.459 -1.428
1.975 21.458 -1.386
2.038 21.4 -1.383
2.095 21.288 -1.375
2.158 21.24 -1.372
2.183 21.163 -1.366
2.242 21.085 -1.361
2.303 21.024 -1.357
2.356 20.902 -1.349
2.388 20.601 -1.327
