-4.22833 0.00809335 0.00738344 -0.000164971
-4.097 3.119 -1.633
-4.107 3.137 -1.64
-4.1 3.152 -1.641
-4.09 3.165 -1.641
-4.091 3.186 -1.645
-4.081 3.199 -1.645
-4.082 3.221 -1.651
-4.092 3.239 -1.657
-4.088 3.257 -1.66
-4.081 3.272 -1.661
-4.072 3.286 -1.662
-4.066 3.302 -1.663
-4.063 3.321 -1.667
-4.068 3.347 -1.674
-4.056 3.348 -1.671
-4.063 3.375 -1.678
-4.053 3.389 -1.679
-4.047 3.405 -1.681
-4.049 3.429 -1.687
-10.491 7.65 -1.461
-10.496 7.704 -1.466
-10.481 7.744 -1.467
-10.473 7.789 -1.47
-10.482 7.822 -1.474
-10.477 7.869 -1.477
-10.469 7.915 -1.479
-10.463 7.962 -1.482
-10.46 8.012 -1.486
-10.448 8.055 -1.488
-10.44 8.101 -1.491
-10.447 8.133 -1.494
-10.45 8.188 -1.499
-10.446 8.238 -1.502
-10.431 8.279 -1.504
-10.425 8.328 -1.507
-10.423 8.381 -1.511
-10.428 8.412 -1.514
-2.888 17.111 -1.504
-2.842 17.166 -1.509
-2.785 17.159 -1.507
-2.764 17.196 -1.511
-2.714 17.231 -1.513
-2.661 17.251 -1.514
-2.613 17.298 -1.518
-2.563 17.332 -1.521
-2.517 17.403 -1.527
-2.495 17.441 -1.53
-2.441 17.456 -1.531
-2.388 17.474 -1.532
-2.332 17.479 -1.532
-2.278 17.49 -1.532
-2.227 17.525 -1.535
-2.173 17.546 -1.536
-2.146 17.551 -1.537
-2.093 17.579 -1.539
-2.041 17.612 -1.541
-1.99 17.654 -1.545
-1.931 17.628 -1.542
-1.877 17.652 -1.543
-1.825 17.683 -1.546
-1.801 17.722 -1.549
-1.751 17.787 -1.555
-2.518 22.296 -1.452
-2.453 22.35 -1.455
-2.384 22.365 -1.456
-2.312 22.363 -1.455
-2.244 22.394 -1.457
-2.177 22.434 -1.46
-2.114 22.517 -1.465
-2.081 22.544 -1.467
-2.008 22.524 -1.465
-1.94 22.56 -1.467
-1.874 22.628 -1.472
-1.806 22.674 -1.475
-1.734 22.673 -1.474
-1.667 22.726 -1.478
-1.633 22.753 -1.48
-1.562 22.776 -1.481
-1.494 22.824 -1.484
-1.422 22.823 -1.484
-1.352 22.857 -1.486
-1.281 22.885 -1.488
-1.246 22.897 -1.488
-1.175 22.917 -1.49
-1.104 22.942 -1.491
-1.034 22.991 -1.495
-0.964001 23.036 -1.498
-0.894001 23.115 -1.503
