2.80656 0.456742 -0.0208159 0.000210175
5.639 9.721 -1.659
5.652 9.707 -1.658
5.671 9.67 -1.655
5.688 9.63 -1.651
5.721 9.616 -1.651
5.626 9.389 -1.613
5.54 9.178 -1.577
1.034 26.004 -1.716
1.112 25.899 -1.709
1.19 25.839 -1.705
1.228 25.776 -1.7
1.307 25.738 -1.698
1.386 25.682 -1.694
1.628 25.682 -1.695
1.712 25.716 -1.698
1.755 25.749 -1.701
1.833 25.706 -1.698
1.911 25.662 -1.695
1.989 25.63 -1.693
2.07 25.626 -1.693
2.148 25.587 -1.691
2.187 25.57 -1.69
2.268 25.571 -1.69
2.343 25.51 -1.686
2.421 25.481 -1.685
2.502 25.475 -1.685
2.58 25.453 -1.684
2.659 25.429 -1.683
2.737 25.403 -1.681
2.775 25.388 -1.681
2.854 25.366 -1.68
2.934 25.367 -1.68
3.168 25.292 -1.677
3.248 25.29 -1.678
3.288 25.289 -1.678
3.367 25.273 -1.677
3.436 25.183 -1.672
3.506 25.111 -1.667
3.581 25.068 -1.665
3.656 25.033 -1.663
1.479 39.155 -1.539
1.583 38.691 -1.519
1.686 38.271 -1.5
1.787 37.874 -1.483
1.193 40.551 -0.646
1.304 40.056 -0.635
1.412 39.538 -0.624
1.566 38.748 -0.608
1.771 37.938 -0.591
1.871 37.541 -0.583
