-11.5728 1.98612 -0.115013 0.00201946
-2.633 5.651 -1.571
-2.621 5.673 -1.575
-2.604 5.683 -1.576
-2.59 5.675 -1.572
-2.581 5.703 -1.578
-2.56 5.705 -1.576
-2.545 5.719 -1.578
-2.532 5.739 -1.581
-2.515 5.749 -1.582
-2.51 5.761 -1.585
-2.494 5.775 -1.586
-2.481 5.793 -1.589
-2.459 5.792 -1.587
-2.443 5.805 -1.588
-2.421 5.806 -1.586
-2.406 5.82 -1.588
-2.402 5.835 -1.591
-2.383 5.842 -1.591
-2.367 5.855 -1.593
-2.35 5.866 -1.594
-2.332 5.875 -1.595
-2.31 5.872 -1.591
-2.301 5.904 -1.599
-2.273 5.861 -1.585
-2.265 5.893 -1.592
-2.251 5.913 -1.596
-2.208 5.911 -1.591
-2.198 5.941 -1.598
-2.191 5.979 -1.607
-2.2 6.033 -1.622
-0.939 7.438 -1.613
-0.919 7.466 -1.619
-0.896 7.472 -1.62
-0.884 7.474 -1.62
-0.861 7.48 -1.621
-0.858 7.659 -1.662
-0.82 7.54 -1.634
-0.801 7.579 -1.642
-0.788 7.686 -1.667
-1.212 10.485 -1.551
-1.196 10.493 -1.552
-1.165 10.518 -1.555
-1.132 10.514 -1.554
-1.098 10.515 -1.554
-1.067 10.532 -1.556
-1.035 10.546 -1.557
-1.002 10.555 -1.558
-0.989 10.59 -1.564
-0.954 10.577 -1.561
-0.922 10.594 -1.563
-0.892 10.63 -1.569
-0.858 10.637 -1.569
-0.827 10.665 -1.573
-0.796 10.701 -1.579
-0.782 10.734 -1.584
-0.756 10.852 -1.602
-2.712 12.415 -1.426
-2.68 12.455 -1.43
-2.645 12.484 -1.433
-2.63 12.508 -1.435
-2.594 12.534 -1.438
-2.561 12.573 -1.442
-2.528 12.616 -1.446
-2.493 12.643 -1.449
-2.459 12.684 -1.453
-2.442 12.704 -1.455
-2.411 12.758 -1.461
-2.377 12.801 -1.466
-2.35 12.88 -1.475
-2.311 12.897 -1.477
-1.306 16.468 -1.422
-1.282 16.486 -1.424
-1.23 16.499 -1.425
-1.179 16.511 -1.426
-1.129 16.535 -1.428
-1.077 16.54 -1.428
-1.026 16.567 -1.43
-0.976001 16.6 -1.433
-0.951001 16.61 -1.434
-0.899001 16.626 -1.435
-0.848001 16.647 -1.437
-0.797001 16.685 -1.441
-0.746001 16.714 -1.443
-0.695001 16.738 -1.445
-0.643001 16.778 -1.449
-0.619001 16.822 -1.453
-0.573001 17.021 -1.473
