266.557 -24.5874 -6.38026 0.634725
-1.357 7.632 -1.673
-1.335 7.648 -1.675
-1.312 7.654 -1.676
-1.302 7.67 -1.679
-1.278 7.674 -1.679
-1.254 7.681 -1.68
-1.233 7.703 -1.684
-1.209 7.708 -1.684
-1.186 7.718 -1.686
-1.174 7.722 -1.686
-1.15 7.729 -1.687
-1.126 7.731 -1.687
-1.105 7.761 -1.693
-1.079 7.753 -1.69
-1.056 7.764 -1.692
-1.035 7.791 -1.697
-1.023 7.796 -1.698
-1 7.807 -1.7
-0.977 7.824 -1.703
-0.953 7.833 -1.705
-0.928 7.836 -1.705
-0.903 7.835 -1.704
-0.878 7.833 -1.703
-0.867 7.846 -1.706
-0.816 7.834 -1.701
-0.797 7.893 -1.715
-0.781 7.983 -1.735
-0.946 11.057 -1.637
-0.912 11.068 -1.638
-0.878 11.081 -1.64
-0.844 11.099 -1.642
-0.81 11.114 -1.644
-0.775 11.116 -1.644
-0.76 11.145 -1.649
-0.726 11.161 -1.651
-0.692 11.185 -1.654
-0.657 11.189 -1.655
-0.623001 11.213 -1.658
-0.587 11.203 -1.656
-0.553 11.225 -1.659
-0.537 11.263 -1.665
-0.502 11.266 -1.666
-0.468001 11.3 -1.671
-0.434 11.335 -1.676
-0.399 11.359 -1.68
-0.365001 11.41 -1.688
-0.943001 14.004 -1.596
-0.923001 14.029 -1.599
-0.880001 14.057 -1.602
-0.838001 14.104 -1.608
-0.795001 14.124 -1.61
-0.752001 14.152 -1.613
-0.711001 14.222 -1.622
-0.666001 14.21 -1.62
-0.644001 14.233 -1.623
-0.601001 14.261 -1.626
-0.557001 14.284 -1.629
-0.511001 14.268 -1.627
-0.467001 14.297 -1.63
-0.422001 14.311 -1.632
-0.378001 14.348 -1.636
-0.357001 14.386 -1.641
-0.312001 14.393 -1.642
-0.267001 14.436 -1.647
-0.222001 14.438 -1.648
