17.8853 -0.985769 0.0223416 -0.000115081
2.545 23.963 -1.574
2.615 23.903 -1.571
2.643 23.814 -1.564
2.714 23.774 -1.562
2.781 23.702 -1.557
2.854 23.679 -1.556
2.927 23.656 -1.555
2.996 23.609 -1.552
3.068 23.582 -1.551
3.104 23.571 -1.551
3.175 23.535 -1.549
3.247 23.508 -1.547
3.319 23.487 -1.547
3.392 23.469 -1.546
3.463 23.44 -1.545
3.501 23.443 -1.545
3.575 23.436 -1.546
3.645 23.403 -1.544
3.723 23.417 -1.546
3.791 23.371 -1.543
3.861 23.338 -1.542
3.932 23.316 -1.541
3.965 23.284 -1.539
4.04 23.285 -1.54
4.113 23.268 -1.54
4.179 23.216 -1.537
4.249 23.189 -1.536
4.319 23.162 -1.535
4.353 23.141 -1.534
4.423 23.112 -1.533
4.493 23.086 -1.532
4.562 23.052 -1.53
4.631 23.022 -1.529
4.703 23.004 -1.529
4.768 22.957 -1.526
4.797 22.913 -1.524
4.863 22.87 -1.522
