-13.481 0.691148 -0.0734589 0.00578814
-3.073 13.467 -1.567
-3.036 13.498 -1.57
-2.997 13.523 -1.572
-2.977 13.535 -1.573
-2.928 13.513 -1.569
-2.895 13.569 -1.575
-2.855 13.59 -1.577
-2.813 13.601 -1.577
-2.772 13.621 -1.579
-2.729 13.626 -1.578
-2.717 13.681 -1.585
-2.671 13.674 -1.583
-2.627 13.676 -1.582
-2.583 13.677 -1.581
-2.542 13.696 -1.582
-2.501 13.716 -1.584
-2.482 13.735 -1.586
-2.441 13.755 -1.587
-2.399 13.77 -1.588
-2.355 13.77 -1.587
-2.316 13.807 -1.591
-2.276 13.831 -1.594
-2.234 13.852 -1.595
-2.214 13.866 -1.597
-2.176 13.906 -1.601
-2.134 13.924 -1.602
-2.089 13.925 -1.602
-2.05 13.961 -1.605
-2.02 14.064 -1.618
-2.823 17.221 -1.514
-2.783 17.318 -1.523
-2.733 17.35 -1.525
-2.686 17.41 -1.53
-2.639 17.47 -1.535
-2.586 17.49 -1.536
-2.529 17.482 -1.535
-2.5 17.48 -1.534
-2.447 17.498 -1.535
-2.399 17.558 -1.54
-2.335 17.497 -1.534
-2.288 17.563 -1.539
-2.232 17.57 -1.539
-2.21 17.611 -1.543
-2.156 17.63 -1.544
-2.103 17.662 -1.547
-2.05 17.683 -1.548
-1.999 17.733 -1.553
-1.945 17.751 -1.554
-1.89 17.771 -1.555
-1.867 17.817 -1.559
-1.815 17.864 -1.564
-1.763 17.906 -1.567
-2.206 22.726 -1.481
-2.172 22.752 -1.483
-2.104 22.79 -1.485
-2.04 22.878 -1.491
-1.971 22.924 -1.494
-1.901 22.954 -1.496
-1.833 23.006 -1.499
-1.764 23.059 -1.503
-1.73 23.093 -1.505
-1.66 23.125 -1.507
-1.59 23.166 -1.51
-1.519 23.202 -1.512
-1.448 23.245 -1.515
-1.378 23.287 -1.518
-1.308 23.349 -1.522
-1.272 23.363 -1.523
-1.205 23.492 -1.532
-2.15 31.148 -1.364
-2.056 31.212 -1.367
-1.962 31.292 -1.371
-1.869 31.386 -1.375
-1.774 31.451 -1.378
-1.73 31.556 -1.383
-1.637 31.669 -1.389
-1.54 31.724 -1.391
-1.444 31.822 -1.396
-1.348 31.912 -1.4
-1.25 31.98 -1.403
-1.153 32.066 -1.408
-1.101 32.032 -1.406
-1.002 32.081 -1.408
-0.903001 32.15 -1.411
-0.804001 32.232 -1.415
