-5.77338 0.193044 -0.00976092 0.000163579
-7.723 4.38 -1.595
-7.732 4.417 -1.6
-7.859 4.522 -1.631
-7.898 4.577 -1.643
-7.897 4.61 -1.646
-4.587 12.751 -1.534
-4.575 12.844 -1.545
-4.579 12.92 -1.554
-4.569 13.023 -1.566
-4.552 13.106 -1.575
-4.533 13.185 -1.584
-4.499 13.221 -1.587
-4.602 16.573 -1.489
-4.585 16.716 -1.502
-4.593 16.848 -1.515
-4.578 17.003 -1.529
-4.559 17.146 -1.542
-4.516 17.2 -1.547
-4.639 21.78 -1.44
-4.613 22 -1.455
-4.591 22.24 -1.472
-4.554 22.415 -1.484
-4.527 22.463 -1.487
-4.462 22.507 -1.489
-4.397 22.55 -1.492
-4.332 22.589 -1.494
-4.55 29.677 -1.304
-4.51 30.046 -1.322
-4.469 30.424 -1.34
-4.411 30.697 -1.354
-4.32 30.748 -1.355
-4.278 30.798 -1.358
-4.184 30.829 -1.359
-4.097 30.922 -1.363
