1.86521 -0.908591 0.0581858 -0.00117427
-3.29 8.479 -1.636
-3.268 8.502 -1.639
-3.256 8.511 -1.64
-3.233 8.532 -1.642
-3.218 8.572 -1.648
-3.181 8.556 -1.643
-3.157 8.573 -1.644
-3.129 8.581 -1.644
-3.119 8.596 -1.646
-3.096 8.615 -1.648
-3.07 8.63 -1.649
-3.046 8.647 -1.65
-3.016 8.647 -1.649
-2.99 8.66 -1.649
-2.965 8.677 -1.651
-2.951 8.68 -1.65
-2.929 8.706 -1.654
-2.912 8.747 -1.66
-2.886 8.759 -1.661
-2.855 8.757 -1.659
-2.834 8.787 -1.663
-2.81 8.807 -1.665
-2.8 8.822 -1.668
-2.774 8.839 -1.669
-2.75 8.857 -1.671
-2.725 8.876 -1.673
-2.703 8.904 -1.677
-2.672 8.903 -1.675
-2.645 8.913 -1.676
-2.631 8.919 -1.676
-2.606 8.937 -1.678
-2.587 8.977 -1.684
-2.566 9.01 -1.689
-3.009 17.826 -1.575
-2.965 17.902 -1.582
-2.914 17.946 -1.586
-2.86 17.971 -1.587
-2.835 17.995 -1.589
-2.783 18.034 -1.592
-2.733 18.085 -1.596
-2.681 18.124 -1.599
-2.63 18.173 -1.603
-2.576 18.201 -1.605
-2.522 18.239 -1.608
-2.499 18.28 -1.612
-2.443 18.296 -1.613
-2.389 18.329 -1.615
-2.332 18.348 -1.617
-2.288 18.464 -1.627
-5.097 21.745 -1.444
-5.071 21.786 -1.447
-5.019 21.874 -1.452
-4.957 21.917 -1.454
-4.909 22.025 -1.461
-4.85 22.089 -1.465
-4.805 22.218 -1.474
-4.74 22.256 -1.475
-4.723 22.345 -1.482
-4.659 22.391 -1.484
-4.591 22.418 -1.485
-4.528 22.469 -1.488
-4.467 22.528 -1.491
-4.405 22.589 -1.495
