-10.9856 1.5887 -0.0986387 0.0020431
-4.202 2.995 -1.637
-4.197 3.012 -1.639
-4.191 3.027 -1.64
-4.192 3.048 -1.645
-4.188 3.066 -1.647
-4.188 3.086 -1.651
-4.183 3.092 -1.651
-4.176 3.108 -1.653
-4.176 3.128 -1.656
-4.17 3.144 -1.658
-4.166 3.162 -1.661
-4.161 3.179 -1.663
-4.152 3.193 -1.663
-4.158 3.207 -1.668
-4.158 3.229 -1.673
-4.144 3.238 -1.671
-4.144 3.259 -1.675
-4.141 3.278 -1.678
-4.137 3.296 -1.681
-4.136 3.317 -1.685
-4.14 3.331 -1.689
-4.205 3.809 -1.635
-4.207 3.835 -1.64
-4.192 3.846 -1.639
-4.181 3.86 -1.64
-4.198 3.887 -1.649
-4.187 3.902 -1.65
-4.189 3.928 -1.656
-4.183 3.948 -1.659
-4.172 3.962 -1.659
-4.168 3.983 -1.663
-4.154 3.995 -1.662
-4.152 4.005 -1.664
-4.145 4.024 -1.666
-4.138 4.042 -1.669
-4.135 4.064 -1.673
-4.126 4.081 -1.675
-4.132 4.113 -1.683
-4.127 4.134 -1.687
-4.128 4.147 -1.689
-4.118 5.015 -1.64
-4.121 5.035 -1.645
-4.108 5.051 -1.646
-4.101 5.076 -1.65
-4.096 5.102 -1.655
-4.092 5.13 -1.66
-4.075 5.141 -1.66
-4.079 5.18 -1.668
-4.074 5.189 -1.669
-4.073 5.222 -1.676
-4.059 5.238 -1.677
-4.062 5.276 -1.686
-4.049 5.294 -1.688
-4.046 5.323 -1.694
-10.641 4.743 -1.291
-10.887 4.874 -1.326
-10.872 4.908 -1.326
-10.871 4.949 -1.328
-10.866 4.988 -1.33
-10.825 5.011 -1.326
-10.813 5.046 -1.327
-10.844 5.102 -1.334
-10.853 5.128 -1.336
-10.841 5.164 -1.337
-10.837 5.204 -1.338
-10.83 5.242 -1.34
-10.836 5.287 -1.343
-2.929 17.861 -1.578
-2.877 17.896 -1.58
-2.825 17.932 -1.583
-2.803 17.972 -1.586
-2.747 17.985 -1.587
-2.691 18.001 -1.588
-2.643 18.063 -1.593
-2.586 18.069 -1.593
-2.535 18.118 -1.597
-2.482 18.156 -1.6
-2.456 18.177 -1.601
-2.397 18.173 -1.6
-2.343 18.202 -1.602
-2.286 18.214 -1.603
-2.233 18.254 -1.606
-2.178 18.283 -1.608
-2.121 18.292 -1.609
-2.095 18.321 -1.611
-2.041 18.359 -1.614
-1.986 18.391 -1.617
-1.931 18.417 -1.619
-1.876 18.452 -1.622
-1.819 18.466 -1.622
-1.793 18.501 -1.626
-1.736 18.524 -1.627
-1.681 18.561 -1.63
-2.073 23.666 -1.549
-2.003 23.718 -1.553
-1.93 23.746 -1.554
-1.859 23.79 -1.557
-1.786 23.827 -1.559
-1.716 23.894 -1.564
-1.646 23.973 -1.569
-1.612 24.032 -1.573
-1.542 24.112 -1.579
-1.464 24.081 -1.576
-1.389 24.106 -1.578
-1.312 24.094 -1.577
-1.237 24.11 -1.578
-1.163 24.141 -1.58
-1.126 24.173 -1.582
-1.053 24.236 -1.586
-0.978001 24.255 -1.587
-0.905001 24.338 -1.593
-0.830001 24.397 -1.597
-0.755001 24.453 -1.601
-1.765 32.176 -1.414
-1.67 32.305 -1.421
-1.575 32.434 -1.427
-1.53 32.558 -1.433
-1.434 32.704 -1.44
-1.333 32.749 -1.442
-1.232 32.805 -1.445
-1.131 32.888 -1.449
-1.029 32.933 -1.451
-0.929001 33.04 -1.456
-0.879001 33.098 -1.459
-0.777001 33.192 -1.463
-0.673001 33.23 -1.465
