1.77289 -0.00451163 0.00151126 5.06071e-05
2.003 3.826 -1.703
2.01 3.81 -1.699
2.013 3.787 -1.691
2.017 3.765 -1.683
2.016 3.75 -1.678
2.03 3.747 -1.679
2.028 3.717 -1.668
2.035 3.702 -1.664
2.031 3.667 -1.65
1.984 4.316 -1.685
1.993 4.3 -1.681
1.998 4.276 -1.674
2.005 4.255 -1.667
2.013 4.238 -1.663
2.021 4.22 -1.658
2.027 4.201 -1.652
2.028 4.186 -1.647
2.033 4.162 -1.64
2.044 4.151 -1.638
2.047 4.125 -1.63
2.064 6.176 -1.646
2.069 6.157 -1.642
2.087 6.148 -1.641
2.099 6.118 -1.634
2.111 6.091 -1.629
2.12 6.055 -1.62
2.129 6.02 -1.612
2.139 5.987 -1.605
2.139 5.959 -1.597
2.158 5.954 -1.598
2.176 5.943 -1.597
2.194 5.934 -1.596
1.507 7.709 -1.697
1.53 7.697 -1.695
1.552 7.679 -1.692
1.574 7.666 -1.69
1.585 7.658 -1.688
1.606 7.638 -1.685
1.628 7.625 -1.683
1.646 7.591 -1.676
1.67 7.584 -1.676
1.691 7.567 -1.673
1.712 7.549 -1.67
1.724 7.548 -1.67
1.744 7.527 -1.667
1.765 7.51 -1.664
1.787 7.495 -1.662
1.808 7.482 -1.66
1.829 7.463 -1.657
1.849 7.444 -1.654
1.858 7.43 -1.651
1.88 7.418 -1.65
1.903 7.41 -1.649
1.923 7.393 -1.646
2.187 8.842 -1.639
2.206 8.799 -1.632
2.214 8.714 -1.616
2.214 8.655 -1.605
2.224 8.582 -1.592
2.236 8.518 -1.581
1.643 11.213 -1.674
1.649 11.13 -1.662
1.677 11.074 -1.653
1.712 11.071 -1.654
1.743 11.042 -1.65
1.772 11.003 -1.645
1.804 10.98 -1.642
1.838 10.971 -1.641
1.849 10.933 -1.635
1.885 10.933 -1.636
1.916 10.909 -1.634
1.947 10.888 -1.631
1.98 10.874 -1.63
2.009 10.84 -1.625
2.041 10.822 -1.624
2.302 13.803 -1.59
2.333 13.725 -1.581
2.351 13.7 -1.579
2.389 13.665 -1.575
2.428 13.634 -1.572
2.463 13.588 -1.567
2.498 13.539 -1.562
2.524 13.441 -1.55
2.539 13.295 -1.532
2.266 18.046 -1.586
2.315 17.981 -1.581
2.359 17.873 -1.571
2.407 17.808 -1.565
2.454 17.732 -1.558
2.498 17.645 -1.55
2.521 17.606 -1.547
2.569 17.546 -1.542
2.616 17.483 -1.536
2.665 17.439 -1.533
2.953 23.263 -1.527
3.021 23.218 -1.524
3.091 23.184 -1.522
3.126 23.166 -1.521
3.195 23.128 -1.519
3.264 23.092 -1.517
3.3 22.829 -1.498
3.297 22.31 -1.46
