-5.52512 0.433913 -0.0198782 0.00028359
-0.903 7.725 -1.678
-0.879 7.73 -1.679
-0.855 7.742 -1.681
-0.844 7.747 -1.682
-0.792 7.729 -1.677
-0.77 7.753 -1.682
-0.745 7.744 -1.679
-0.721 7.75 -1.68
-0.698 7.764 -1.683
-0.685 7.763 -1.682
-0.66 7.753 -1.679
-0.637 7.773 -1.683
-0.612 7.763 -1.681
-0.588 7.78 -1.684
-0.564 7.788 -1.686
-0.54 7.79 -1.686
-0.528 7.789 -1.685
-0.503 7.796 -1.687
-0.479 7.794 -1.686
-0.455 7.807 -1.688
-0.432 7.83 -1.693
-0.407 7.825 -1.692
-0.395 7.841 -1.696
-0.373 7.893 -1.707
-0.353 7.982 -1.728
-3.381 13.448 -1.574
-3.344 13.476 -1.577
-3.329 13.508 -1.58
-3.291 13.536 -1.582
-3.248 13.544 -1.582
-3.219 13.612 -1.59
-3.179 13.636 -1.592
-3.137 13.652 -1.592
-3.1 13.685 -1.595
-3.077 13.686 -1.595
-3.034 13.691 -1.594
-2.994 13.716 -1.596
-2.955 13.747 -1.599
-2.913 13.762 -1.6
-2.873 13.785 -1.602
-2.828 13.786 -1.601
-2.814 13.827 -1.605
-2.773 13.848 -1.607
-2.731 13.866 -1.608
-2.69 13.886 -1.61
-2.648 13.904 -1.611
-2.607 13.928 -1.613
-2.585 13.928 -1.613
-2.546 13.968 -1.617
-2.508 14.005 -1.62
-2.464 14.017 -1.621
-2.416 13.997 -1.617
-2.391 14.122 -1.633
-1.272 18.173 -1.589
-1.244 18.179 -1.59
-1.189 18.214 -1.593
-1.132 18.228 -1.594
-1.076 18.247 -1.595
-1.019 18.258 -1.596
-0.962001 18.273 -1.597
-0.906001 18.304 -1.6
-0.882001 18.403 -1.609
-0.838001 18.706 -1.639
-3.008 23.328 -1.532
-2.938 23.363 -1.534
-2.872 23.436 -1.538
-2.838 23.466 -1.54
-2.767 23.498 -1.542
-2.7 23.559 -1.546
-2.627 23.579 -1.547
-2.559 23.644 -1.551
-2.487 23.674 -1.553
-2.419 23.741 -1.557
-2.388 23.811 -1.562
-2.315 23.838 -1.563
-2.245 23.891 -1.567
-2.176 23.971 -1.572
-2.037 24.117 -1.582
