-5.37209 -1.73174 0.488375 -0.0264958
-7.168 1.183 -1.56
-7.187 1.209 -1.565
-7.191 1.233 -1.567
-7.183 1.243 -1.566
-7.181 1.266 -1.566
-7.187 1.29 -1.568
-7.187 1.314 -1.569
-7.185 1.337 -1.57
-7.209 1.364 -1.576
-7.205 1.387 -1.576
-7.229 1.403 -1.583
-7.257 1.432 -1.59
-7.257 1.456 -1.591
-7.246 1.478 -1.59
-7.261 1.504 -1.595
-7.294 1.535 -1.604
-7.332 1.555 -1.613
-7.323 1.577 -1.612
-1.097 8.627 -1.559
-1.084 8.636 -1.561
-1.058 8.646 -1.562
-1.03 8.645 -1.561
-1.005 8.66 -1.563
-0.978 8.669 -1.565
-0.952 8.684 -1.567
-0.928 8.718 -1.573
-0.914 8.713 -1.572
-0.886 8.708 -1.57
-0.861 8.74 -1.576
-0.833 8.737 -1.575
-0.807 8.752 -1.577
-0.782 8.779 -1.582
-0.768 8.775 -1.581
-0.741 8.787 -1.583
-0.714 8.793 -1.584
-0.687 8.807 -1.586
-0.659 8.811 -1.586
-0.633 8.835 -1.59
-0.607 8.862 -1.595
-0.595 8.883 -1.599
-0.566 8.875 -1.597
-0.539 8.884 -1.599
-0.485 8.923 -1.606
-0.46 8.983 -1.617
-3.763 8.438 -1.342
-3.753 8.488 -1.348
-3.743 8.538 -1.355
-3.738 8.598 -1.363
-3.724 8.641 -1.369
-3.714 8.692 -1.376
-3.717 8.736 -1.382
-3.717 8.813 -1.394
-13.078 2.074 -1.494
-13.113 2.122 -1.5
-13.184 2.176 -1.51
-13.213 2.223 -1.514
-13.225 2.268 -1.517
-13.507 2.361 -1.554
-13.539 2.41 -1.56
