1.08963 -0.0146989 0.00316564 -4.95242e-05
0.934 5.335 -1.724
0.935 5.29 -1.709
1.005 5.21 -1.687
1.011 5.195 -1.682
1.027 5.194 -1.683
1.041 5.18 -1.679
1.059 5.184 -1.682
1.071 5.16 -1.674
1.091 5.173 -1.68
1.102 5.144 -1.671
1.109 5.14 -1.671
1.125 5.137 -1.671
1.139 5.124 -1.667
1.152 5.106 -1.662
1.166 5.095 -1.66
1.179 5.078 -1.655
1.186 5.073 -1.654
0.936 5.882 -1.722
0.937 5.826 -1.705
0.953 5.808 -1.7
0.968 5.79 -1.695
0.986 5.783 -1.694
1.004 5.782 -1.695
1.022 5.777 -1.694
1.044 5.794 -1.701
1.05 5.776 -1.695
1.063 5.742 -1.686
1.079 5.728 -1.682
1.097 5.724 -1.682
1.11 5.696 -1.675
1.126 5.683 -1.672
1.149 5.704 -1.679
1.151 5.667 -1.668
0.942 6.756 -1.73
0.946 6.704 -1.717
0.955 6.612 -1.692
0.993 6.586 -1.687
1.016 6.595 -1.69
1.036 6.59 -1.689
1.046 6.584 -1.688
1.064 6.564 -1.684
1.081 6.537 -1.677
1.027 7.745 -1.687
1.048 7.716 -1.681
1.071 7.705 -1.679
1.079 7.675 -1.672
1.102 7.661 -1.67
1.123 7.637 -1.665
1.144 7.612 -1.66
1.168 7.606 -1.66
1.19 7.589 -1.656
1.214 7.587 -1.657
1.225 7.58 -1.655
1.246 7.558 -1.651
1.267 7.539 -1.648
1.29 7.529 -1.646
1.311 7.514 -1.644
1.335 7.508 -1.643
1.344 7.49 -1.64
1.364 7.467 -1.635
1.083 9.234 -1.676
1.108 9.195 -1.669
1.129 9.127 -1.656
1.14 9.098 -1.651
1.169 9.091 -1.65
1.194 9.064 -1.646
1.219 9.037 -1.641
1.247 9.023 -1.639
1.274 9.009 -1.637
1.299 8.984 -1.633
1.313 8.982 -1.633
1.338 8.954 -1.628
1.363 8.931 -1.625
1.095 11.085 -1.644
1.125 11.041 -1.637
1.138 10.996 -1.63
1.169 10.959 -1.625
1.202 10.937 -1.622
1.233 10.906 -1.618
1.264 10.875 -1.613
1.297 10.857 -1.611
1.311 10.825 -1.606
1.341 10.796 -1.602
1.37 10.746 -1.595
1.401 10.726 -1.593
1.068 14.375 -1.644
1.097 14.165 -1.618
1.14 14.142 -1.615
1.181 14.099 -1.61
1.222 14.06 -1.606
1.237 13.977 -1.595
1.278 13.947 -1.592
1.155 18.117 -1.583
1.207 18.036 -1.575
1.26 17.982 -1.57
1.312 17.916 -1.564
1.365 17.873 -1.56
1.389 17.811 -1.555
1.441 17.755 -1.549
1.492 17.695 -1.544
1.543 17.642 -1.539
1.593 17.58 -1.534
1.645 17.537 -1.53
1.67 22.87 -1.488
1.737 22.803 -1.484
1.802 22.718 -1.478
1.866 22.617 -1.471
1.933 22.565 -1.467
1.961 22.47 -1.461
2.021 22.355 -1.453
2.08 22.223 -1.443
2.106 21.754 -1.409
2.048 31.659 -1.389
2.193 31.591 -1.386
2.275 31.339 -1.374
2.363 31.198 -1.367
2.444 30.966 -1.356
2.534 30.87 -1.352
2.618 30.707 -1.344
2.696 30.492 -1.333
