32.6219 -3.59977 0.128438 -0.00145296
5.504 10.101 -1.701
5.532 10.076 -1.7
5.521 9.983 -1.686
5.461 9.836 -1.661
5.47 9.779 -1.654
5.472 9.712 -1.645
2.64 14.947 -1.742
2.681 14.907 -1.738
2.723 14.875 -1.735
2.759 14.81 -1.727
2.802 14.78 -1.725
2.821 14.756 -1.722
2.861 14.716 -1.718
2.898 14.66 -1.712
2.937 14.614 -1.707
2.981 14.595 -1.706
3.019 14.549 -1.701
3.056 14.498 -1.696
3.073 14.466 -1.692
3.119 14.461 -1.693
3.167 14.462 -1.694
3.211 14.446 -1.693
3.254 14.425 -1.692
3.298 14.407 -1.691
1.309 39.597 -1.559
1.356 39.16 -1.539
1.463 38.748 -1.521
1.567 38.326 -1.502
1.063 40.451 -0.643
1.181 40.132 -0.637
1.402 39.28 -0.619
1.502 38.68 -0.607
1.551 38.386 -0.6
1.653 37.96 -0.592
