-24.3744 2.67222 -0.116258 0.00164479
-7.272 4.95 -1.579
-7.271 4.982 -1.582
-7.289 5.012 -1.588
-7.281 5.04 -1.59
-7.273 5.068 -1.592
-7.27 5.1 -1.595
-7.253 5.122 -1.595
-7.221 5.133 -1.591
-7.232 5.175 -1.597
-7.223 5.187 -1.597
-7.217 5.216 -1.6
-7.226 5.257 -1.606
-7.209 5.28 -1.606
-7.186 5.298 -1.604
-7.168 5.319 -1.604
-7.173 5.358 -1.609
-7.171 5.374 -1.611
-7.154 5.397 -1.611
-7.158 5.434 -1.615
-7.142 5.458 -1.616
-7.142 5.494 -1.62
-7.12 5.512 -1.619
-7.115 5.544 -1.622
-7.124 5.569 -1.626
-7.128 5.608 -1.631
-4.541 12.812 -1.539
-4.527 12.901 -1.549
-4.507 12.975 -1.558
-4.514 13.063 -1.568
-4.506 13.173 -1.581
-4.483 13.241 -1.589
-4.45 13.282 -1.592
-4.545 16.673 -1.497
-4.524 16.801 -1.509
-4.534 16.946 -1.523
-4.519 17.101 -1.537
-4.496 17.232 -1.549
-4.46 17.32 -1.556
-4.411 17.353 -1.558
-4.57 21.966 -1.452
-4.54 22.17 -1.466
-4.518 22.416 -1.484
-4.494 22.663 -1.501
-4.458 22.857 -1.515
-4.433 30.506 -1.344
-4.391 30.901 -1.364
-4.347 31.293 -1.383
-4.274 31.492 -1.392
-4.182 31.559 -1.395
-4.137 31.599 -1.397
-4.044 31.66 -1.399
-3.952 31.736 -1.402
-27.864 46.09 -0.924
-27.801 46.315 -0.928
-27.738 46.706 -0.934
-27.674 46.935 -0.937
-27.602 47.151 -0.941
-27.54 47.386 -0.944
-27.468 47.606 -0.947
-27.395 47.825 -0.951
-27.317 48.038 -0.954
-27.317 48.215 -0.957
-27.23 48.416 -0.96
-27.149 48.628 -0.963
-27.067 48.841 -0.966
-26.997 49.078 -0.969
-26.927 49.317 -0.973
-26.928 49.504 -0.977
