-2.4327 -0.792002 -0.18324 0.0774145
-1.777 8.82 -1.617
-1.759 8.871 -1.627
-1.747 8.886 -1.629
-1.721 8.901 -1.631
-1.696 8.921 -1.634
-1.668 8.927 -1.634
-1.641 8.936 -1.635
-1.618 8.968 -1.64
-1.588 8.965 -1.638
-1.572 8.958 -1.636
-1.548 8.986 -1.641
-1.517 8.975 -1.638
-1.491 8.992 -1.64
-1.465 9.01 -1.643
-1.439 9.03 -1.646
-1.422 9.015 -1.642
-1.398 9.045 -1.647
-1.372 9.068 -1.651
-1.346 9.084 -1.654
-1.32 9.106 -1.657
-1.291 9.112 -1.657
-1.264 9.124 -1.659
-1.255 9.163 -1.666
-1.231 9.203 -1.673
-2.02 10.563 -1.582
-1.992 10.596 -1.587
-1.962 10.624 -1.59
-1.946 10.627 -1.59
-1.915 10.647 -1.593
-1.883 10.66 -1.594
-1.85 10.672 -1.595
-1.816 10.674 -1.594
-1.786 10.697 -1.597
-1.751 10.695 -1.596
-1.739 10.727 -1.6
-1.704 10.726 -1.599
-1.674 10.755 -1.603
-1.64 10.756 -1.603
-1.609 10.781 -1.606
-1.577 10.798 -1.608
-1.547 10.83 -1.612
-1.531 10.844 -1.614
-1.5 10.866 -1.617
-1.466 10.877 -1.618
-1.434 10.891 -1.619
-1.402 10.917 -1.623
-1.37 10.941 -1.626
-1.338 10.965 -1.629
-1.326 11.006 -1.635
-1.907 13.737 -1.575
-1.869 13.78 -1.579
-1.828 13.804 -1.582
-1.786 13.823 -1.583
-1.745 13.846 -1.586
-1.706 13.889 -1.59
-1.666 13.92 -1.594
-1.647 13.954 -1.598
-1.605 13.973 -1.6
-1.565 14.014 -1.604
-1.524 14.046 -1.608
-1.483 14.08 -1.612
-1.443 14.124 -1.617
-1.401 14.155 -1.62
-1.381 14.18 -1.623
-1.34 14.22 -1.628
-1.879 17.666 -1.545
-1.858 17.732 -1.551
-1.804 17.758 -1.553
-1.753 17.805 -1.557
-1.702 17.866 -1.563
-1.649 17.905 -1.566
-1.601 17.997 -1.574
-1.547 18.032 -1.577
-1.523 18.089 -1.583
-1.47 18.144 -1.588
-1.424 18.281 -1.601
-5.1 28.731 -1.262
-5.069 28.822 -1.266
-4.993 28.922 -1.27
-4.923 29.06 -1.276
-4.847 29.166 -1.281
-4.772 29.285 -1.286
-4.692 29.373 -1.29
-4.618 29.502 -1.296
-4.586 29.606 -1.301
-4.508 29.717 -1.306
-4.438 29.883 -1.313
