1.49835 0.603329 -0.158191 0.0127731
2.155 3.762 -1.71
2.152 3.732 -1.699
2.156 3.71 -1.692
2.154 3.694 -1.685
2.212 3.621 -1.672
2.217 3.605 -1.667
2.221 3.586 -1.661
2.226 3.569 -1.656
2.137 4.221 -1.678
2.146 4.206 -1.674
2.156 4.195 -1.672
2.16 4.17 -1.664
2.172 4.161 -1.664
2.169 4.14 -1.656
2.172 4.113 -1.647
2.182 4.101 -1.645
2.188 4.081 -1.64
2.191 4.056 -1.632
2.202 4.048 -1.631
2.203 4.02 -1.622
2.14 5.391 -1.674
2.157 5.386 -1.674
2.167 5.361 -1.668
2.17 5.321 -1.657
2.178 5.291 -1.649
2.182 5.254 -1.639
2.195 5.238 -1.636
2.193 5.212 -1.629
2.2 5.182 -1.621
2.197 6.184 -1.66
2.21 6.159 -1.655
2.219 6.123 -1.646
2.229 6.09 -1.639
2.236 6.05 -1.63
2.245 6.016 -1.622
2.244 5.986 -1.614
2.255 5.957 -1.608
2.235 7.307 -1.647
2.242 7.247 -1.634
2.253 7.201 -1.625
2.263 7.153 -1.615
2.273 7.109 -1.606
2.284 7.065 -1.597
2.282 7.022 -1.587
