-233.095 38.261 1.22811 -0.293677
-1.054 7.491 -1.629
-1.033 7.51 -1.633
-1.01 7.523 -1.635
-0.986 7.52 -1.634
-0.975 7.526 -1.635
-0.953 7.542 -1.638
-0.93 7.555 -1.64
-0.906 7.55 -1.638
-0.884 7.57 -1.642
-0.859 7.559 -1.639
-0.835 7.566 -1.64
-0.825 7.579 -1.643
-0.801 7.579 -1.642
-0.776 7.574 -1.641
-0.755 7.606 -1.647
-0.731 7.602 -1.646
-0.706 7.598 -1.645
-0.686 7.641 -1.654
-0.674 7.642 -1.654
-0.651 7.654 -1.656
-0.628 7.672 -1.66
-0.559 7.71 -1.668
-0.539 7.77 -1.681
-15.94 0.700999 -1.76
-15.995 0.753999 -1.767
-16.134 0.810999 -1.784
-16.2 0.864999 -1.792
-16.241 0.892999 -1.798
-16.553 0.960999 -1.836
-16.617 1.018 -1.845
-16.612 1.07 -1.844
-27.757 1.977 -1.849
-27.875 2.029 -1.858
-27.966 2.124 -1.865
-28.626 2.264 -1.915
-29.183 2.4 -1.956
