-4.06691 -0.129712 0.0135843 -0.000320707
-4.379 2.85 -1.659
-4.379 2.86 -1.661
-4.386 2.884 -1.667
-4.375 2.897 -1.667
-4.371 2.914 -1.669
-4.365 2.93 -1.67
-4.37 2.953 -1.676
-4.367 2.971 -1.678
-4.365 2.98 -1.68
-4.361 2.997 -1.682
-4.356 3.014 -1.683
-4.354 3.033 -1.687
-4.343 3.045 -1.686
-4.356 3.076 -1.696
-4.345 3.088 -1.695
-4.348 3.1 -1.698
-4.346 3.12 -1.702
-4.339 3.136 -1.703
-4.335 3.154 -1.705
-4.332 3.172 -1.708
-4.328 3.19 -1.711
-4.411 3.656 -1.652
-4.407 3.676 -1.655
-4.417 3.708 -1.663
-4.4 3.717 -1.661
-4.4 3.74 -1.666
-4.403 3.767 -1.672
-4.391 3.769 -1.669
-4.392 3.794 -1.675
-4.393 3.819 -1.68
-4.387 3.837 -1.682
-4.382 3.857 -1.685
-4.38 3.88 -1.689
-4.373 3.899 -1.692
-4.363 3.902 -1.69
-4.379 3.941 -1.702
-4.424 4.806 -1.652
-4.418 4.829 -1.655
-4.413 4.855 -1.66
-4.407 4.878 -1.663
-4.408 4.911 -1.67
-4.399 4.932 -1.673
-4.394 4.957 -1.677
-4.393 4.971 -1.679
-4.385 4.994 -1.683
-4.382 5.022 -1.688
-4.373 5.044 -1.691
-4.368 5.07 -1.695
-4.362 5.095 -1.699
-4.356 5.121 -1.704
-4.347 5.126 -1.703
-4.411 6.112 -1.623
-4.416 6.159 -1.632
-4.402 6.181 -1.635
-4.39 6.204 -1.637
-4.397 6.256 -1.648
-4.377 6.27 -1.648
-4.38 6.294 -1.653
-4.382 6.34 -1.662
-4.365 6.357 -1.663
-4.356 6.387 -1.668
-4.359 6.434 -1.677
-4.339 6.449 -1.678
-4.363 9.773 -1.574
-4.356 9.841 -1.584
-4.34 9.889 -1.59
-4.333 9.957 -1.599
-4.335 10.005 -1.606
-4.321 10.059 -1.613
-4.31 10.12 -1.621
-4.298 10.18 -1.63
-4.271 12.81 -1.528
-4.253 12.892 -1.537
-4.239 12.986 -1.548
-4.22 13.067 -1.557
-4.202 13.154 -1.567
-4.188 13.256 -1.579
-4.184 13.314 -1.586
-4.156 16.465 -1.468
-4.132 16.588 -1.479
-4.111 16.726 -1.492
-4.089 16.863 -1.504
-4.058 16.968 -1.513
-4.043 17.025 -1.519
-3.996 21.205 -1.389
-3.964 21.408 -1.403
-3.931 21.605 -1.417
-3.899 21.815 -1.432
-3.858 21.985 -1.443
-3.797 22.042 -1.447
-3.457 28.89 -1.257
-3.404 29.218 -1.273
-3.346 29.525 -1.288
-3.286 29.827 -1.303
-3.203 29.942 -1.308
-3.16 29.985 -1.31
-3.07 30.035 -1.312
-2.98 30.09 -1.315
-2.892 30.161 -1.318
