18.7228 -3.13663 -0.231053 0.0361273
-3.921 7.282 -1.477
-3.915 7.327 -1.484
-3.911 7.374 -1.492
-3.874 7.36 -1.486
-3.908 7.453 -1.505
-3.913 7.519 -1.517
-3.921 7.592 -1.53
-1.959 11.084 -1.662
-1.927 11.106 -1.665
-1.908 11.103 -1.664
-1.88 11.148 -1.67
-1.845 11.152 -1.67
-1.816 11.197 -1.676
-1.785 11.229 -1.68
-1.754 11.262 -1.685
-1.722 11.287 -1.688
-1.674 11.332 -1.694
-1.607 11.372 -1.699
-1.585 11.471 -1.714
-2.274 14.968 -1.659
-2.233 15.018 -1.665
-2.19 15.055 -1.668
-2.143 15.063 -1.669
-2.125 15.106 -1.674
-2.086 15.172 -1.681
-2.041 15.2 -1.684
-1.999 15.251 -1.689
-1.96 15.326 -1.698
-1.877 15.445 -1.711
-2.679 18.717 -1.657
-2.623 18.745 -1.659
-2.568 18.779 -1.661
-2.544 18.82 -1.665
-2.49 18.87 -1.669
-2.434 18.905 -1.672
-2.38 18.956 -1.676
-2.332 19.056 -1.686
-2.276 19.097 -1.689
-2.238 19.288 -1.707
-3.729 24.629 -1.634
-3.657 24.674 -1.637
-3.618 24.68 -1.637
-3.55 24.758 -1.642
-3.48 24.822 -1.646
-3.412 24.908 -1.651
-3.342 24.982 -1.656
-3.273 25.06 -1.661
-3.207 25.173 -1.669
-3.18 25.275 -1.676
-3.115 25.397 -1.684
-5.198 35.746 -1.61
-5.159 35.87 -1.616
-5.065 36.015 -1.623
-4.972 36.181 -1.63
-4.884 36.383 -1.64
-4.8 36.627 -1.651
-4.535 36.854 -1.661
