2.6192 -1.0248 0.0643745 -0.00128867
-0.952 4.61 -1.669
-0.945 4.65 -1.683
-0.947 4.735 -1.715
-0.958 4.834 -1.752
-0.922 4.727 -1.71
-0.891 4.643 -1.676
-0.864 4.66 -1.681
-0.86 4.723 -1.704
-0.858 4.801 -1.733
-5.564 5.253 -1.357
-5.568 5.291 -1.363
-5.57 5.326 -1.368
-5.57 5.343 -1.37
-5.579 5.385 -1.377
-5.579 5.419 -1.381
-5.575 5.448 -1.385
-5.576 5.484 -1.39
-5.587 5.529 -1.397
-5.583 5.56 -1.401
-5.594 5.588 -1.406
-5.592 5.621 -1.411
-3.241 9.91 -1.53
-3.212 9.926 -1.531
-3.186 9.952 -1.534
-3.156 9.966 -1.535
-3.127 9.984 -1.536
-3.118 10.011 -1.54
-3.086 10.019 -1.539
-3.055 10.029 -1.539
-3.027 10.049 -1.541
-2.996 10.063 -1.542
-2.964 10.068 -1.541
-2.936 10.093 -1.544
-2.917 10.086 -1.542
-2.885 10.093 -1.542
-2.859 10.121 -1.545
-2.83 10.14 -1.546
-2.801 10.16 -1.548
-2.772 10.18 -1.55
-2.746 10.21 -1.554
-2.729 10.212 -1.553
-2.7 10.23 -1.555
-2.671 10.252 -1.557
-2.64 10.264 -1.558
-2.614 10.299 -1.562
-2.585 10.321 -1.564
-2.57 10.327 -1.565
-2.538 10.337 -1.565
-2.51 10.366 -1.568
-2.481 10.385 -1.57
-2.452 10.41 -1.573
-2.423 10.431 -1.575
-2.395 10.46 -1.579
-2.376 10.456 -1.577
-2.348 10.481 -1.58
-3.199 12.717 -1.478
-3.164 12.746 -1.48
-3.127 12.767 -1.482
-3.112 12.793 -1.485
-3.079 12.834 -1.489
-3.041 12.853 -1.49
-2.998 12.851 -1.489
-2.959 12.868 -1.49
-2.92 12.883 -1.49
-2.881 12.9 -1.491
-2.863 12.916 -1.493
-2.822 12.923 -1.493
-2.787 12.955 -1.496
-2.749 12.98 -1.498
-2.71 12.998 -1.499
-2.68 13.057 -1.506
-2.638 13.061 -1.505
-2.622 13.089 -1.508
-2.586 13.122 -1.511
-2.548 13.146 -1.513
-2.514 13.193 -1.518
-2.481 13.249 -1.525
-2.441 13.265 -1.526
-2.424 13.29 -1.529
-2.811 16.198 -1.415
-2.782 16.338 -1.428
-2.758 16.348 -1.428
-2.714 16.404 -1.433
-2.665 16.426 -1.434
-2.619 16.47 -1.438
-2.572 16.505 -1.441
-2.528 16.566 -1.446
-2.505 16.59 -1.448
-2.457 16.627 -1.451
-2.412 16.686 -1.456
-2.366 16.733 -1.46
-2.32 16.792 -1.465
-3.101 20.727 -1.343
-3.04 20.763 -1.345
-2.985 20.843 -1.35
-2.957 20.884 -1.353
-2.894 20.914 -1.354
-2.831 20.937 -1.355
-2.772 20.997 -1.359
-2.706 21.012 -1.36
-2.644 21.046 -1.362
-2.581 21.084 -1.364
-2.552 21.122 -1.366
-2.489 21.157 -1.368
-2.426 21.195 -1.371
-2.362 21.228 -1.373
-2.3 21.273 -1.375
-2.239 21.336 -1.379
-2.158 21.544 -1.394
