-4.17141 -0.0100599 0.000478874 0.00010966
-4.228 3.818 -1.642
-4.229 3.843 -1.647
-4.232 3.87 -1.653
-4.225 3.875 -1.653
-4.224 3.899 -1.658
-4.217 3.917 -1.66
-4.209 3.934 -1.662
-4.206 3.957 -1.666
-4.209 3.984 -1.672
-4.201 4.002 -1.674
-4.203 4.016 -1.678
-4.192 4.031 -1.678
-4.182 4.046 -1.679
-4.184 4.074 -1.686
-4.182 4.098 -1.691
-4.176 4.118 -1.694
-4.22 6.274 -1.628
-4.218 6.313 -1.636
-4.212 6.347 -1.641
-4.206 6.381 -1.647
-4.203 6.421 -1.655
-4.185 6.437 -1.655
-4.189 6.465 -1.661
-4.191 6.512 -1.671
-4.169 6.524 -1.67
-4.166 6.563 -1.678
-4.151 6.586 -1.68
-4.19 7.957 -1.617
-4.195 8.027 -1.629
-4.181 8.061 -1.634
-4.16 8.083 -1.636
-4.157 8.14 -1.645
-4.164 8.185 -1.654
-4.148 8.217 -1.658
-4.138 8.262 -1.665
-4.129 8.308 -1.672
-4.161 10.032 -1.599
-4.148 10.089 -1.607
-4.134 10.146 -1.614
-4.125 10.216 -1.624
-4.109 10.269 -1.631
-4.095 10.327 -1.639
-4.102 10.391 -1.649
-4.022 13.235 -1.57
-4.006 13.331 -1.581
-3.986 13.418 -1.591
-3.969 13.518 -1.603
-3.951 13.616 -1.614
-3.931 13.709 -1.625
-3.9 13.763 -1.63
-3.773 17.33 -1.542
-3.748 17.48 -1.556
-3.72 17.62 -1.569
-3.69 17.75 -1.581
-3.687 17.877 -1.593
-3.651 17.986 -1.602
-3.601 18.03 -1.606
-8.85 29.447 -1.34
-8.857 29.641 -1.35
-8.818 29.849 -1.359
-8.778 30.06 -1.369
-8.735 30.266 -1.378
-8.676 30.42 -1.385
-8.601 30.518 -1.388
-8.52 30.599 -1.391
-8.481 30.645 -1.393
