2.42537 -0.308712 0.0237466 -0.000491012
0.961 4.852 -1.76
0.968 4.809 -1.744
0.989 4.759 -1.727
1 4.739 -1.721
1.022 4.767 -1.733
1.031 4.737 -1.722
1.039 4.739 -1.723
1.062 4.772 -1.738
1.068 4.728 -1.722
1.081 4.718 -1.719
1.098 4.723 -1.723
1.104 4.682 -1.708
1.119 4.68 -1.708
1.127 4.682 -1.71
1.138 4.664 -1.704
1.151 4.655 -1.702
1.172 4.673 -1.711
1.18 4.646 -1.701
1.194 4.638 -1.7
1.208 4.633 -1.699
1.216 4.634 -1.701
1.225 4.611 -1.693
1.04 5.877 -1.726
1.055 5.856 -1.72
1.071 5.84 -1.716
1.086 5.82 -1.711
1.106 5.824 -1.713
1.109 5.79 -1.703
1.124 5.77 -1.698
1.147 5.788 -1.705
1.159 5.755 -1.695
1.176 5.747 -1.694
1.197 5.757 -1.698
1.213 5.744 -1.695
1.22 5.731 -1.692
1.237 5.723 -1.691
1.252 5.706 -1.687
1.265 5.68 -1.679
1.285 5.687 -1.683
1.306 5.694 -1.687
1.316 5.656 -1.676
1.33 5.675 -1.682
1.341 5.644 -1.674
1.358 5.635 -1.672
1.377 5.638 -1.675
1.39 5.615 -1.669
1.412 5.625 -1.674
1.426 5.606 -1.669
1.433 5.596 -1.666
1.446 5.575 -1.661
1.662 6.293 -1.645
1.673 6.256 -1.636
1.683 6.215 -1.627
1.688 6.196 -1.622
1.693 6.134 -1.606
1.706 6.107 -1.6
1.722 6.09 -1.597
1.738 6.075 -1.594
1.106 9.427 -1.713
1.133 9.408 -1.71
1.156 9.344 -1.698
1.185 9.342 -1.699
1.213 9.325 -1.696
1.235 9.266 -1.685
1.248 9.255 -1.684
1.275 9.233 -1.68
1.301 9.208 -1.676
1.328 9.192 -1.674
1.352 9.153 -1.667
1.378 9.131 -1.663
1.122 11.369 -1.689
1.152 11.31 -1.68
1.187 11.294 -1.678
1.217 11.242 -1.67
1.233 11.23 -1.669
1.265 11.195 -1.664
1.299 11.179 -1.662
1.335 11.18 -1.663
1.365 11.133 -1.656
1.398 11.117 -1.654
1.431 11.099 -1.652
1.444 11.057 -1.646
1.477 11.041 -1.644
1.507 11.003 -1.638
1.223 14.589 -1.673
1.266 14.552 -1.669
1.305 14.48 -1.66
1.325 14.443 -1.656
1.367 14.405 -1.651
1.409 14.375 -1.648
1.448 14.305 -1.64
1.488 14.259 -1.634
1.529 14.215 -1.629
1.57 14.179 -1.625
1.587 14.131 -1.619
1.258 18.816 -1.652
1.316 18.794 -1.65
1.367 18.685 -1.64
1.423 18.647 -1.637
1.478 18.596 -1.632
1.53 18.506 -1.624
1.554 18.442 -1.618
1.606 18.372 -1.611
1.659 18.311 -1.606
1.712 18.264 -1.602
1.764 18.2 -1.596
1.68 24.643 -1.619
1.741 24.399 -1.601
1.765 24.205 -1.587
1.831 24.056 -1.576
1.899 23.961 -1.57
1.967 23.859 -1.563
2.034 23.759 -1.556
8.497 18.4 -0.814
8.438 18.196 -0.804
8.425 18.02 -0.795
8.405 17.83 -0.786
8.382 17.636 -0.777
8.364 17.456 -0.768
8.342 17.27 -0.76
