-37.2895 23.5149 -6.0321 0.568824
-1.463 7.478 -1.642
-1.442 7.496 -1.645
-1.431 7.5 -1.646
-1.409 7.516 -1.648
-1.389 7.537 -1.652
-1.362 7.523 -1.648
-1.338 7.527 -1.648
-1.318 7.548 -1.652
-1.308 7.566 -1.655
-1.284 7.566 -1.655
-1.262 7.578 -1.656
-1.237 7.578 -1.655
-1.217 7.605 -1.661
-1.193 7.606 -1.66
-1.17 7.62 -1.663
-1.159 7.624 -1.663
-1.138 7.648 -1.668
-1.113 7.648 -1.667
-1.092 7.669 -1.671
-1.069 7.684 -1.674
-1.045 7.685 -1.674
-1.025 7.715 -1.68
-1.014 7.731 -1.683
-0.947 7.786 -1.694
-1.622 8.911 -1.629
-1.597 8.938 -1.633
-1.57 8.945 -1.634
-1.545 8.967 -1.637
-1.518 8.977 -1.638
-1.49 8.988 -1.639
-1.476 8.988 -1.639
-1.448 8.995 -1.639
-1.422 9.011 -1.642
-1.394 9.019 -1.642
-1.368 9.037 -1.645
-1.341 9.051 -1.647
-1.314 9.067 -1.649
-1.301 9.077 -1.651
-1.273 9.089 -1.652
-1.246 9.104 -1.655
-1.221 9.13 -1.659
-1.193 9.141 -1.66
-1.169 9.182 -1.668
-1.142 9.197 -1.67
-1.131 9.224 -1.675
-1.101 9.224 -1.674
-1.076 9.258 -1.68
-1.473 10.924 -1.625
-1.441 10.944 -1.628
-1.408 10.964 -1.63
-1.393 10.984 -1.633
-1.36 10.998 -1.635
-1.328 11.026 -1.638
-1.295 11.042 -1.64
-1.263 11.069 -1.644
-1.231 11.099 -1.648
-1.217 11.124 -1.652
-1.186 11.173 -1.659
-1.128 11.293 -1.677
-1.62 14.107 -1.617
-1.579 14.138 -1.62
-1.537 14.166 -1.623
-1.517 14.192 -1.626
-1.476 14.229 -1.63
-1.436 14.281 -1.636
-1.395 14.333 -1.642
-1.352 14.355 -1.645
-1.311 14.4 -1.65
-1.276 14.533 -1.667
-2.528 17.667 -1.553
-2.478 17.718 -1.557
-2.431 17.787 -1.563
-2.385 17.872 -1.571
-2.359 17.889 -1.572
-2.3 17.871 -1.57
-2.247 17.908 -1.573
-2.186 17.871 -1.568
-2.143 17.987 -1.579
-2.089 18.019 -1.582
-2.037 18.063 -1.585
-2.01 18.082 -1.587
-1.957 18.126 -1.591
-1.905 18.175 -1.595
-1.853 18.235 -1.6
-1.802 18.304 -1.606
