36.6761 -18.3489 2.94411 -0.154526
-0.901 7.609 -1.652
-0.878 7.622 -1.654
-0.854 7.626 -1.655
-0.844 7.641 -1.658
-0.819 7.632 -1.655
-0.795 7.639 -1.656
-0.772 7.655 -1.659
-0.751 7.678 -1.664
-0.726 7.679 -1.664
-0.703 7.691 -1.666
-0.69 7.684 -1.664
-0.667 7.7 -1.667
-0.643 7.696 -1.666
-0.621 7.725 -1.672
-0.597 7.729 -1.673
-0.572 7.733 -1.673
-0.549 7.752 -1.677
-0.537 7.743 -1.675
-0.513 7.755 -1.677
-0.489 7.768 -1.68
-0.465 7.767 -1.679
-0.442 7.794 -1.685
-0.418 7.799 -1.686
-0.393 7.793 -1.684
-0.381 7.801 -1.686
-0.357 7.824 -1.691
-0.333 7.827 -1.692
-0.261 7.884 -1.704
