-36.1263 8.68237 -0.750672 0.0204829
-4.279 3.031 -1.665
-4.274 3.047 -1.667
-4.274 3.067 -1.671
-4.275 3.089 -1.676
-4.276 3.11 -1.68
-4.273 3.118 -1.681
-4.263 3.131 -1.681
-4.27 3.157 -1.688
-4.264 3.174 -1.69
-4.259 3.191 -1.692
-4.256 3.21 -1.695
-4.24 3.218 -1.692
-4.248 3.235 -1.698
-4.243 3.252 -1.7
-4.243 3.274 -1.705
-4.242 3.294 -1.709
-4.239 3.313 -1.712
-4.227 3.325 -1.711
-4.219 3.341 -1.712
-4.22 3.352 -1.715
-4.309 3.83 -1.663
-4.329 3.871 -1.676
-4.304 3.874 -1.671
-4.296 3.891 -1.672
-4.312 3.93 -1.684
-4.301 3.933 -1.682
-4.293 3.95 -1.684
-4.302 3.983 -1.693
-4.295 4.002 -1.695
-4.277 4.01 -1.693
-4.273 4.031 -1.697
-4.268 4.053 -1.7
-4.273 4.07 -1.705
-4.281 4.103 -1.714
-4.267 4.115 -1.713
-4.3 4.976 -1.664
-4.297 5.004 -1.669
-4.29 5.027 -1.673
-4.281 5.05 -1.676
-4.285 5.087 -1.684
-4.281 5.113 -1.689
-4.261 5.122 -1.687
-4.259 5.136 -1.69
-4.258 5.168 -1.696
-4.249 5.19 -1.699
-4.252 5.227 -1.708
-4.231 5.234 -1.706
-4.22 5.255 -1.708
-4.215 5.282 -1.713
-4.216 5.301 -1.717
-4.248 6.379 -1.652
-4.24 6.41 -1.657
-4.227 6.435 -1.66
-4.218 6.465 -1.665
-4.212 6.478 -1.667
-4.211 6.52 -1.675
-4.204 6.555 -1.681
-4.198 6.591 -1.687
-4.189 6.622 -1.692
-4.175 6.647 -1.695
-4.166 6.678 -1.7
-4.167 6.703 -1.705
-4.15 8.095 -1.637
-4.147 8.119 -1.641
-4.134 8.156 -1.646
-4.119 8.192 -1.651
-4.111 8.24 -1.658
-4.1 8.283 -1.665
-4.088 8.324 -1.671
-4.071 8.354 -1.675
-4.075 8.396 -1.682
-4.06 8.433 -1.688
-3.962 10.274 -1.623
-3.948 10.334 -1.631
-3.93 10.385 -1.638
-3.914 10.44 -1.645
-3.915 10.494 -1.653
-3.902 10.558 -1.662
-3.881 10.605 -1.668
-3.87 10.679 -1.678
-11.365 4.624 -1.37
-11.365 4.666 -1.372
-11.356 4.704 -1.373
-11.346 4.742 -1.374
-11.348 4.764 -1.375
-11.342 4.803 -1.376
-11.349 4.848 -1.379
-11.334 4.884 -1.379
-11.329 4.924 -1.381
-11.321 4.963 -1.382
-11.312 5.002 -1.383
-11.319 5.026 -1.385
-11.319 5.069 -1.387
-11.32 5.112 -1.389
-11.305 5.148 -1.39
-11.304 5.19 -1.392
-11.284 5.224 -1.391
-11.289 5.27 -1.394
-11.293 5.293 -1.396
-11.289 5.335 -1.398
-11.283 5.375 -1.399
-11.277 5.416 -1.401
-11.258 5.45 -1.4
-11.257 5.494 -1.403
-11.255 5.537 -1.405
-11.25 5.556 -1.406
-11.249 5.6 -1.408
-11.242 5.64 -1.409
-11.227 5.677 -1.41
-11.224 5.72 -1.412
-11.225 5.765 -1.415
-11.219 5.807 -1.416
-11.226 5.833 -1.419
-11.223 5.876 -1.421
-2.201 24.237 -1.592
-2.129 24.29 -1.595
-2.055 24.33 -1.598
-1.983 24.386 -1.602
-1.912 24.47 -1.607
-1.842 24.559 -1.613
-1.808 24.62 -1.618
-1.732 24.649 -1.62
-1.653 24.639 -1.618
-1.577 24.66 -1.62
-1.5 24.678 -1.621
-1.424 24.705 -1.622
-1.388 24.745 -1.625
-1.314 24.817 -1.63
-1.235 24.813 -1.629
-1.16 24.874 -1.634
-1.084 24.932 -1.638
-1.007 24.961 -1.639
-0.930001 25.006 -1.643
