0.869035 0.0735956 -0.00133356 4.2409e-05
1.758 3.768 -1.636
1.758 3.736 -1.623
1.766 3.739 -1.626
1.768 3.713 -1.616
1.77 3.688 -1.607
1.78 3.679 -1.605
1.784 3.658 -1.598
1.792 3.646 -1.595
1.8 3.634 -1.592
1.806 3.631 -1.592
1.812 3.615 -1.588
1.82 3.603 -1.585
1.239 7.593 -1.659
1.255 7.539 -1.647
1.279 7.541 -1.649
1.299 7.514 -1.643
1.309 7.502 -1.641
1.33 7.481 -1.637
1.351 7.463 -1.634
1.372 7.444 -1.63
1.397 7.449 -1.632
1.415 7.418 -1.626
1.435 7.394 -1.622
1.446 7.39 -1.621
1.466 7.366 -1.617
1.486 7.348 -1.613
1.509 7.343 -1.613
1.527 7.316 -1.608
1.26 9.017 -1.638
1.274 9.009 -1.637
1.297 8.972 -1.631
1.328 8.986 -1.634
1.348 8.929 -1.624
1.376 8.925 -1.624
1.401 8.901 -1.62
1.426 8.875 -1.616
1.441 8.881 -1.617
1.466 8.855 -1.613
1.49 8.829 -1.609
1.518 8.826 -1.609
1.541 8.796 -1.604
1.564 8.764 -1.599
1.579 8.765 -1.6
1.603 8.743 -1.596
1.627 8.717 -1.592
1.653 8.708 -1.592
1.677 8.683 -1.588
1.701 8.662 -1.585
1.324 10.798 -1.602
1.354 10.758 -1.597
1.386 10.742 -1.595
1.419 10.732 -1.594
1.449 10.7 -1.589
1.464 10.68 -1.587
1.496 10.668 -1.585
1.528 10.649 -1.583
1.558 10.619 -1.579
1.59 10.606 -1.578
1.618 10.568 -1.572
1.635 10.569 -1.573
1.665 10.541 -1.569
1.695 10.518 -1.566
1.723 10.481 -1.561
1.753 10.456 -1.558
1.782 10.431 -1.555
1.815 10.422 -1.555
1.829 10.409 -1.553
1.852 10.349 -1.544
1.479 13.756 -1.57
1.518 13.717 -1.566
1.553 13.644 -1.557
1.594 13.621 -1.555
1.635 13.6 -1.553
1.652 13.566 -1.549
1.693 13.543 -1.546
1.731 13.502 -1.542
1.768 13.461 -1.537
1.807 13.428 -1.534
1.845 13.397 -1.53
1.862 13.361 -1.526
1.899 13.325 -1.522
1.939 13.304 -1.52
1.601 17.659 -1.541
1.633 17.406 -1.517
1.688 17.399 -1.517
1.734 17.311 -1.509
1.778 17.204 -1.499
1.827 17.151 -1.494
1.877 17.107 -1.49
1.897 17.043 -1.484
2.023 22.773 -1.483
2.065 22.449 -1.46
2.128 22.359 -1.454
2.19 22.265 -1.447
2.248 22.145 -1.439
2.276 22.076 -1.434
2.335 21.963 -1.426
2.779 30.344 -1.326
2.96 30.222 -1.321
3.038 30.048 -1.313
3.07 29.894 -1.305
3.141 29.664 -1.294
3.217 29.499 -1.286
3.295 29.357 -1.28
3.372 29.206 -1.273
