-7.97026 1.18443 -0.0714677 0.0013799
-4.302 3.765 -1.431
-4.312 3.798 -1.438
-4.31 3.808 -1.44
-4.314 3.836 -1.446
-4.323 3.867 -1.453
-4.313 3.883 -1.454
-4.304 3.9 -1.455
-4.304 3.925 -1.46
-4.314 3.958 -1.468
-4.314 3.971 -1.47
-4.315 3.996 -1.475
-4.329 4.035 -1.485
-1.462 7.474 -1.641
-1.443 7.498 -1.646
-1.419 7.504 -1.646
-1.398 7.52 -1.649
-1.375 7.528 -1.65
-1.353 7.544 -1.652
-1.331 7.554 -1.654
-1.32 7.564 -1.655
-1.3 7.585 -1.66
-1.276 7.591 -1.66
-1.254 7.606 -1.663
-1.232 7.62 -1.665
-1.208 7.628 -1.666
-1.197 7.63 -1.666
-1.175 7.647 -1.669
-1.153 7.666 -1.673
-1.127 7.656 -1.669
-1.105 7.677 -1.674
-1.082 7.684 -1.674
-1.049 7.712 -1.68
-1.034 7.783 -1.696
-2.052 10.553 -1.582
-2.022 10.573 -1.584
-1.99 10.587 -1.585
-1.965 10.637 -1.593
-1.935 10.663 -1.596
-1.902 10.669 -1.596
-1.869 10.679 -1.596
-1.854 10.691 -1.598
-1.822 10.705 -1.599
-1.788 10.711 -1.599
-1.756 10.724 -1.6
-1.721 10.728 -1.6
-1.69 10.745 -1.602
-1.662 10.789 -1.608
-1.642 10.772 -1.605
-1.611 10.797 -1.608
-1.579 10.813 -1.61
-1.545 10.818 -1.61
-1.515 10.852 -1.615
-1.483 10.869 -1.617
-1.452 10.901 -1.621
-1.439 10.934 -1.626
-1.409 10.968 -1.631
-1.377 10.99 -1.634
-1.343 11.002 -1.635
-1.31 11.02 -1.637
-1.279 11.058 -1.642
-1.665 13.916 -1.593
-1.626 13.965 -1.599
-1.585 13.993 -1.602
-1.544 14.022 -1.605
-1.524 14.042 -1.607
-1.483 14.076 -1.611
-1.442 14.121 -1.616
-1.401 14.153 -1.62
-1.359 14.187 -1.623
-1.316 14.213 -1.626
-1.262 14.361 -1.645
-1.847 17.899 -1.567
-1.796 17.95 -1.572
-1.744 18 -1.576
-1.722 18.072 -1.583
-1.671 18.134 -1.589
-1.617 18.177 -1.592
-1.564 18.234 -1.597
-1.51 18.276 -1.601
-1.456 18.315 -1.604
-1.409 18.462 -1.618
-2.308 23.025 -1.504
-2.241 23.078 -1.507
-2.171 23.114 -1.509
-2.104 23.183 -1.514
-2.038 23.263 -1.519
-2.008 23.349 -1.526
-1.941 23.431 -1.531
-1.88 23.588 -1.542
-1.814 23.701 -1.55
-1.745 23.772 -1.555
