-4.83454 -0.691594 -0.0100604 0.00514522
-10.54 1.733 -1.571
-10.657 1.786 -1.591
-10.817 1.847 -1.617
-10.834 1.885 -1.621
-10.843 1.904 -1.623
-10.843 1.939 -1.624
-10.841 1.974 -1.625
-10.836 2.009 -1.625
-10.391 7.779 -1.461
-10.392 7.83 -1.465
-10.381 7.874 -1.467
-10.374 7.92 -1.47
-10.374 7.972 -1.474
-10.368 8.019 -1.477
-10.382 8.056 -1.481
-10.372 8.101 -1.484
-10.364 8.147 -1.487
-10.36 8.196 -1.49
-10.357 8.247 -1.494
-10.35 8.295 -1.497
-10.347 8.346 -1.501
-10.361 8.385 -1.506
-10.346 8.426 -1.507
-10.356 8.489 -1.513
-10.337 8.528 -1.515
-2.538 23.45 -1.537
-2.467 23.484 -1.539
-2.394 23.503 -1.54
-2.322 23.529 -1.541
-2.287 23.552 -1.542
-2.214 23.571 -1.543
-2.14 23.574 -1.543
-2.069 23.612 -1.545
-1.992 23.591 -1.543
-1.917 23.591 -1.543
-1.846 23.635 -1.546
-1.809 23.63 -1.545
-1.736 23.663 -1.547
-1.662 23.672 -1.547
-1.592 23.739 -1.552
-1.525 23.853 -1.56
-1.451 23.88 -1.562
-1.377 23.896 -1.562
-1.342 23.94 -1.566
-1.265 23.923 -1.564
-1.192 23.96 -1.566
-1.118 23.996 -1.569
-1.042 23.989 -1.568
-0.969001 24.052 -1.572
-0.896001 24.115 -1.577
-0.859001 24.144 -1.579
-0.785001 24.201 -1.583
-0.712001 24.289 -1.589
-0.636001 24.327 -1.592
-2.158 31.992 -1.406
-2.064 32.092 -1.411
-1.969 32.202 -1.416
-1.877 32.364 -1.424
-1.781 32.465 -1.429
-1.731 32.482 -1.43
-1.632 32.561 -1.433
-1.532 32.614 -1.436
-1.433 32.688 -1.439
-1.332 32.741 -1.442
-1.231 32.791 -1.444
-1.182 32.856 -1.447
-1.08 32.884 -1.448
-0.978001 32.939 -1.451
-0.876001 32.994 -1.454
-0.774001 33.058 -1.457
-0.671001 33.127 -1.46
