-4.54567 0.155241 0.031441 -0.00217692
-4.065 2.078 -1.482
-4.062 2.093 -1.483
-4.062 2.109 -1.486
-4.062 2.117 -1.487
-4.064 2.134 -1.49
-4.066 2.151 -1.494
-4.059 2.164 -1.494
-4.066 2.184 -1.499
-4.064 2.199 -1.501
-4.062 2.215 -1.503
-4.062 2.223 -1.504
-4.066 2.242 -1.509
-4.059 2.255 -1.509
-4.064 2.274 -1.513
-4.06 2.288 -1.515
-4.059 2.305 -1.517
-4.06 2.322 -1.521
-4.071 2.337 -1.527
-4.079 2.358 -1.533
-1.728 6.367 -1.669
-1.719 6.375 -1.671
-1.701 6.388 -1.673
-1.682 6.395 -1.674
-1.662 6.4 -1.674
-1.643 6.411 -1.675
-1.624 6.422 -1.677
-1.608 6.442 -1.681
-1.598 6.445 -1.681
-1.58 6.461 -1.684
-1.561 6.469 -1.685
-1.544 6.489 -1.689
-1.522 6.489 -1.688
-1.508 6.518 -1.695
-1.484 6.507 -1.69
-1.478 6.53 -1.696
-1.458 6.535 -1.696
-1.393 6.535 -1.693
-1.388 6.609 -1.712
-1.374 6.646 -1.721
-2.15 10.694 -1.607
-2.121 10.724 -1.611
-2.094 10.764 -1.616
-2.06 10.772 -1.616
-2.029 10.792 -1.619
-2.014 10.803 -1.62
-1.983 10.825 -1.622
-1.953 10.854 -1.626
-1.921 10.874 -1.628
-1.892 10.909 -1.633
-1.858 10.915 -1.633
-1.83 10.96 -1.639
-1.817 10.99 -1.644
-1.785 11.009 -1.646
-1.754 11.036 -1.649
-1.728 11.098 -1.658
-2.458 13.603 -1.569
-2.441 13.755 -1.587
-2.399 13.77 -1.588
-2.358 13.791 -1.59
-2.317 13.811 -1.592
-2.277 13.839 -1.595
-2.261 13.876 -1.599
-2.219 13.897 -1.601
-2.177 13.914 -1.602
-2.136 13.94 -1.604
-2.099 13.988 -1.61
-2.059 14.022 -1.613
-2.019 14.06 -1.617
-2.004 14.112 -1.624
-1.968 14.183 -1.632
-2.681 17.743 -1.562
-2.63 17.785 -1.566
-2.61 17.84 -1.571
-2.557 17.868 -1.573
-2.508 17.933 -1.578
-2.458 17.986 -1.583
-2.412 18.067 -1.59
-2.367 18.165 -1.599
-2.345 18.218 -1.604
-2.299 18.316 -1.613
-3.745 23.033 -1.518
-3.721 23.114 -1.524
-3.649 23.127 -1.524
-3.595 23.257 -1.533
-3.523 23.274 -1.533
-3.458 23.342 -1.537
-3.398 23.446 -1.544
-3.333 23.518 -1.549
-3.305 23.588 -1.554
-3.243 23.683 -1.56
-3.179 23.77 -1.566
-3.116 23.871 -1.573
-2.969 23.908 -1.574
-5.296 32.479 -1.449
-5.221 32.667 -1.457
-5.178 32.726 -1.46
-5.094 32.863 -1.466
-5.002 32.952 -1.47
-4.919 33.109 -1.477
-4.847 33.342 -1.488
-4.751 33.42 -1.491
-4.667 33.584 -1.499
-4.525 33.724 -1.505
