-4.32457 -0.000548677 0.00169549 5.49015e-06
-4.334 3.547 -1.612
-4.332 3.568 -1.616
-4.331 3.59 -1.62
-4.316 3.6 -1.618
-4.312 3.62 -1.621
-4.327 3.655 -1.632
-4.305 3.649 -1.625
-4.305 3.672 -1.63
-4.314 3.703 -1.638
-4.296 3.712 -1.636
-4.286 3.726 -1.636
-4.3 3.762 -1.647
-4.287 3.774 -1.646
-4.288 3.788 -1.649
-4.289 3.812 -1.655
-4.281 3.83 -1.656
-4.264 3.838 -1.654
-4.28 3.877 -1.666
-4.269 3.892 -1.666
-4.262 3.897 -1.666
-4.265 3.924 -1.672
-4.265 3.949 -1.678
-4.252 3.962 -1.677
-4.242 3.978 -1.678
-4.242 4.003 -1.684
-4.305 4.767 -1.622
-4.316 4.794 -1.63
-4.305 4.812 -1.631
-4.301 4.838 -1.636
-4.292 4.859 -1.639
-4.286 4.882 -1.642
-4.283 4.91 -1.647
-4.276 4.932 -1.651
-4.275 4.948 -1.654
-4.27 4.973 -1.658
-4.262 4.995 -1.661
-4.265 5.031 -1.669
-4.253 5.048 -1.671
-4.25 5.076 -1.676
-4.288 5.982 -1.582
-4.294 6.031 -1.592
-4.272 6.039 -1.59
-4.283 6.075 -1.599
-4.282 6.113 -1.606
-4.275 6.144 -1.611
-4.262 6.167 -1.613
-4.268 6.218 -1.624
-4.256 6.242 -1.627
-4.254 6.26 -1.63
-4.252 6.299 -1.637
-4.249 7.657 -1.571
-4.244 7.705 -1.579
-4.23 7.735 -1.582
-4.223 7.781 -1.59
-4.219 7.833 -1.598
-4.207 7.868 -1.603
-4.206 7.897 -1.608
-4.198 7.942 -1.615
-4.183 7.974 -1.619
-4.171 8.011 -1.624
-4.156 8.044 -1.628
-4.2 9.612 -1.54
-4.185 9.661 -1.547
-4.178 9.727 -1.556
-4.162 9.775 -1.562
-4.154 9.84 -1.571
-4.143 9.903 -1.579
-4.143 9.945 -1.586
-4.125 9.991 -1.591
-4.051 12.609 -1.495
-4.032 12.69 -1.504
-4.019 12.786 -1.515
-4 12.868 -1.524
-3.984 12.961 -1.535
-3.967 13.051 -1.545
-3.962 13.108 -1.552
-3.88 16.34 -1.449
-3.855 16.464 -1.461
-3.835 16.614 -1.475
-3.809 16.74 -1.486
-3.78 16.857 -1.497
-3.764 16.912 -1.502
-3.622 21.232 -1.386
-3.583 21.408 -1.398
-3.546 21.605 -1.412
-3.512 21.824 -1.427
-3.461 21.944 -1.436
-3.398 21.994 -1.439
-3.368 22.029 -1.441
-3.304 22.075 -1.443
-3.24 22.118 -1.446
-2.883 29.116 -1.266
-2.82 29.415 -1.28
-2.757 29.738 -1.296
-2.725 29.907 -1.304
-2.637 29.985 -1.308
-2.546 30.025 -1.309
-2.456 30.087 -1.312
-2.365 30.146 -1.315
-2.275 30.209 -1.318
