-6.2438 0.316552 0.0434423 -0.00684169
-1.845 6.326 -1.667
-1.826 6.335 -1.668
-1.808 6.345 -1.669
-1.8 6.355 -1.672
-1.782 6.37 -1.674
-1.762 6.375 -1.674
-1.743 6.385 -1.675
-1.729 6.411 -1.681
-1.707 6.409 -1.679
-1.687 6.416 -1.679
-1.68 6.428 -1.682
-1.661 6.439 -1.684
-1.644 6.457 -1.687
-1.622 6.454 -1.685
-1.603 6.467 -1.687
-1.583 6.474 -1.688
-1.568 6.498 -1.693
-1.557 6.496 -1.692
-1.538 6.509 -1.694
-1.519 6.519 -1.696
-1.502 6.539 -1.7
-1.483 6.551 -1.702
-1.464 6.561 -1.704
-1.442 6.56 -1.702
-1.426 6.585 -1.708
-1.417 6.595 -1.71
-1.394 6.59 -1.707
-1.379 6.617 -1.714
-1.365 6.657 -1.723
-4.153 5.376 -1.451
-4.16 5.42 -1.46
-4.16 5.455 -1.466
-4.163 5.494 -1.474
-4.158 5.524 -1.479
-4.171 5.578 -1.49
-4.173 5.598 -1.494
-4.171 5.632 -1.5
-4.176 5.676 -1.509
-2.359 10.929 -1.65
-2.344 10.941 -1.651
-2.314 10.971 -1.655
-2.274 10.953 -1.651
-2.244 10.98 -1.654
-2.215 11.014 -1.659
-2.185 11.044 -1.662
-2.168 11.049 -1.663
-2.136 11.069 -1.665
-2.106 11.101 -1.669
-2.074 11.121 -1.671
-2.043 11.149 -1.675
-2.01 11.169 -1.677
-1.98 11.203 -1.681
-1.962 11.204 -1.681
-1.933 11.245 -1.687
-1.899 11.257 -1.688
-1.87 11.302 -1.694
-1.841 11.347 -1.7
-2.447 15.144 -1.684
-2.401 15.163 -1.686
-2.357 15.19 -1.688
-2.318 15.256 -1.695
-2.274 15.291 -1.699
-2.262 15.377 -1.709
-2.201 15.637 -1.739
-3.073 18.729 -1.664
-3.016 18.754 -1.666
-2.968 18.829 -1.672
-2.945 18.879 -1.677
-2.892 18.929 -1.681
-2.839 18.981 -1.685
-2.788 19.043 -1.69
-2.74 19.135 -1.698
-2.643 19.319 -1.715
