1.96566 0.0767329 0.00608265 -0.000348184
2.41104 4.85701 -1.05403
2.42534 4.84329 -1.05288
2.43608 4.82471 -1.05059
2.45474 4.82185 -1.05174
2.45099 4.77526 -1.04334
2.44755 4.72181 -1.0338
2.43956 4.66843 -1.02388
2.43489 4.6221 -1.01549
2.43167 4.57716 -1.00747
2.43372 4.54269 -1.00175
2.56013 5.91327 -1.02058
2.56833 5.87308 -1.01526
2.5635 5.804 -1.00494
2.5562 5.73592 -0.99461
2.5428 5.65535 -0.982096
2.54048 5.59787 -0.973648
2.5378 5.54048 -0.965201
2.72426 7.46052 -0.975199
2.73791 7.41745 -0.970811
2.74158 7.34833 -0.963012
2.73233 7.25004 -0.951312
2.7161 7.13519 -0.937419
2.7075 7.03858 -0.925963
2.69106 6.92362 -0.91207
2.93057 9.90615 -0.903805
2.95255 9.85387 -0.89997
2.97189 9.79393 -0.895438
2.99436 9.74541 -0.891952
3.02303 9.71778 -0.890383
3.01564 9.57604 -0.878356
2.99701 9.4022 -0.863365
2.97231 9.21344 -0.846979
