2.18402 0.0491928 0.00743169 -0.000303711
2.43219 3.57215 -1.15796
2.42935 3.54134 -1.15071
2.41863 3.49946 -1.13984
2.42028 3.47715 -1.13518
2.41466 3.44337 -1.1269
2.41552 3.41915 -1.12172
2.4084 3.38394 -1.11292
2.40556 3.3551 -1.10619
2.49491 4.2389 -1.13555
2.49451 4.20291 -1.12835
2.48488 4.15194 -1.11711
2.48153 4.1153 -1.10946
2.47695 4.07707 -1.10136
2.48475 4.05634 -1.09821
2.48322 4.02067 -1.09101
2.47595 3.97933 -1.08201
2.57761 5.11833 -1.11394
2.58835 5.0953 -1.11089
2.5909 5.05653 -1.1044
2.5887 5.00908 -1.09601
2.56987 4.93038 -1.08074
2.56429 4.88012 -1.07158
2.56752 4.84512 -1.06586
2.57054 4.81015 -1.06013
2.70174 6.25233 -1.07877
2.7038 6.1976 -1.07095
2.68879 6.10497 -1.05656
2.67799 6.02334 -1.04404
2.67635 5.9635 -1.03528
2.67596 5.90733 -1.02715
2.77213 8.04173 -1.04442
2.78964 8.00625 -1.04101
2.80833 7.97025 -1.0376
2.82614 7.93235 -1.03394
2.84641 7.90189 -1.03126
2.86922 7.87885 -1.02955
2.87819 7.81849 -1.02297
2.86674 7.70843 -1.00981
2.85731 7.60175 -0.997135
2.84788 7.49709 -0.984704
3.05413 10.7644 -0.978933
3.08838 10.7422 -0.977887
3.12698 10.7351 -0.978236
3.16122 10.7064 -0.976667
3.17917 10.6304 -0.970741
3.15726 10.431 -0.953484
3.1376 10.2371 -0.93675
3.1249 10.07 -0.922456
3.46822 15.9468 -0.855274
3.52319 15.9184 -0.854437
3.57435 15.8865 -0.85339
3.62301 15.8571 -0.852448
3.66976 15.8073 -0.850459
3.6997 15.6875 -0.844702
3.67023 15.323 -0.825757
3.6392 14.9627 -0.807021
3.61912 14.6571 -0.791215
