-14.2058 1.01678 -0.0797674 0.00211961
-13.201 5.02778 -1.23587
-13.2327 5.09546 -1.24057
-13.3077 5.17773 -1.24929
-13.3896 5.26352 -1.2587
-13.449 5.34112 -1.26602
-13.5051 5.41534 -1.273
-13.5582 5.49162 -1.27979
-13.5832 5.55702 -1.28398
-13.6161 5.62884 -1.28903
-9.6935 15.5793 -0.961621
-9.67368 15.6691 -0.965075
-9.6565 15.7641 -0.968843
-9.66157 15.8967 -0.974914
-9.65758 16.0159 -0.980148
-9.62623 16.0906 -0.98266
-9.61893 16.2066 -0.987684
-9.61177 16.3175 -0.992499
-9.59708 16.4234 -0.996895
-9.58676 16.538 -1.00181
-9.5678 16.6389 -1.0059
-9.54529 16.7347 -1.00967
-9.51927 16.8253 -1.01312
-9.45854 16.8549 -1.01291
