4.08988 -1.04617 0.18499 -0.0100461
2.19087 4.80743 -1.02693
2.19781 4.77619 -1.02197
2.1938 4.72397 -1.01243
2.18694 4.66651 -1.00175
2.1814 4.6127 -0.991825
2.1755 4.55899 -0.981903
2.17607 4.51953 -0.975034
2.25142 5.76269 -0.979906
2.25339 5.70886 -0.972084
2.25135 5.64592 -0.962698
2.2489 5.58305 -0.953312
2.24604 5.52028 -0.943926
2.24127 5.45394 -0.933914
2.23379 5.38222 -0.922963
2.40482 7.07222 -0.917189
2.40496 6.99245 -0.907927
2.40206 6.90943 -0.898177
2.36757 6.73433 -0.876484
2.33986 6.58201 -0.857717
