-12.0235 0.23099 -0.0123202 0.000340128
-11.1624 4.62135 -1.48339
-11.1635 4.66523 -1.48559
-11.1673 4.71267 -1.48827
-11.1618 4.75628 -1.48973
-11.1487 4.79678 -1.49022
-11.1356 4.83725 -1.49071
-11.1331 4.88247 -1.49266
-11.1378 4.93095 -1.49558
-11.1368 4.97709 -1.49777
-11.1248 5.01838 -1.49851
-11.1127 5.05965 -1.49924
-11.1599 5.12825 -1.50801
-11.1311 5.16216 -1.50655
-11.1085 5.19653 -1.50582
-11.0975 5.23865 -1.50679
-11.0989 5.28675 -1.50947
-11.0857 5.32804 -1.51021
-11.0992 5.3823 -1.51459
-11.091 5.42625 -1.51605
-11.0783 5.46562 -1.51679
-11.0645 5.50692 -1.51752
-11.0576 5.55174 -1.51922
-11.0701 5.60645 -1.52361
-11.0628 5.65138 -1.52532
-11.0412 5.68905 -1.52507
-11.0372 5.73579 -1.52727
-11.0487 5.79088 -1.53165
-11.0372 5.83404 -1.53287
-11.0343 5.88188 -1.53531
-10.5364 10.8197 -1.32128
-10.5475 10.9032 -1.32721
-10.5508 10.9831 -1.33244
-10.5405 11.0454 -1.33575
-10.5279 11.1096 -1.33906
-10.5273 11.1869 -1.34394
-10.5154 11.2527 -1.34743
-10.5188 11.3394 -1.35318
-10.5048 11.4039 -1.35649
-10.4931 11.4713 -1.36015
-10.4825 11.5403 -1.36399
-10.4662 11.6035 -1.36712
-10.4695 11.6889 -1.37288
-10.4426 11.737 -1.37445
-10.4055 11.7778 -1.37497
-10.3795 11.8272 -1.37671
-9.79933 18.8003 -1.11109
-9.78867 18.9409 -1.11737
-9.76106 19.0584 -1.12219
-9.7415 19.1849 -1.12763
-9.72993 19.3206 -1.1337
-9.72398 19.4777 -1.14092
-9.71339 19.6191 -1.14731
-9.68798 19.7407 -1.15244
-9.6513 19.832 -1.15589
-9.61758 19.9482 -1.1606
-9.58147 20.0519 -1.16468
-9.50372 20.069 -1.16374
