1.24182 -0.436486 -0.0786932 0.0039867
-13.9622 4.37013 -1.27997
-13.9924 4.43328 -1.28415
-14.0527 4.50643 -1.29113
-14.106 4.57514 -1.2974
-14.1429 4.64174 -1.30228
-14.1833 4.70992 -1.30751
-14.2159 4.7759 -1.31204
-14.2576 4.84536 -1.31745
-14.3112 4.91657 -1.3239
-14.3494 4.98295 -1.32895
-14.3808 5.05018 -1.33348
-9.52385 16.2071 -0.985172
-9.51734 16.3196 -0.990092
-9.50132 16.4236 -0.994383
-9.49264 16.5416 -0.999512
-9.47535 16.6458 -1.0038
-9.46136 16.7502 -1.0082
-9.44676 16.8615 -1.01291
-9.43053 16.9712 -1.01752
-9.42522 17.102 -1.02338
-9.41062 17.2102 -1.02798
-9.38398 17.2975 -1.03133
-9.3699 17.4163 -1.03646
-9.33067 17.4895 -1.03887
-9.27075 17.5168 -1.03866
