2.00448 -0.0103207 0.0174256 -0.000906227
2.29922 5.09459 -1.08647
2.29665 5.04186 -1.07693
2.29204 4.98784 -1.067
2.29292 4.94419 -1.05937
2.28102 4.87609 -1.0464
2.28294 4.83614 -1.03953
2.27193 4.76749 -1.02655
2.37264 6.27901 -1.06313
2.39454 6.27069 -1.06313
2.40788 6.24018 -1.05937
2.40597 6.171 -1.04905
2.39999 6.09272 -1.03716
2.39202 6.01089 -1.02465
2.37689 5.9127 -1.00932
2.54975 7.87536 -1.01639
2.55793 7.81215 -1.00932
2.55023 7.69765 -0.995673
2.53292 7.55695 -0.978611
2.52104 7.43527 -0.963987
2.68501 10.4802 -0.946511
2.71255 10.436 -0.943374
2.74439 10.4092 -0.941805
2.77556 10.3803 -0.940062
2.80396 10.3417 -0.937447
2.78776 10.1416 -0.92019
2.76646 9.92841 -0.901713
2.74478 9.71929 -0.883585
4.75394 12.4168 -0.696801
4.75762 12.2977 -0.691044
4.76707 12.1954 -0.686229
4.77513 12.0914 -0.68131
4.7914 12.0097 -0.677646
4.79671 11.9022 -0.672517
4.80264 11.792 -0.667284
4.78374 11.6293 -0.659014
4.80362 11.5627 -0.656188
4.82464 11.4998 -0.653571
4.82614 11.3973 -0.648652
4.84077 11.3216 -0.645302
