1.74651 0.129117 -0.00704546 0.000321628
2.22407 5.17916 -1.09563
2.23355 5.15155 -1.09143
2.24679 5.13293 -1.08914
2.24882 5.08914 -1.08151
2.25458 5.05437 -1.07578
2.25286 5.0035 -1.06662
2.24757 4.94556 -1.05594
2.23945 4.88237 -1.04411
2.28665 6.39691 -1.07596
2.29644 6.35771 -1.07064
2.31634 6.33997 -1.06907
2.32723 6.29809 -1.06344
2.35059 6.29363 -1.06407
2.34634 6.21926 -1.0528
2.33707 6.12982 -1.03904
2.32792 6.04236 -1.02558
2.4349 8.00919 -1.02785
2.45642 7.97977 -1.02517
2.46497 7.90439 -1.01663
2.4619 7.80341 -1.00469
2.45531 7.68887 -0.991042
2.44795 7.57447 -0.977392
2.637 10.6238 -0.957667
2.66725 10.5875 -0.955227
2.69383 10.5376 -0.951566
2.69027 10.3801 -0.938144
2.67228 10.1644 -0.919493
2.65282 9.94907 -0.900842
