9.90753 -3.73786 0.498261 -0.0218604
1.00149 4.7897 -1.1297
1.0174 4.78237 -1.1288
1.03079 4.76355 -1.12521
1.04614 4.75022 -1.12296
1.06019 4.73912 -1.12116
1.07888 4.74489 -1.12341
1.09325 4.7316 -1.12116
1.10397 4.7031 -1.11531
1.11405 4.67268 -1.10901
1.13081 4.67065 -1.10946
1.14385 4.65343 -1.10631
1.1549 4.62861 -1.10136
1.16005 4.5811 -1.09101
1.16779 4.54494 -1.08336
1.17401 4.5071 -1.07527
0.931219 5.60682 -1.10478
0.942574 5.55514 -1.09524
0.955591 5.51506 -1.08799
0.967656 5.4711 -1.07998
0.979076 5.42518 -1.07158
0.989833 5.37732 -1.06281
1.00244 5.34103 -1.05632
1.01186 5.28929 -1.04678
0.666874 6.72875 -1.07095
0.688341 6.70673 -1.06782
0.706534 6.65518 -1.06
0.720283 6.56627 -1.04623
0.736754 6.5068 -1.03716
0.753964 6.4571 -1.02965
0.772016 6.41716 -1.02371
0.791352 6.39888 -1.0212
0.81144 6.37844 -1.01839
0.164818 8.50651 -1.04466
0.194601 8.50985 -1.04515
0.223625 8.48332 -1.04198
0.252762 8.46662 -1.04003
0.281256 8.43394 -1.03613
0.309744 8.40712 -1.03296
0.336528 8.34251 -1.02517
0.358996 8.22236 -1.01054
0.381415 8.11801 -0.997866
0.405046 8.02345 -0.986411
0.271754 10.2413 -0.89631
0.306365 10.2024 -0.892998
0.340641 10.1615 -0.889511
0.375298 10.1383 -0.887594
0.410362 10.129 -0.886897
0.444665 10.1036 -0.884805
0.478168 10.1021 -0.884805
0.510455 10.0765 -0.882713
0.544117 10.0468 -0.880273
0.577578 10.017 -0.877833
0.613271 10.0269 -0.878878
0.645438 9.98095 -0.875044
0.679733 9.97068 -0.874346
0.712253 9.93645 -0.871557
0.745739 9.91801 -0.870163
0.780354 9.91535 -0.870163
0.812675 9.88476 -0.867723
0.843751 9.86216 -0.865979
0.874636 9.81947 -0.862493
0.909275 9.82032 -0.862842
0.943167 9.81312 -0.862493
0.97386 9.77408 -0.859356
1.0047 9.73891 -0.856567
1.03531 9.70365 -0.853778
1.0683 9.69206 -0.85308
1.10077 9.67639 -0.852035
1.13269 9.65666 -0.85064
1.16256 9.621 -0.847851
1.19417 9.60106 -0.846457
1.2255 9.5931 -0.846108
1.21749 13.6149 -0.716375
1.25854 13.541 -0.712711
1.30369 13.5146 -0.71156
1.34708 13.4722 -0.709571
1.39204 13.4476 -0.708524
1.43855 13.4387 -0.708315
1.47667 13.3542 -0.704128
1.51603 13.2854 -0.700778
1.55586 13.2245 -0.697848
1.59505 13.1615 -0.694812
1.62807 13.0709 -0.690311
1.66277 12.98 -0.68581
1.69947 12.9087 -0.682356
1.73542 12.8354 -0.678797
1.77747 12.8095 -0.677751
1.81119 12.7261 -0.673669
1.85445 12.7118 -0.67325
1.89498 12.6796 -0.671889
1.93439 12.6413 -0.670214
1.97418 12.6069 -0.668749
2.01596 12.5861 -0.668016
2.05407 12.5435 -0.666132
