2.01934 0.0251948 0.0111122 -0.000544632
2.2247 3.61903 -1.13829
2.23161 3.60342 -1.1357
2.22411 3.56486 -1.12586
2.22112 3.53255 -1.1181
2.2231 3.50845 -1.11292
2.22242 3.47912 -1.10619
2.21887 3.44697 -1.09843
2.21196 3.41003 -1.08911
2.20847 3.38004 -1.08186
2.28838 4.26782 -1.11801
2.28566 4.22723 -1.10946
2.28381 4.19054 -1.10181
2.28622 4.16034 -1.09596
2.29129 4.13529 -1.09146
2.28551 4.08944 -1.08156
2.27611 4.04109 -1.07077
2.26518 3.98906 -1.05907
2.35202 5.08557 -1.08914
2.36394 5.06488 -1.08647
2.37994 5.05304 -1.0857
2.37481 4.99683 -1.0754
2.3778 4.95842 -1.06891
2.36859 4.8953 -1.05708
2.36155 4.8376 -1.0464
2.36628 4.80467 -1.04105
2.35857 4.74715 -1.03037
2.48802 6.14264 -1.04968
2.48402 6.07176 -1.03904
2.47653 5.99367 -1.02715
2.4731 5.92665 -1.01714
2.46999 5.86155 -1.00744
2.46491 5.79291 -0.997113
2.6076 7.79781 -1.00957
2.62772 7.7722 -1.00737
2.64391 7.73105 -1.00323
2.64817 7.65611 -0.994698
2.63359 7.52877 -0.979342
2.63205 7.44093 -0.969105
2.63394 7.36441 -0.960331
2.64283 7.3127 -0.954725
5.53568 4.88036 -0.64565
5.54069 4.8505 -0.644255
5.50345 4.78408 -0.63798
5.50654 4.75312 -0.636411
5.50495 4.71831 -0.634319
5.50166 4.68228 -0.632053
5.50275 4.65019 -0.63031
5.49453 4.61046 -0.627521
5.48304 4.5683 -0.624384
5.47746 4.53135 -0.621943
5.46707 4.4907 -0.61898
5.45647 4.45018 -0.616017
5.44719 4.41105 -0.613228
5.44237 4.37578 -0.610962
5.44048 4.34308 -0.609044
5.43531 4.30798 -0.606778
5.43153 4.27419 -0.604686
5.42129 4.23558 -0.601898
5.41715 4.20198 -0.599806
5.39949 4.15967 -0.59632
5.41398 4.1408 -0.59632
5.40619 4.10501 -0.593879
6.37947 10.3373 -0.636615
6.37891 10.2601 -0.63316
6.38534 10.1949 -0.630439
6.35053 10.0611 -0.623531
6.33737 9.96302 -0.61882
6.33719 9.88256 -0.615262
6.35755 9.83857 -0.613901
6.364 9.77726 -0.611389
6.3718 9.71491 -0.608877
6.37425 9.64873 -0.60605
6.38633 9.59039 -0.603852
6.39361 9.52546 -0.601236
6.41675 9.4882 -0.600293
6.42284 9.42613 -0.597781
6.40823 9.33449 -0.593385
6.42551 9.29348 -0.592129
6.43005 9.23442 -0.589722
6.44229 9.18688 -0.588047
6.45056 9.12733 -0.585744
4.10511 27.2726 -0.481407
4.19542 27.2265 -0.480849
4.27548 27.1168 -0.479173
4.34019 26.9162 -0.475892
4.42058 26.7896 -0.473938
4.49811 26.6793 -0.472262
4.55184 26.4349 -0.468213
4.57069 26.0013 -0.460813
4.6195 25.7774 -0.457113
4.69651 25.6903 -0.455857
4.76563 25.5636 -0.453902
4.83542 25.4447 -0.452087
4.90962 25.3286 -0.450342
4.97709 25.2054 -0.448457
5.03386 25.0554 -0.446084
5.08282 24.8496 -0.442733
5.14345 24.7064 -0.440499
5.19402 24.5201 -0.437497
5.25431 24.3845 -0.435403
5.312 24.241 -0.433169
5.37397 24.1208 -0.431354
