-12.2723 4.62236 -0.140069 -0.0405044
2.23017 5.34712 -1.12615
2.24349 5.32664 -1.12348
2.25669 5.30613 -1.12081
2.26513 5.27477 -1.11585
2.26791 5.2308 -1.10822
2.2649 5.1743 -1.09792
2.25835 5.11069 -1.08608
2.24898 5.04182 -1.07311
2.34992 6.50221 -1.09504
2.36853 6.48284 -1.09316
2.37199 6.42265 -1.0844
2.36054 6.32365 -1.06907
2.35541 6.24329 -1.05687
2.34692 6.15566 -1.04342
2.52385 8.19372 -1.05271
2.52998 8.11285 -1.04345
2.51884 7.97903 -1.02736
2.50136 7.82837 -1.00908
2.48885 7.70103 -0.993723
4.92768 6.82235 -0.736292
4.91513 6.75517 -0.730888
4.91276 6.70262 -0.727053
4.90063 6.63735 -0.721824
4.90474 6.59462 -0.719035
4.90976 6.55109 -0.716246
4.88938 6.47667 -0.709971
4.88302 6.4215 -0.705787
4.87633 6.36645 -0.701604
4.88392 6.33046 -0.699512
4.87909 6.27876 -0.695677
4.86319 6.21789 -0.690622
4.85898 6.16801 -0.686962
4.86314 6.12916 -0.684521
