-12.1162 0.199914 -0.00329709 3.44061e-05
-10.3112 10.6329 -1.29583
-10.3016 10.6975 -1.29932
-10.2973 10.768 -1.3035
-10.2816 10.827 -1.30629
-10.2702 10.8871 -1.30943
-10.2649 10.9578 -1.31361
-10.2618 11.0314 -1.31814
-10.2449 11.0906 -1.32093
-10.2398 11.163 -1.32529
-10.2383 11.2399 -1.33017
-10.2552 11.3377 -1.33749
-10.2208 11.3793 -1.33819
-10.2262 11.4655 -1.34412
-10.1986 11.5113 -1.34551
-10.1696 11.5555 -1.34673
-12.715 14.4579 -1.00904
-12.7077 14.5466 -1.01228
-12.6818 14.6247 -1.01448
-12.6567 14.7044 -1.01678
-12.6547 14.8062 -1.02076
-12.6326 14.8801 -1.02296
-12.6218 14.9729 -1.02631
-12.5797 15.0344 -1.02735
-12.5769 15.1382 -1.03144
-12.5495 15.2075 -1.03332
-12.5103 15.2682 -1.03447
-12.4873 15.3437 -1.03678
-12.4475 15.4043 -1.03793
-12.4224 15.4835 -1.04033
-12.4068 15.5752 -1.04358
-12.3846 15.6591 -1.0463
-12.3409 15.7164 -1.04724
-12.3143 15.7956 -1.04965
-12.2994 15.8906 -1.0531
-12.2609 15.9556 -1.05457
-12.2596 16.0698 -1.05928
-12.2143 16.1268 -1.06022
-7.62667 35.6968 -0.637152
-7.57765 36.0833 -0.643575
-7.53166 36.4973 -0.650486
-7.50046 36.965 -0.658375
-7.43939 37.3322 -0.664448
-7.39196 37.7818 -0.671987
-7.34827 38.2669 -0.680155
-7.32054 38.8544 -0.690138
