1.92923 0.0672849 0.0032639 -2.90335e-05
2.32875 5.14803 -1.0983
2.33692 5.11844 -1.09372
2.35149 5.10312 -1.09219
2.36184 5.07886 -1.08876
2.35787 5.02437 -1.07883
2.35942 4.9824 -1.07158
2.35141 4.92099 -1.06013
2.33958 4.85262 -1.04716
2.47076 6.31111 -1.07345
2.48586 6.28819 -1.07095
2.48693 6.23037 -1.0625
2.48314 6.15527 -1.05124
2.4651 6.04961 -1.03466
2.46365 5.98616 -1.02527
2.46558 5.93193 -1.01745
2.61584 7.95612 -1.02833
2.63294 7.91491 -1.02419
2.64219 7.85111 -1.01712
2.66318 7.82305 -1.01468
2.65881 7.72174 -1.00274
2.67465 7.68054 -0.998597
2.68957 7.63745 -0.99421
2.71222 7.6168 -0.992748
2.73274 7.59048 -0.990554
2.75718 7.57529 -0.989823
2.77812 7.55072 -0.987873
2.79132 7.50563 -0.983242
2.79864 7.44567 -0.976661
5.39067 6.00168 -0.705787
5.3608 5.92668 -0.699163
5.37072 5.89614 -0.697769
5.35087 5.83331 -0.69254
5.36849 5.81167 -0.692191
5.37789 5.78123 -0.690796
5.36807 5.73043 -0.686962
5.38158 5.7068 -0.686264
5.33561 5.61863 -0.677897
5.32214 5.56541 -0.673714
5.31666 5.52097 -0.670576
5.32203 5.48807 -0.668833
5.3161 5.4438 -0.665696
5.32948 5.41953 -0.664998
5.30911 5.36126 -0.660118
5.30528 5.32012 -0.657329
5.30688 5.2847 -0.655237
5.45601 7.52059 -0.486934
5.42213 7.41926 -0.481596
5.43744 7.38325 -0.480549
5.43224 7.32252 -0.477827
5.44103 7.28112 -0.476362
5.44119 7.22857 -0.474164
5.43497 7.1707 -0.471547
5.45145 7.14311 -0.470919
5.44957 7.0892 -0.468616
5.45961 7.05118 -0.46736
5.4498 6.98798 -0.464429
5.45441 6.94379 -0.462755
5.44512 6.8799 -0.459824
5.45168 6.83898 -0.458358
5.443 6.77942 -0.455637
5.44152 6.72932 -0.453543
5.42966 6.66692 -0.450613
5.42503 6.61395 -0.44831
5.43168 6.57745 -0.447054
5.4214 6.51852 -0.444332
5.42103 6.472 -0.442448
5.41268 6.4164 -0.439936
5.39108 6.34571 -0.436377
5.51111 7.59097 -0.163738
5.50452 7.52649 -0.162761
5.47146 7.42673 -0.161016
5.46526 7.36167 -0.160039
5.49572 7.34895 -0.160178
5.46713 7.2604 -0.158642
5.47185 7.21674 -0.158084
5.47516 7.16899 -0.157456
5.47332 7.11496 -0.156688
5.47118 7.06104 -0.15592
5.46996 7.00879 -0.155187
5.4672 6.95507 -0.154419
5.46538 6.90302 -0.153686
5.47568 6.86418 -0.153267
5.47957 6.82008 -0.152709
5.5134 6.81335 -0.152988
5.42345 6.65455 -0.149846
5.43661 6.62571 -0.149602
5.43933 6.58203 -0.149044
5.45046 6.50252 -0.148101
5.41379 6.41316 -0.146495
5.43096 6.38813 -0.146356
5.42461 6.33572 -0.145588
5.40622 6.2698 -0.144506
5.4084 6.22824 -0.143982
5.40246 6.17771 -0.143249
5.40814 6.14081 -0.14283
5.41757 6.06562 -0.141958
5.37854 5.97976 -0.140387
5.35539 5.91446 -0.13927
5.34905 5.86618 -0.138572
5.35326 5.8298 -0.138153
5.36951 5.80667 -0.138049
5.38293 5.78057 -0.137874
5.41676 5.77634 -0.138223
5.38197 5.69924 -0.136827
5.35084 5.6268 -0.135535
5.34694 5.58354 -0.134942
5.34696 5.54468 -0.134453
5.34539 5.50447 -0.13393
5.35199 5.47291 -0.133616
5.33738 5.42 -0.132778
5.32952 5.37435 -0.132115
5.33977 5.34723 -0.131905
5.34847 5.31869 -0.131661
5.32575 5.25924 -0.130649
5.32222 5.18287 -0.129671
5.33453 5.1587 -0.129532
5.35737 5.14652 -0.129671
5.32522 5.08179 -0.128485
5.33712 5.05766 -0.128345
5.30523 4.99241 -0.127158
5.30217 4.95475 -0.12667
5.31943 4.93621 -0.12667
5.29693 4.88102 -0.125727
5.30656 4.85575 -0.125553
5.31657 4.79715 -0.124994
5.35414 4.79725 -0.125483
5.36142 4.63766 -0.123738
5.30094 4.5547 -0.121992
5.33202 4.54915 -0.122341
5.3143 4.50207 -0.121573
5.29019 4.45002 -0.120666
5.29648 4.42384 -0.120457
5.28727 4.3849 -0.119898
5.24388 4.31811 -0.118572
5.23725 4.28206 -0.118083
5.23974 4.25367 -0.117804
5.22965 4.21528 -0.117245
5.22716 4.18325 -0.116861
5.21355 4.14259 -0.116233
5.20757 4.10826 -0.115779
5.20928 4.08019 -0.1155
5.20139 4.0448 -0.115011
5.18382 4.00218 -0.114313
5.17078 3.96338 -0.11372
