1.38833 0.332603 -0.0327281 0.00157655
2.28405 3.42737 -1.1036
2.27925 3.39572 -1.09584
2.26778 3.35453 -1.08497
2.26374 3.32225 -1.0772
2.26111 3.29363 -1.07048
2.27699 3.29207 -1.07255
2.289 3.28608 -1.07306
2.26383 3.22589 -1.05598
2.25556 3.19155 -1.04718
2.44335 4.84963 -1.05556
2.43986 4.80299 -1.04716
2.43691 4.756 -1.03876
2.43367 4.7091 -1.03037
2.43285 4.6675 -1.02312
2.42446 4.61205 -1.01281
2.41664 4.55846 -1.00289
2.52312 5.95276 -1.02402
2.53818 5.93346 -1.02214
2.54297 5.89056 -1.0162
2.55507 5.85947 -1.01244
2.55423 5.79945 -1.00368
2.54818 5.72868 -0.993046
2.55179 5.68596 -0.987102
2.54049 5.61088 -0.975525
2.52871 5.53594 -0.963949
2.69557 7.57005 -0.986654
2.70853 7.52324 -0.98178
2.72323 7.48203 -0.977636
2.73905 7.44453 -0.97398
2.72351 7.32329 -0.959356
2.72111 7.23941 -0.949606
2.70266 7.11481 -0.934494
2.92018 10.0317 -0.914089
2.94729 9.9947 -0.911649
2.96733 9.93472 -0.907117
2.99276 9.89378 -0.904328
3.01156 9.83808 -0.900144
3.01993 9.74377 -0.892475
2.99726 9.55258 -0.875915
2.97811 9.37685 -0.86075
6.03954 5.88757 -0.44203
6.01886 5.82861 -0.439099
6.01037 5.77987 -0.437005
6.01173 5.74093 -0.435645
5.98826 5.67868 -0.432504
5.96733 5.6194 -0.429574
5.95227 5.52732 -0.425701
5.95978 5.49568 -0.424863
5.94999 5.45025 -0.422875
5.93647 5.39988 -0.420572
5.9173 5.34669 -0.417955
5.90861 5.29963 -0.415966
5.87934 5.23646 -0.412617
5.83475 5.16034 -0.40822
5.80921 5.10172 -0.405185
5.78333 5.04334 -0.40215
5.77372 4.99959 -0.400265
5.75479 4.94815 -0.397753
5.7462 4.90599 -0.395974
5.74654 4.87169 -0.394822
5.74823 4.83874 -0.393776
5.77734 4.82889 -0.394613
5.7834 4.79977 -0.39388
5.77084 4.75542 -0.391892
6.02824 5.83361 -0.146426
5.99666 5.76265 -0.145169
5.99069 5.71684 -0.144541
5.99029 5.67663 -0.144052
5.98677 5.63376 -0.143494
5.95088 5.56095 -0.142167
5.91455 5.48845 -0.140841
5.9783 5.51083 -0.141923
5.8854 5.38731 -0.13927
5.8766 5.34355 -0.138642
5.84624 5.27878 -0.13749
5.84023 5.23462 -0.136897
5.84503 5.20224 -0.136583
5.85416 5.17386 -0.136373
5.85715 5.1402 -0.136024
5.85546 5.10265 -0.13557
5.85055 5.06255 -0.135047
5.85302 5.02907 -0.134698
5.8675 5.00601 -0.134628
5.88394 4.94948 -0.134209
5.86435 4.89814 -0.133371
5.81368 4.82147 -0.131835
5.81112 4.78691 -0.131417
5.80767 4.75014 -0.130963
5.78231 4.6958 -0.13002
5.77687 4.65802 -0.129532
5.75212 4.57053 -0.12824
5.72408 4.51574 -0.127263
5.71227 4.47577 -0.12667
5.69629 4.43125 -0.125971
5.70223 4.404 -0.125762
5.69535 4.36704 -0.125273
5.69146 4.3326 -0.124855
5.67465 4.28859 -0.124156
5.66879 4.25315 -0.123703
5.65794 4.21423 -0.123144
5.64528 4.17424 -0.122551
5.65337 4.14978 -0.122411
5.62711 4.07036 -0.121224
5.61367 4.03086 -0.120631
5.62771 4.01124 -0.120631
5.62372 3.97887 -0.120247
5.63103 3.95462 -0.120107
5.61855 3.91664 -0.119549
5.60849 3.88206 -0.11906
5.59234 3.84207 -0.118432
5.5892 3.81126 -0.118083
5.55278 3.7581 -0.117036
5.53765 3.71974 -0.116442
5.53729 3.69152 -0.116163
5.52679 3.65672 -0.115675
5.52782 3.62972 -0.11543
5.50863 3.58966 -0.114767
5.49761 3.55521 -0.114278
5.49989 3.52951 -0.114069
5.49363 3.49848 -0.113685
5.49228 3.47073 -0.113406
5.46201 3.42498 -0.112533
5.45865 3.39639 -0.112219
5.46196 3.37206 -0.112044
5.45324 3.34044 -0.111626
5.45803 3.31723 -0.111486
5.43019 3.27441 -0.110683
5.44845 3.25954 -0.110823
5.41968 3.21797 -0.11002
5.4131 3.18983 -0.109671
5.42592 3.17193 -0.109706
5.40237 3.1329 -0.109008
5.3942 3.10306 -0.108624
5.39111 3.07628 -0.108345
5.38441 3.04759 -0.107995
5.37932 3.01997 -0.107681
5.36537 2.98755 -0.107193
5.35476 2.95721 -0.106774
5.35277 2.93177 -0.106529
5.35243 2.90734 -0.10632
5.3555 2.88485 -0.10618
5.33379 2.84918 -0.105552
5.33487 2.82586 -0.105378
5.31545 2.76823 -0.10461
5.32508 2.74966 -0.10461
5.29905 2.71283 -0.103912
5.28174 2.68074 -0.103388
5.26248 2.6479 -0.10283
5.25201 2.6197 -0.102446
5.23423 2.58806 -0.101922
5.20912 2.55305 -0.101259
5.20317 2.52877 -0.10098
5.20295 2.50625 -0.100805
5.20806 2.48635 -0.100735
5.21129 2.46559 -0.100631
5.19632 2.43635 -0.100177
5.20117 2.41651 -0.100107
5.20594 2.39667 -0.100037
5.21791 2.38014 -0.100107
5.20614 2.35285 -0.099723
5.19242 2.32486 -0.0993042
5.18994 2.30095 -0.0990948
5.19062 2.2796 -0.0989551
5.20221 2.26307 -0.099025
5.20234 2.24264 -0.0988853
5.1932 2.2183 -0.0985712
5.18948 2.19639 -0.0983618
5.18312 2.17027 -0.0980825
5.18143 2.14834 -0.097908
5.19444 2.13251 -0.0980127
5.16851 2.10082 -0.0973844
5.15726 2.0753 -0.0970354
5.17526 2.06263 -0.0972448
5.17127 2.04014 -0.0970354
5.17463 2.02063 -0.0969656
5.16521 1.99516 -0.0966514
5.16841 1.97569 -0.0965816
5.17493 1.95854 -0.0965816
5.17425 1.93766 -0.096442
5.18286 1.92028 -0.0964769
5.16136 1.89186 -0.0959533
