2.97486 -0.359531 0.0571959 -0.00239928
3.44168 1.39332 -0.9949
3.37121 1.35112 -0.97316
3.35256 1.33008 -0.96643
3.32841 1.30707 -0.958148
3.31855 1.28985 -0.954007
3.31402 1.27479 -0.951419
3.30942 1.25977 -0.948831
3.30656 1.24549 -0.94676
3.29098 1.22652 -0.941066
2.32266 5.27115 -1.11967
2.32349 5.22355 -1.11127
2.32241 5.17242 -1.10211
2.31209 5.1017 -1.08876
2.30532 5.04222 -1.07769
2.30481 4.99493 -1.06929
2.41701 6.42695 -1.08753
2.41949 6.36265 -1.07815
2.41121 6.27488 -1.06469
2.40199 6.1895 -1.05155
2.39439 6.10978 -1.03935
2.39131 6.03668 -1.0284
2.48332 8.10234 -1.04052
2.50394 8.06897 -1.03735
2.52792 8.04693 -1.03565
2.54397 8.00022 -1.03077
2.5439 7.90437 -1.01956
2.52968 7.76709 -1.00298
2.52456 7.65596 -0.989823
2.71484 10.6741 -0.963594
2.74362 10.6318 -0.960631
2.76154 10.5489 -0.954007
2.75489 10.3755 -0.93919
2.74291 10.1869 -0.922979
2.72965 9.9985 -0.906768
3.26189 13.5868 -0.732285
3.29984 13.5468 -0.730715
3.3471 13.5352 -0.730715
3.38606 13.4905 -0.728935
3.42426 13.4437 -0.727051
3.46717 13.4162 -0.726214
3.51195 13.3963 -0.725795
3.54997 13.3511 -0.724016
3.58719 13.304 -0.722132
3.62466 13.2586 -0.720352
3.66718 13.2324 -0.71962
3.70903 13.2041 -0.718782
3.74853 13.1681 -0.717526
3.78112 13.1172 -0.715433
3.81228 13.0624 -0.71313
3.85106 13.026 -0.711874
3.88963 12.9895 -0.710618
3.92915 12.9568 -0.709571
3.96381 12.9086 -0.707687
3.99698 12.8565 -0.705593
4.03344 12.8158 -0.704128
4.06785 12.7693 -0.702349
4.10749 12.7398 -0.701511
4.13928 12.6791 -0.698999
4.17474 12.6381 -0.697534
4.20967 12.6033 -0.696382
4.24405 12.5602 -0.694812
4.28295 12.5237 -0.693661
4.30574 12.4483 -0.690311
4.33711 12.4057 -0.688741
4.36758 12.3611 -0.687066
4.40062 12.3176 -0.685496
4.43884 12.289 -0.684764
4.46116 12.2171 -0.681624
