1.44482 0.378027 -0.0351261 0.00131105
2.43105 3.48613 -1.1388
2.42988 3.45865 -1.13259
2.42185 3.42177 -1.12327
2.41808 3.39127 -1.11603
2.42088 3.37026 -1.11189
2.42584 3.3524 -1.10878
2.42159 3.32205 -1.10153
2.41602 3.29022 -1.09377
2.40682 3.25381 -1.08445
2.49737 4.23293 -1.13465
2.50715 4.21581 -1.1324
2.50081 4.17193 -1.12296
2.50225 4.14149 -1.11711
2.50584 4.11653 -1.11261
2.49675 4.06955 -1.10226
2.49589 4.03804 -1.09596
2.4904 3.99788 -1.08741
2.4805 3.9512 -1.07707
2.61149 5.13419 -1.11967
2.60788 5.08312 -1.11051
2.61208 5.04783 -1.10478
2.59971 4.98125 -1.09219
2.5997 4.93913 -1.08494
2.59392 4.88668 -1.0754
2.59058 4.83951 -1.067
2.70075 6.30437 -1.08628
2.71804 6.28402 -1.0844
2.72968 6.25096 -1.08034
2.72837 6.18898 -1.07126
2.71864 6.10903 -1.05906
2.71405 6.04184 -1.04905
2.70738 5.97117 -1.03841
2.69697 5.89342 -1.02652
2.87202 7.96862 -1.04003
2.88625 7.91701 -1.03467
2.90494 7.88691 -1.03199
2.90614 7.80603 -1.02273
2.89911 7.7048 -1.01078
2.8998 7.62176 -1.00128
2.87736 7.48795 -0.984948
3.09654 10.7564 -0.979282
3.1216 10.7097 -0.97597
3.15146 10.6802 -0.974227
3.17845 10.6348 -0.971089
3.19535 10.5569 -0.964988
3.1919 10.4142 -0.952961
3.18276 10.2565 -0.939539
3.16719 10.0819 -0.924548
