-11.8732 0.158084 -0.00462203 0.000125823
-10.5432 11.1335 -1.3415
-10.539 11.2033 -1.34568
-10.5181 11.2556 -1.34778
-10.5024 11.3138 -1.35057
-10.4967 11.3951 -1.35545
-10.4951 11.4695 -1.36015
-10.4979 11.5532 -1.36573
-10.4949 11.6312 -1.37061
-10.4728 11.6886 -1.37305
-10.4532 11.7489 -1.37584
-10.457 11.8361 -1.38177
-10.4484 11.9099 -1.38612
-10.433 11.9764 -1.38961
-10.3989 12.0218 -1.39066
-10.3746 12.0743 -1.39275
-9.67759 19.2083 -1.12721
-9.65529 19.3401 -1.13286
-9.64619 19.4919 -1.13977
-9.63518 19.6331 -1.14616
-9.6242 19.7763 -1.15265
-9.60196 19.9069 -1.1583
-9.58152 20.043 -1.16427
-9.5815 20.2333 -1.17327
-9.54307 20.3353 -1.17725
-9.49328 20.4049 -1.17944
