3.78861 -0.820341 0.133808 -0.00626897
2.23235 5.19843 -0.896057
2.24262 5.17248 -0.892928
2.2575 5.15739 -0.891677
2.26271 5.12057 -0.886671
2.25401 5.0531 -0.876346
2.25299 5.00378 -0.86915
2.24347 4.93653 -0.858825
2.23351 4.86942 -0.848501
2.22725 4.81358 -0.840053
2.39461 6.35056 -0.833343
2.40545 6.31248 -0.829443
2.39823 6.2281 -0.81945
2.38756 6.13644 -0.808481
2.385 6.0671 -0.800438
2.37026 5.96834 -0.788495
2.36004 5.88265 -0.778258
4.93859 5.18784 -0.62665
4.93323 5.14612 -0.623686
4.92349 5.1002 -0.6202
4.92876 5.07013 -0.618631
4.87953 4.98455 -0.610264
4.82722 4.82891 -0.597365
4.84405 4.81203 -0.597365
4.81543 4.75032 -0.591788
4.81775 4.71954 -0.590044
4.80278 4.67213 -0.58621
4.82765 4.66364 -0.587255
4.81802 4.62193 -0.584118
4.79085 4.56386 -0.578888
4.80675 4.54711 -0.578888
4.78193 4.49211 -0.574008
0.346719 12.57 -0.659014
0.387722 12.5468 -0.657863
0.430212 12.5074 -0.655874
0.475899 12.5018 -0.655665
0.519287 12.4941 -0.655351
0.559551 12.4663 -0.65399
0.601326 12.4284 -0.652106
0.642946 12.3923 -0.650327
0.684764 12.3641 -0.648966
0.727331 12.3516 -0.648443
0.765142 12.3333 -0.647605
0.807983 12.2946 -0.645721
0.848412 12.2558 -0.643837
0.888615 12.247 -0.643523
0.929541 12.2199 -0.642267
0.972736 12.1965 -0.64122
1.01265 12.1612 -0.639545
1.05004 12.1239 -0.637766
1.09128 12.1082 -0.637138
1.13069 12.0966 -0.636719
1.17233 12.0866 -0.636405
1.21091 12.0467 -0.634521
1.2511 12.0245 -0.633579
1.29157 12.0062 -0.632846
1.33148 11.9837 -0.631904
1.37422 11.9869 -0.632323
1.41183 11.9464 -0.630439
1.4544 11.9312 -0.629916
1.49206 11.8943 -0.628241
1.53149 11.8893 -0.628241
1.57272 11.8819 -0.628136
1.61258 11.8645 -0.627508
1.64929 11.8252 -0.625729
1.68858 11.8055 -0.624996
1.72688 11.7798 -0.623949
1.76623 11.7759 -0.624054
1.80369 11.746 -0.622798
1.84207 11.7097 -0.621228
1.88293 11.7032 -0.621228
1.91956 11.671 -0.619867
1.96029 11.6642 -0.619867
1.99694 11.6337 -0.618611
2.03478 11.6109 -0.617774
2.07564 11.6057 -0.617878
2.11435 11.5885 -0.617355
2.14583 11.5441 -0.615366
2.18225 11.5272 -0.614843
2.21679 11.4901 -0.613273
2.25419 11.4685 -0.61254
2.29147 11.4469 -0.611807
2.33181 11.4408 -0.611912
2.36321 11.3915 -0.609714
2.39883 11.3636 -0.608667
