-11.9046 0.144436 -0.00316819 5.30043e-05
-11.303 4.43188 -1.49071
-11.2985 4.47569 -1.49217
-11.3013 4.52248 -1.49461
-11.3038 4.56934 -1.49704
-11.3099 4.61777 -1.49997
-11.2937 4.65723 -1.49997
-11.2774 4.69661 -1.49997
-11.2745 4.73937 -1.50167
-11.2853 4.79034 -1.50533
-11.2758 4.83283 -1.50631
-11.2625 4.87373 -1.50679
-11.2546 4.91699 -1.50801
-11.2609 4.96666 -1.51118
-11.2598 5.01321 -1.51337
-11.2477 5.05492 -1.5141
-11.2336 5.09579 -1.51459
-11.2239 5.13632 -1.51557
-11.2284 5.1835 -1.51849
-11.2318 5.23271 -1.52142
-11.2315 5.28034 -1.52385
-11.2067 5.31891 -1.52312
-11.2006 5.364 -1.52483
-11.2024 5.41061 -1.52751
-11.2004 5.45555 -1.5297
-11.2134 5.51037 -1.53409
-11.1887 5.54684 -1.53336
-11.1772 5.59225 -1.53458
-11.1781 5.63912 -1.53726
-11.1725 5.68531 -1.53921
-11.1703 5.73334 -1.54165
-10.6036 11.3829 -1.36102
-10.5875 11.4414 -1.36381
-10.5933 11.5282 -1.36974
-10.5731 11.5872 -1.37235
-10.5701 11.6653 -1.37724
-10.5666 11.7436 -1.38212
-10.568 11.828 -1.38769
-10.569 11.9125 -1.39327
-10.5431 11.9673 -1.39536
-10.5323 12.0351 -1.3992
-10.5294 12.1169 -1.40443
-10.5157 12.1868 -1.40826
-10.5094 12.2658 -1.41314
-12.0136 16.4206 -1.06629
-11.9903 16.5093 -1.06933
-11.9378 16.5522 -1.06954
-11.9311 16.6652 -1.07414
-11.9018 16.7475 -1.07676
-11.8951 16.8623 -1.08147
-11.8506 16.9181 -1.08252
-11.8439 17.0347 -1.08733
-11.798 17.0957 -1.08859
-11.7777 17.1945 -1.09225
-11.7345 17.2602 -1.09382
-11.7065 17.3491 -1.09686
-11.6823 17.4376 -1.1
-11.6501 17.5215 -1.10272
-11.612 17.5971 -1.10492
-11.5745 17.6743 -1.10722
-11.5485 17.7628 -1.11036
-11.5179 17.8517 -1.1134
-11.5028 17.9587 -1.11769
-11.455 18.0224 -1.11915
-12.7739 15.1427 -0.345802
-12.7647 15.2393 -0.346989
-12.7395 15.3176 -0.347757
-12.6936 15.3712 -0.347966
-12.6982 15.4866 -0.349572
-12.6998 15.5937 -0.351038
-12.6755 15.6753 -0.351875
-12.6608 15.7693 -0.352992
-12.643 15.8603 -0.35404
-12.6298 15.9577 -0.355226
-12.6531 16.1023 -0.35746
-12.6435 16.2063 -0.358787
-12.5942 16.2598 -0.358996
-12.5886 16.3703 -0.360462
-12.5799 16.4777 -0.361858
-12.5735 16.583 -0.363254
-12.5613 16.6875 -0.364581
-12.5532 16.7986 -0.366047
-12.5422 16.9065 -0.367443
-12.5281 17.0114 -0.368769
-12.5324 17.1422 -0.370654
-12.5248 17.2516 -0.37212
-12.4996 17.3439 -0.373167
-12.4972 17.4687 -0.374913
-12.4593 17.5449 -0.375611
-12.4702 17.6841 -0.377705
-12.4611 17.8029 -0.379311
-12.4537 17.9251 -0.380986
-12.4205 18.0113 -0.381894
-12.4163 18.1403 -0.383709
-12.4158 18.2762 -0.385663
-12.3865 18.3637 -0.386641
-12.4024 18.5265 -0.389154
-12.3863 18.6429 -0.39069
-12.374 18.7662 -0.392365
-12.3468 18.8607 -0.393482
-12.3615 19.0277 -0.396065
