-2.67243 0.283016 -0.191956 0.00903367
-12.677 19.863 -1.535
-12.628 19.924 -1.537
-12.611 19.966 -1.539
-12.571 20.043 -1.542
-12.522 20.104 -1.544
-12.487 20.189 -1.548
-12.433 20.243 -1.549
-12.398 20.33 -1.553
-12.361 20.413 -1.557
-12.345 20.458 -1.559
-12.314 20.553 -1.564
-12.246 20.585 -1.564
-12.161 20.589 -1.561
-12.147 20.715 -1.568
-12.082 20.753 -1.568
-11.979 20.725 -1.563
-12.035 20.974 -1.581
-12.004 20.996 -1.581
-11.95 21.054 -1.583
-11.874 21.075 -1.581
-11.813 21.12 -1.582
-11.742 21.15 -1.581
-11.683 21.199 -1.582
-11.674 21.263 -1.586
