65913.1 -3084.15 -116.218 5.46623
-15.246 5.678 -1.798
-15.232 5.727 -1.799
-15.294 5.805 -1.809
-15.318 5.869 -1.815
-15.364 5.943 -1.823
-15.336 5.987 -1.822
-15.166 5.976 -1.802
-15.286 6.051 -1.819
-15.33 6.124 -1.827
-15.323 6.177 -1.829
-15.456 6.287 -1.849
-19.503 7.14 -1.84
-19.557 7.229 -1.848
-19.611 7.319 -1.856
-19.517 7.354 -1.848
-19.555 7.439 -1.855
-19.747 7.582 -1.878
-19.895 7.675 -1.894
-6.337 21.99 -1.485
-6.327 22.086 -1.492
-6.279 22.183 -1.497
-6.233 22.287 -1.504
-6.186 22.389 -1.51
-6.143 22.507 -1.518
-6.095 22.612 -1.524
-6.048 22.72 -1.531
-6.035 22.816 -1.538
-38.289 9.833 -1.555
-39.077 10.167 -1.592
-39.861 10.439 -1.629
