1.28406 0.119242 -0.0126498 0.00038928
1.597 4.068 -1.725
1.597 4.05 -1.718
1.609 4.044 -1.717
1.616 4.023 -1.71
1.622 4.003 -1.703
1.625 3.974 -1.692
1.634 3.96 -1.689
1.647 3.958 -1.69
1.649 3.946 -1.685
1.667 3.952 -1.691
1.668 3.922 -1.679
1.669 3.891 -1.668
1.637 4.473 -1.69
1.647 4.458 -1.686
1.645 4.41 -1.669
1.652 4.386 -1.661
1.651 4.344 -1.646
1.649 4.299 -1.63
1.516 7.823 -1.723
1.531 7.764 -1.71
1.528 7.62 -1.677
1.538 7.546 -1.661
1.582 9.297 -1.701
1.591 9.256 -1.694
1.603 9.156 -1.675
1.609 9.021 -1.65
6.079 6.096 -1.242
6.014 5.993 -1.223
5.977 5.918 -1.21
5.994 5.898 -1.21
5.996 5.863 -1.206
6.016 5.864 -1.209
5.99 5.801 -1.199
5.968 5.744 -1.19
5.966 5.706 -1.186
5.948 8.619 -1.213
5.934 8.54 -1.203
5.97 8.534 -1.206
5.931 8.45 -1.193
5.994 8.483 -1.202
5.994 8.427 -1.196
6.002 8.382 -1.191
5.943 8.244 -1.172
5.969 8.226 -1.172
5.906 8.085 -1.151
5.888 8.034 -1.144
6.138 5.5 -0.714
6.056 5.391 -0.699
6.098 5.395 -0.703
6.088 5.369 -0.701
6.101 5.346 -0.7
6.106 5.317 -0.698
6.127 5.301 -0.699
6.112 5.255 -0.694
6.021 5.144 -0.678
6.113 5.189 -0.69
6.106 5.101 -0.683
5.98 4.964 -0.662
6.29 8.816 -0.73
6.275 8.766 -0.726
6.346 8.808 -0.732
6.314 8.705 -0.723
6.327 8.664 -0.721
6.267 8.525 -0.709
6.283 8.491 -0.707
6.32 8.486 -0.709
6.291 8.418 -0.702
6.208 8.253 -0.687
6.15 8.122 -0.675
1.805 31.776 -1.394
1.9 31.682 -1.39
1.994 31.59 -1.386
2.089 31.52 -1.383
2.187 31.495 -1.382
2.281 31.421 -1.378
2.321 31.288 -1.372
2.411 31.177 -1.367
2.502 31.079 -1.362
2.591 30.972 -1.357
2.68 30.86 -1.352
2.768 30.756 -1.347
2.855 30.64 -1.342
