-4.95598 -0.0275868 0.00140763 -2.9142e-05
-5.1 5.97 -1.696
-5.106 6.015 -1.705
-5.113 6.061 -1.714
-5.104 6.089 -1.717
-5.109 6.115 -1.723
-5.11 6.155 -1.73
-5.099 6.181 -1.733
-5.095 6.215 -1.738
-5.102 6.264 -1.748
-5.127 7.841 -1.689
-5.131 7.901 -1.7
-5.126 7.948 -1.707
-5.127 7.976 -1.711
-5.097 7.986 -1.71
-5.112 8.065 -1.724
-5.102 8.104 -1.73
-5.087 8.136 -1.733
-5.072 8.169 -1.737
-5.058 8.205 -1.742
-5.053 8.225 -1.744
-5.138 10.108 -1.675
-5.143 10.198 -1.689
-5.141 10.273 -1.699
-5.138 10.349 -1.71
-5.123 10.4 -1.716
-5.131 10.458 -1.725
-5.112 10.502 -1.73
-5.095 10.55 -1.735
-5.066 10.575 -1.737
-5.16 14.549 -1.696
-5.159 14.691 -1.712
-5.158 14.836 -1.729
-5.133 14.916 -1.737
-5.145 15.026 -1.751
-5.111 15.081 -1.756
-5.218 18.333 -1.672
-5.205 18.508 -1.688
-5.191 18.684 -1.705
-5.183 18.882 -1.723
-5.157 19.021 -1.736
-5.158 19.143 -1.747
-5.121 19.247 -1.756
-5.289 24.817 -1.668
-5.281 25.167 -1.694
-5.272 25.519 -1.719
-5.253 25.833 -1.741
-5.224 26.113 -1.761
-5.215 26.28 -1.773
-5.475 42.837 -1.717
-5.469 43.891 -1.764
-5.415 44.602 -1.795
-5.309 44.907 -1.808
-5.175 44.985 -1.81
-5.104 44.997 -1.811
