-6.45511 0.326373 -0.0246793 0.000620715
-5.201 3.6 -1.596
-5.207 3.628 -1.601
-5.2 3.648 -1.603
-5.198 3.671 -1.606
-5.195 3.692 -1.609
-5.184 3.697 -1.607
-5.188 3.725 -1.612
-5.166 3.733 -1.609
-5.174 3.764 -1.616
-5.147 3.769 -1.61
-5.157 3.801 -1.618
-5.135 3.81 -1.614
-5.145 3.83 -1.62
-5.141 3.852 -1.622
-5.138 3.875 -1.625
-5.142 3.904 -1.631
-5.167 3.948 -1.644
-5.164 3.971 -1.647
-5.151 3.987 -1.647
-5.124 5.273 -1.58
-5.14 5.322 -1.591
-5.129 5.344 -1.593
-5.134 5.383 -1.6
-5.144 5.427 -1.609
-5.142 5.459 -1.614
-5.15 5.485 -1.62
-5.132 5.5 -1.619
-5.114 5.516 -1.619
-5.081 5.515 -1.614
-5.07 5.538 -1.616
-5.081 5.584 -1.626
-5.068 5.606 -1.627
-5.125 5.686 -1.65
-5.106 7.252 -1.593
-5.096 7.286 -1.597
-5.11 7.33 -1.606
-5.106 7.374 -1.612
-5.097 7.409 -1.617
-5.087 7.445 -1.621
-5.07 7.47 -1.623
-5.077 7.532 -1.634
-5.066 7.566 -1.638
-5.077 7.608 -1.646
-5.036 9.325 -1.558
-5.043 9.373 -1.565
-5.047 9.45 -1.576
-5.051 9.53 -1.587
-5.03 9.561 -1.59
-5.009 9.595 -1.593
-4.983 9.619 -1.595
-4.984 9.657 -1.6
-4.973 9.711 -1.607
-4.953 9.748 -1.611
-4.986 12.487 -1.52
-4.977 12.579 -1.531
-4.967 12.67 -1.541
-4.975 12.75 -1.551
-4.967 12.849 -1.563
-4.963 12.961 -1.576
-4.949 16.323 -1.475
-4.961 16.548 -1.497
-4.952 16.707 -1.511
-4.943 16.869 -1.526
-4.936 16.944 -1.533
-4.918 17.081 -1.546
-5.031 21.463 -1.423
-5.012 21.687 -1.439
-5.011 21.996 -1.461
-4.983 22.195 -1.475
-4.965 22.44 -1.492
-14.763 38.53 -1.632
-14.788 38.961 -1.65
-14.738 39.2 -1.659
-14.771 39.665 -1.679
-14.785 40.088 -1.697
-14.748 40.379 -1.708
-15.942 64.562 -1.189
-16.097 65.634 -1.212
-16.031 66.267 -1.225
-16.085 67.418 -1.248
