1.81975 0.0370487 0.00141546 -1.81638e-05
1.901 4.068 -1.776
1.903 4.041 -1.766
1.912 4.026 -1.762
1.919 4.009 -1.756
1.926 3.991 -1.751
1.923 3.954 -1.736
1.928 3.933 -1.729
1.924 3.895 -1.714
1.917 4.578 -1.766
1.921 4.546 -1.755
1.923 4.513 -1.744
1.917 4.479 -1.731
1.914 4.435 -1.716
1.921 4.414 -1.709
1.928 5.14 -1.749
1.934 5.109 -1.74
1.93 5.074 -1.729
1.936 5.042 -1.719
1.934 4.99 -1.702
1.933 4.943 -1.687
1.959 6.658 -1.763
1.975 6.636 -1.758
1.982 6.62 -1.754
1.987 6.561 -1.74
1.987 6.487 -1.72
1.991 6.425 -1.705
2.014 7.905 -1.766
2.031 7.864 -1.758
2.039 7.796 -1.743
2.042 7.706 -1.724
2.03 7.613 -1.702
2.091 9.546 -1.768
2.084 9.443 -1.748
2.088 9.318 -1.724
2.093 9.204 -1.703
2.092 9.067 -1.677
2.101 8.974 -1.66
2.031 11.683 -1.758
2.068 11.681 -1.758
2.101 11.653 -1.755
2.137 11.642 -1.754
2.13 11.4 -1.716
2.13 11.298 -1.7
2.132 11.116 -1.672
2.139 10.964 -1.649
2.256 15.124 -1.756
2.273 14.917 -1.731
2.28 14.658 -1.698
2.279 14.357 -1.66
2.296 14.178 -1.638
2.238 19.31 -1.709
2.301 19.321 -1.711
2.354 19.252 -1.705
2.375 19.167 -1.697
2.377 18.698 -1.651
2.403 18.441 -1.626
2.456 18.394 -1.623
2.498 18.27 -1.611
6.332 22.81 -1.543
6.358 22.766 -1.54
6.38 22.569 -1.527
6.412 22.415 -1.517
6.41 22.143 -1.497
6.341 21.646 -1.461
4.955 45.476 -1.831
5.079 45.291 -1.823
5.137 45.168 -1.818
5.27 45.078 -1.815
5.407 45.02 -1.813
5.532 44.878 -1.808
5.665 44.793 -1.805
5.789 44.646 -1.799
5.916 44.528 -1.794
5.972 44.414 -1.79
6.097 44.296 -1.785
6.223 44.18 -1.781
6.35 44.079 -1.777
