1.95435 -0.0897042 0.00960544 -0.000186246
1.664 4.033 -1.722
1.675 4.023 -1.72
1.68 4.001 -1.712
1.686 3.998 -1.712
1.697 3.988 -1.71
1.711 3.987 -1.712
1.709 3.948 -1.696
1.717 3.933 -1.692
1.716 3.897 -1.678
1.723 3.882 -1.673
1.736 3.892 -1.679
1.739 3.867 -1.67
1.694 4.498 -1.706
1.703 4.478 -1.701
1.71 4.454 -1.693
1.719 4.436 -1.688
1.721 4.401 -1.676
1.727 4.397 -1.675
1.735 4.376 -1.669
1.744 4.36 -1.664
1.743 4.318 -1.65
1.749 5.606 -1.696
1.752 5.555 -1.681
1.752 5.493 -1.663
1.747 5.446 -1.649
1.746 5.386 -1.631
1.739 6.55 -1.718
1.758 6.539 -1.717
1.763 6.475 -1.7
1.761 6.426 -1.687
1.767 6.368 -1.673
1.764 6.281 -1.65
3.982 3.235 -1.108
3.915 3.161 -1.084
3.847 3.087 -1.06
3.784 3.017 -1.038
3.746 7.63 -1.521
3.74 7.558 -1.508
3.731 7.48 -1.494
3.755 7.47 -1.494
3.765 7.43 -1.488
3.77 7.412 -1.485
3.792 7.396 -1.485
3.797 7.349 -1.477
3.806 7.31 -1.471
1.609 11.617 -1.737
1.644 11.608 -1.737
1.68 11.593 -1.735
1.714 11.576 -1.733
1.749 11.557 -1.731
1.756 11.486 -1.72
1.766 11.308 -1.692
1.77 11.104 -1.66
3.94 9.88 -1.235
3.922 9.746 -1.218
3.923 9.66 -1.207
3.979 9.71 -1.216
4.024 9.733 -1.221
4.057 9.727 -1.222
3.986 9.512 -1.192
3.991 9.441 -1.183
4.014 9.412 -1.181
3.983 9.257 -1.16
3.977 9.165 -1.148
3.957 9.04 -1.132
3.896 13.004 -1.217
3.936 12.99 -1.217
3.953 12.902 -1.208
3.911 12.623 -1.179
3.897 12.511 -1.168
3.91 12.413 -1.158
2.034 25.172 -1.66
2.108 25.102 -1.655
2.183 25.05 -1.652
2.259 25.017 -1.65
2.332 24.95 -1.645
2.407 24.907 -1.643
2.44 24.836 -1.638
2.509 24.745 -1.631
2.582 24.691 -1.628
2.652 24.613 -1.623
2.724 24.551 -1.619
2.792 24.465 -1.613
2.861 24.387 -1.608
2.353 37.364 -1.676
2.46 37.199 -1.668
2.571 37.091 -1.663
2.678 36.963 -1.657
2.782 36.786 -1.649
2.888 36.659 -1.643
2.935 36.523 -1.636
3.039 36.376 -1.629
3.145 36.277 -1.625
8.689 68.01 -1.233
8.741 66.751 -1.207
8.655 65.304 -1.176
