-4.67588 0.11596 -0.0109606 0.000203093
-4.361 3.603 -1.629
-4.362 3.616 -1.632
-4.374 3.649 -1.642
-4.364 3.664 -1.642
-4.351 3.676 -1.642
-4.349 3.697 -1.645
-4.341 3.715 -1.647
-4.34 3.737 -1.651
-4.364 3.77 -1.663
-4.35 3.781 -1.662
-4.331 3.789 -1.659
-4.339 3.82 -1.668
-4.321 3.828 -1.665
-4.31 3.843 -1.666
-4.326 3.869 -1.675
-4.308 3.877 -1.672
-4.307 3.901 -1.677
-4.31 3.929 -1.684
-4.365 4.668 -1.613
-4.37 4.703 -1.621
-4.369 4.732 -1.627
-4.371 4.749 -1.631
-4.37 4.778 -1.636
-4.365 4.802 -1.64
-4.352 4.818 -1.641
-4.342 4.838 -1.643
-4.324 4.849 -1.642
-4.339 4.895 -1.654
-4.321 4.906 -1.653
-4.342 4.946 -1.665
-4.342 5.997 -1.592
-4.375 6.062 -1.609
-4.367 6.091 -1.613
-4.36 6.122 -1.618
-4.362 6.166 -1.627
-4.36 6.204 -1.633
-4.355 6.238 -1.639
-4.366 6.275 -1.648
-4.384 7.642 -1.581
-4.389 7.707 -1.593
-4.391 7.767 -1.603
-4.392 7.825 -1.613
-4.389 7.878 -1.622
-4.359 7.882 -1.619
-4.356 7.906 -1.623
-4.343 7.942 -1.628
-4.327 7.971 -1.631
-4.311 8.002 -1.635
-4.476 9.425 -1.532
-4.497 9.547 -1.55
-4.489 9.607 -1.559
-4.479 9.664 -1.566
-4.484 9.755 -1.58
-4.474 9.814 -1.587
-4.482 9.873 -1.597
-4.457 9.9 -1.599
-4.633 12.445 -1.499
-4.638 12.581 -1.516
-4.616 12.644 -1.522
-4.624 12.789 -1.54
-4.627 12.861 -1.549
-4.608 12.936 -1.557
-4.581 12.989 -1.562
-4.545 13.019 -1.564
-4.914 16.117 -1.455
-4.945 16.31 -1.474
-4.935 16.462 -1.488
-4.946 16.686 -1.509
-4.913 16.77 -1.516
-13.761 38.044 -1.596
-13.731 38.337 -1.608
-13.731 38.721 -1.624
-13.815 39.153 -1.643
-13.239 39.487 -1.649
