11.808 -9.85484 3.13027 -0.24167
3.209 1.867 -1.448
3.159 1.825 -1.421
3.143 1.804 -1.41
3.118 1.777 -1.396
7.469 4.098 -1.525
7.46 4.063 -1.52
7.329 3.961 -1.489
7.283 3.906 -1.476
7.194 3.844 -1.455
14.174 6.849 -0.687
13.904 6.665 -0.669
13.801 6.589 -0.662
13.801 6.537 -0.661
13.596 6.387 -0.646
13.529 6.304 -0.641
13.376 6.182 -0.63
15.086 7.476 -0.234
14.833 7.321 -0.227
14.579 7.138 -0.219
14.37 6.979 -0.212
14.165 6.825 -0.205
14.002 6.692 -0.2
13.917 6.597 -0.197
13.851 6.512 -0.194
13.577 6.357 -0.186
13.599 6.315 -0.186
13.428 6.184 -0.181
