1.95013 -0.0668643 0.00454077 -9.56329e-05
1.709 3.999 -1.716
1.712 3.989 -1.713
1.716 3.963 -1.703
1.72 3.94 -1.695
1.725 3.917 -1.687
1.73 3.897 -1.68
1.73 3.864 -1.668
1.733 3.839 -1.658
1.693 4.472 -1.697
1.697 4.463 -1.694
1.701 4.431 -1.684
1.702 4.393 -1.67
1.704 4.358 -1.658
1.709 4.332 -1.65
1.712 4.3 -1.639
1.626 5.611 -1.687
1.645 5.611 -1.688
1.659 5.595 -1.685
1.677 5.59 -1.685
1.692 5.575 -1.682
1.699 5.537 -1.671
1.691 5.478 -1.653
1.697 5.436 -1.641
1.701 5.389 -1.627
1.677 6.434 -1.684
1.686 6.43 -1.683
1.693 6.372 -1.668
1.695 6.298 -1.649
1.698 6.231 -1.632
1.626 7.494 -1.653
1.621 7.415 -1.635
1.642 7.399 -1.632
1.659 7.365 -1.626
1.687 7.384 -1.632
1.682 7.254 -1.602
1.603 9.068 -1.658
1.624 9.021 -1.65
1.618 8.824 -1.612
1.62 8.758 -1.6
1.652 8.776 -1.604
1.659 8.663 -1.583
1.682 8.638 -1.579
1.506 10.991 -1.636
1.523 10.989 -1.636
1.557 10.98 -1.636
1.59 10.963 -1.634
1.62 10.931 -1.63
1.641 10.834 -1.615
1.648 10.653 -1.587
1.658 10.498 -1.562
1.661 10.407 -1.548
1.398 18.71 -1.643
1.457 18.7 -1.642
1.508 18.608 -1.634
1.537 18.238 -1.598
1.556 17.791 -1.554
1.594 17.586 -1.534
2.182 22.552 -1.468
2.25 22.517 -1.466
2.317 22.479 -1.464
2.35 22.445 -1.462
2.416 22.402 -1.459
2.485 22.376 -1.458
2.552 22.345 -1.456
2.618 22.297 -1.453
2.684 22.257 -1.451
2.75 22.213 -1.448
2.782 22.185 -1.446
2.845 22.126 -1.442
2.911 22.094 -1.441
2.976 22.047 -1.438
3.042 22.018 -1.436
3.107 21.972 -1.434
3.17 21.925 -1.431
3.199 21.878 -1.428
3.261 21.825 -1.425
3.328 21.805 -1.424
3.39 21.753 -1.421
3.452 21.705 -1.418
2.024 32.903 -1.452
2.123 32.833 -1.448
2.222 32.77 -1.446
2.268 32.685 -1.442
2.364 32.582 -1.437
2.459 32.477 -1.432
2.554 32.378 -1.427
2.65 32.294 -1.423
2.744 32.208 -1.419
2.841 32.149 -1.417
2.885 32.073 -1.413
2.98 31.996 -1.41
3.075 31.929 -1.407
3.176 31.927 -1.407
3.263 31.784 -1.401
