-4.66387 -0.484739 -0.0184867 0.000664304
-5.382 10.15 -1.699
-5.368 10.2 -1.705
-5.35 10.245 -1.71
-5.351 10.325 -1.721
-5.326 10.356 -1.724
-5.3 10.387 -1.726
-5.299 10.423 -1.732
-5.287 10.482 -1.739
-5.275 10.539 -1.746
-5.251 10.575 -1.75
-5.229 10.614 -1.754
-5.403 14.717 -1.725
-5.412 14.883 -1.745
-5.396 14.986 -1.756
-5.4 15.145 -1.775
-5.387 15.185 -1.779
-5.342 15.209 -1.78
-5.497 18.971 -1.74
-5.527 19.3 -1.772
-5.504 19.45 -1.785
-5.492 19.522 -1.792
-5.437 19.564 -1.794
-18.175 28.245 -2.109
-18.171 28.435 -2.12
-18.161 28.618 -2.13
-18.159 28.814 -2.141
-18.167 29.03 -2.154
-18.207 29.195 -2.165
-18.114 29.251 -2.165
-6.261 19.732 -0.836
-6.284 19.913 -0.845
-6.29 20.152 -0.857
-6.301 20.41 -0.869
-6.297 20.628 -0.879
-6.293 20.848 -0.89
