3.24635 -0.807208 0.131579 -0.00704438
1.773 3.68 -1.605
1.782 3.668 -1.602
1.803 3.682 -1.611
1.808 3.663 -1.605
1.819 3.657 -1.605
1.822 3.634 -1.596
1.834 3.629 -1.597
1.817 3.582 -1.576
1.81 3.542 -1.56
1.814 3.522 -1.553
1.825 3.516 -1.553
1.816 3.473 -1.535
1.806 3.428 -1.516
1.626 5.613 -1.687
1.629 5.558 -1.671
1.636 5.514 -1.659
1.635 5.447 -1.639
1.631 5.372 -1.616
1.648 5.369 -1.617
1.645 5.298 -1.596
1.617 6.452 -1.684
1.635 6.441 -1.683
1.643 6.387 -1.669
1.65 6.33 -1.654
1.651 6.252 -1.634
1.646 6.193 -1.618
1.509 7.463 -1.641
1.514 7.426 -1.632
1.536 7.417 -1.632
1.553 7.382 -1.624
1.568 7.339 -1.615
1.569 7.227 -1.59
1.478 8.932 -1.628
1.488 8.903 -1.623
1.511 8.873 -1.618
1.531 8.82 -1.609
1.558 8.811 -1.608
1.579 8.769 -1.601
1.6 8.724 -1.593
1.63 8.738 -1.596
1.625 8.629 -1.576
1.343 10.955 -1.627
1.358 10.935 -1.625
1.371 10.758 -1.597
1.413 10.814 -1.607
1.417 10.587 -1.571
1.446 10.549 -1.566
5.778 8.629 -1.202
5.755 8.537 -1.189
5.76 8.486 -1.184
5.762 8.432 -1.178
5.717 8.309 -1.161
5.758 8.314 -1.165
5.791 8.333 -1.169
5.807 8.3 -1.167
5.801 8.236 -1.16
5.727 8.077 -1.136
6.352 5.325 -0.72
6.34 5.281 -0.715
6.379 5.28 -0.719
6.322 5.199 -0.708
6.22 5.098 -0.692
6.308 5.138 -0.703
6.303 5.1 -0.699
6.361 5.114 -0.705
6.281 5.017 -0.692
6.259 4.967 -0.686
6.262 4.938 -0.685
6.292 4.945 -0.688
6.165 4.814 -0.668
6.08 4.716 -0.654
1.444 22.17 -1.436
1.535 22.474 -1.459
1.565 22.4 -1.453
1.631 22.331 -1.449
1.696 22.258 -1.444
1.763 22.223 -1.441
1.832 22.207 -1.441
1.899 22.163 -1.438
1.968 22.145 -1.437
2.003 22.144 -1.437
2.069 22.108 -1.435
2.139 22.1 -1.435
2.208 22.091 -1.435
2.276 22.072 -1.434
2.341 22.023 -1.431
2.408 21.998 -1.429
2.439 21.962 -1.427
2.505 21.927 -1.425
2.573 21.913 -1.424
2.635 21.843 -1.42
2.701 21.817 -1.419
2.769 21.8 -1.418
2.795 21.737 -1.414
2.86 21.702 -1.412
2.925 21.665 -1.41
2.985 21.597 -1.405
3.049 21.563 -1.403
3.116 21.544 -1.403
3.172 21.457 -1.397
3.201 21.418 -1.394
3.264 21.385 -1.393
3.319 21.295 -1.387
3.383 21.265 -1.385
