-4.68456 0.0854557 -0.00620059 0.000100701
-4.388 2.836 -1.659
-4.411 2.871 -1.672
-4.41 2.89 -1.675
-4.416 2.914 -1.682
-4.408 2.919 -1.68
-4.413 2.942 -1.686
-4.409 2.959 -1.688
-4.393 2.969 -1.685
-4.401 2.994 -1.692
-4.382 3.002 -1.689
-4.399 3.034 -1.7
-4.393 3.05 -1.701
-4.39 3.058 -1.702
-4.385 3.075 -1.703
-4.395 3.103 -1.712
-4.437 3.539 -1.635
-4.438 3.551 -1.637
-4.437 3.573 -1.642
-4.423 3.584 -1.64
-4.438 3.62 -1.651
-4.428 3.635 -1.652
-4.426 3.656 -1.655
-4.429 3.682 -1.661
-4.422 3.688 -1.661
-4.41 3.702 -1.661
-4.406 3.722 -1.663
-4.376 3.721 -1.656
-4.376 3.744 -1.661
-4.398 3.787 -1.675
-4.392 3.805 -1.677
-4.387 3.814 -1.678
-4.396 3.845 -1.686
-4.372 3.849 -1.681
-4.38 3.88 -1.689
-4.392 3.915 -1.7
-4.425 4.822 -1.655
-4.428 4.856 -1.663
-4.435 4.879 -1.668
-4.422 4.896 -1.669
-4.416 4.919 -1.673
-4.422 4.958 -1.682
-4.408 4.973 -1.683
-4.407 5.003 -1.688
-4.388 5.014 -1.687
-4.384 5.025 -1.689
-4.382 5.055 -1.695
-4.366 5.068 -1.695
-4.372 5.107 -1.704
-4.365 5.131 -1.707
-4.347 5.143 -1.707
-4.342 5.153 -1.708
-4.334 5.177 -1.711
-4.423 6.169 -1.635
-4.431 6.22 -1.646
-4.419 6.245 -1.649
-4.412 6.277 -1.654
-4.42 6.331 -1.665
-4.4 6.344 -1.665
-4.388 6.369 -1.669
-4.397 6.403 -1.676
-4.379 6.42 -1.677
-4.376 6.46 -1.684
-4.373 6.499 -1.692
-4.363 6.528 -1.696
-4.382 7.925 -1.629
-4.394 8.004 -1.643
-4.367 8.014 -1.642
-4.369 8.048 -1.649
-4.363 8.098 -1.657
-4.341 8.117 -1.658
-4.33 8.158 -1.664
-4.328 8.217 -1.674
-4.315 8.255 -1.679
-4.315 8.286 -1.684
-4.296 8.314 -1.687
-4.358 10.015 -1.609
-4.334 10.045 -1.612
-4.342 10.151 -1.628
-4.345 10.201 -1.635
-4.332 10.26 -1.643
-4.332 10.35 -1.657
-4.308 10.384 -1.66
-13.958 10.788 -1.966
-13.948 10.85 -1.97
-13.942 10.915 -1.975
-13.96 10.965 -1.98
-13.965 11.04 -1.986
-13.957 11.105 -1.99
-13.954 11.175 -1.995
-13.953 11.246 -2.001
-13.881 11.515 -2.015
-13.859 11.57 -2.017
-4.534 17.16 -1.543
-4.552 17.448 -1.571
-4.527 17.576 -1.582
-4.555 17.801 -1.605
-4.547 18.002 -1.624
-4.49 18.014 -1.623
-4.416 17.957 -1.616
-4.373 18.027 -1.622
-4.358 18.217 -1.64
-4.295 18.205 -1.637
-4.272 18.233 -1.639
-4.218 18.264 -1.641
-4.163 18.287 -1.642
-4.113 18.331 -1.645
-4.063 18.377 -1.648
-4.988 22.886 -1.525
-4.993 23.258 -1.552
-4.99 23.604 -1.576
-4.996 24 -1.605
-5.142 37.841 -1.495
-5.096 38.413 -1.52
-5.054 39.035 -1.547
-4.982 39.455 -1.565
-4.843 39.35 -1.56
-4.726 39.421 -1.562
-4.67 39.478 -1.564
