1.67458 0.14973 -0.0240726 0.00118462
1.975 3.83 -1.699
1.98 3.811 -1.693
1.983 3.787 -1.685
1.983 3.76 -1.675
1.99 3.744 -1.67
1.985 3.721 -1.661
1.961 3.649 -1.629
1.964 4.399 -1.711
1.966 4.365 -1.699
1.967 4.332 -1.688
1.96 4.298 -1.675
1.964 4.274 -1.667
1.965 4.24 -1.656
1.947 5.53 -1.693
1.942 5.487 -1.68
1.937 5.418 -1.659
1.935 5.358 -1.642
3.875 4.414 -1.473
3.887 4.4 -1.472
3.898 4.385 -1.471
3.912 4.373 -1.471
3.916 4.349 -1.467
3.916 4.336 -1.465
3.919 4.312 -1.46
3.929 4.295 -1.459
3.916 4.255 -1.448
3.931 4.244 -1.449
3.935 4.221 -1.445
3.929 4.188 -1.437
3.942 4.189 -1.44
3.943 4.164 -1.435
3.955 4.15 -1.435
3.964 4.133 -1.433
3.969 4.112 -1.43
3.982 4.1 -1.43
3.982 4.075 -1.425
3.985 4.064 -1.424
3.987 4.041 -1.42
1.835 7.702 -1.711
1.854 7.675 -1.706
1.863 7.657 -1.702
1.875 7.604 -1.691
1.9 7.6 -1.692
1.919 7.577 -1.688
1.937 7.548 -1.682
1.961 7.54 -1.682
1.961 7.445 -1.66
1.941 9.349 -1.724
1.946 9.302 -1.715
1.966 9.252 -1.707
1.973 9.14 -1.686
1.976 9.014 -1.662
1.98 8.897 -1.64
1.958 11.363 -1.706
1.988 11.326 -1.701
1.998 11.175 -1.678
2.001 10.988 -1.648
1.98 10.775 -1.614
1.984 10.61 -1.589
2.85 12.929 -1.494
2.889 12.915 -1.493
2.926 12.89 -1.491
2.942 12.864 -1.489
2.976 12.83 -1.485
3.012 12.803 -1.483
3.05 12.782 -1.481
3.087 12.762 -1.48
3.121 12.728 -1.477
3.16 12.714 -1.476
3.176 12.694 -1.474
3.211 12.664 -1.472
3.248 12.643 -1.47
3.282 12.611 -1.467
3.319 12.589 -1.466
3.354 12.564 -1.464
3.371 12.549 -1.463
3.408 12.527 -1.461
3.44 12.491 -1.458
3.48 12.482 -1.458
3.517 12.463 -1.457
3.552 12.439 -1.455
3.589 12.42 -1.454
3.606 12.405 -1.453
3.642 12.384 -1.452
3.679 12.365 -1.451
3.717 12.353 -1.451
3.753 12.332 -1.449
3.792 12.32 -1.449
3.831 12.308 -1.449
3.844 12.283 -1.447
3.882 12.269 -1.447
3.918 12.249 -1.446
3.953 12.226 -1.444
3.987 12.2 -1.442
4.021 12.174 -1.441
4.05 12.135 -1.437
7.876 14.294 -1.403
7.911 14.25 -1.401
7.942 14.201 -1.398
7.983 14.17 -1.397
8.009 14.163 -1.398
8.048 14.129 -1.397
8.081 14.083 -1.395
8.113 14.037 -1.392
8.145 13.991 -1.39
8.176 13.943 -1.387
8.178 13.896 -1.383
8.239 13.901 -1.387
8.245 13.811 -1.38
8.247 13.715 -1.372
8.335 13.764 -1.38
8.369 13.723 -1.379
8.403 13.681 -1.377
8.303 13.471 -1.354
8.337 13.432 -1.353
8.405 13.446 -1.357
8.412 13.364 -1.351
4.442 22.824 -1.512
4.511 22.792 -1.511
4.568 22.705 -1.505
4.633 22.663 -1.503
4.703 22.639 -1.502
4.732 22.6 -1.5
4.794 22.546 -1.497
4.858 22.496 -1.495
4.925 22.463 -1.493
4.983 22.395 -1.489
5.054 22.381 -1.489
5.12 22.348 -1.488
5.147 22.301 -1.485
5.208 22.248 -1.482
5.271 22.202 -1.48
5.332 22.148 -1.477
5.394 22.099 -1.475
5.453 22.041 -1.472
5.506 21.96 -1.467
5.536 21.932 -1.465
5.592 21.864 -1.462
5.646 21.79 -1.457
9.481 9.009 -0.537
9.401 8.878 -0.528
9.343 8.768 -0.522
9.358 8.755 -0.522
9.335 8.678 -0.518
9.41 8.693 -0.521
9.218 8.463 -0.505
9.117 8.318 -0.495
9.004 8.164 -0.484
8.151 67.156 -1.213
8.257 66.287 -1.196
8.336 65.257 -1.174
8.405 64.196 -1.152
