1.29119 0.130525 -0.0147532 0.000498035
1.656 4.068 -1.734
1.661 4.044 -1.726
1.663 4.014 -1.714
1.66 3.989 -1.704
1.666 3.967 -1.696
1.666 3.934 -1.684
1.667 3.902 -1.672
1.644 4.58 -1.729
1.649 4.548 -1.718
1.642 4.509 -1.703
1.644 4.471 -1.69
1.651 4.446 -1.682
1.649 4.401 -1.666
1.652 4.366 -1.654
1.638 5.168 -1.726
1.65 5.149 -1.721
1.652 5.1 -1.705
1.657 5.063 -1.694
1.65 5.015 -1.678
1.65 4.963 -1.661
1.629 5.727 -1.721
1.638 5.689 -1.711
1.645 5.645 -1.698
1.637 5.586 -1.68
1.645 5.547 -1.669
1.646 6.616 -1.729
1.648 6.579 -1.72
1.654 6.514 -1.703
1.654 6.43 -1.681
1.658 6.361 -1.663
1.661 6.289 -1.644
4.09 2.33 -1.006
4.031 2.28 -0.988
4.006 2.257 -0.98
3.977 2.225 -0.97
3.982 2.212 -0.97
3.96 2.183 -0.962
3.904 2.137 -0.944
3.886 2.111 -0.938
3.858 4.31 -1.063
3.857 4.255 -1.055
3.865 4.237 -1.053
3.852 4.197 -1.045
3.857 4.176 -1.043
3.786 4.087 -1.02
3.808 4.085 -1.022
3.818 4.07 -1.022
3.785 4.01 -1.008
4.125 4.471 -0.901
4.13 4.462 -0.9
4.068 4.368 -0.881
4.007 4.276 -0.863
3.996 4.238 -0.857
4.014 4.23 -0.858
3.99 4.179 -0.849
4.003 4.18 -0.851
4.015 4.166 -0.85
3.81 9.597 -1.194
3.819 9.531 -1.186
3.847 9.514 -1.185
3.83 9.388 -1.168
3.84 9.326 -1.161
3.802 9.194 -1.143
7.524 14.339 -1.39
7.561 14.299 -1.389
7.62 14.304 -1.392
7.706 14.248 -1.391
7.722 14.224 -1.39
7.769 14.203 -1.39
7.808 14.17 -1.389
7.937 14.036 -1.384
7.976 14.003 -1.383
8.018 13.974 -1.382
8.06 13.946 -1.382
8.096 13.906 -1.38
8.139 13.879 -1.38
8.169 13.831 -1.378
8.186 13.81 -1.377
8.217 13.763 -1.374
8.249 13.719 -1.372
8.295 13.698 -1.373
8.329 13.657 -1.371
8.343 13.583 -1.365
8.373 13.536 -1.363
8.37 13.484 -1.359
8.401 13.439 -1.356
8.428 13.389 -1.354
8.448 13.327 -1.35
8.444 13.228 -1.341
8.451 13.148 -1.335
9.734 12.41 -0.689
9.575 12.129 -0.671
9.424 11.861 -0.654
9.401 11.757 -0.648
9.391 11.67 -0.644
9.395 11.6 -0.641
9.473 11.658 -0.646
9.522 11.644 -0.648
9.489 11.529 -0.641
9.503 11.473 -0.639
