-5.13869 -0.0716771 0.00772059 -0.000209188
-5.194 2.49 -1.661
-5.238 2.531 -1.679
-5.237 2.55 -1.681
-5.244 2.574 -1.687
-5.251 2.598 -1.692
-5.264 2.625 -1.699
-5.249 2.638 -1.697
-5.241 2.645 -1.695
-5.248 2.669 -1.701
-5.231 2.681 -1.698
-5.236 2.704 -1.703
-5.229 2.722 -1.703
-5.228 2.742 -1.705
-5.226 2.761 -1.708
-5.221 2.77 -1.708
-5.231 2.796 -1.714
-5.224 2.813 -1.715
-5.214 2.829 -1.714
-5.268 5.522 -1.645
-5.265 5.554 -1.65
-5.306 5.632 -1.669
-5.315 5.677 -1.678
-5.321 5.701 -1.683
-5.302 5.717 -1.683
-5.28 5.729 -1.682
-5.278 5.763 -1.687
-5.273 5.794 -1.692
-5.266 5.823 -1.696
-5.355 7.38 -1.641
-5.362 7.438 -1.651
-5.377 7.483 -1.66
-5.354 7.502 -1.66
-5.355 7.552 -1.668
-5.33 7.567 -1.668
-5.322 7.607 -1.673
-5.333 7.673 -1.685
-5.341 7.711 -1.692
-5.392 9.582 -1.621
-5.408 9.646 -1.631
-5.397 9.697 -1.637
-5.375 9.73 -1.64
-5.352 9.76 -1.642
-5.369 9.864 -1.658
-5.368 9.936 -1.668
-5.353 9.982 -1.673
-16.214 6.211 -1.932
-16.219 6.242 -1.934
-16.229 6.305 -1.938
-16.215 6.358 -1.939
-16.217 6.417 -1.942
-16.217 6.476 -1.945
-16.22 6.537 -1.948
-16.216 6.595 -1.95
-16.217 6.624 -1.951
-16.233 6.69 -1.956
-16.23 6.749 -1.959
-16.218 6.804 -1.96
-16.22 6.865 -1.963
-16.221 6.925 -1.966
-16.224 6.987 -1.969
-16.237 7.023 -1.973
-16.235 7.082 -1.975
-16.227 7.14 -1.977
-16.234 7.203 -1.981
-16.224 7.26 -1.983
-5.477 17.178 -1.571
-5.477 17.366 -1.588
-5.457 17.495 -1.6
-5.472 17.737 -1.623
-5.466 17.916 -1.64
-5.486 18.082 -1.656
-5.448 18.164 -1.662
-5.575 23.278 -1.562
-5.631 23.843 -1.604
-5.568 23.911 -1.608
-5.594 24.191 -1.628
-5.553 24.364 -1.64
-5.482 24.403 -1.642
-5.41 24.444 -1.643
-5.973 38.909 -1.547
-5.965 39.697 -1.582
-5.907 40.168 -1.602
-5.846 40.189 -1.603
-5.727 40.259 -1.605
