-4.98238 -0.0045974 1.37306e-05 4.58912e-06
-5.007 2.577 -1.622
-5.009 2.598 -1.625
-5.008 2.618 -1.627
-5.011 2.639 -1.632
-5.011 2.649 -1.633
-5.002 2.665 -1.633
-5.014 2.691 -1.64
-4.996 2.702 -1.636
-5.011 2.73 -1.645
-5 2.745 -1.644
-4.992 2.76 -1.644
-5.002 2.777 -1.649
-4.975 2.782 -1.643
-4.982 2.806 -1.648
-4.966 2.818 -1.646
-4.972 2.842 -1.651
-4.981 2.868 -1.658
-4.991 2.894 -1.664
-4.991 2.905 -1.666
-4.997 2.929 -1.671
-4.997 2.951 -1.675
-5.004 3.912 -1.603
-5.003 3.924 -1.605
-5.019 3.962 -1.614
-5.016 3.985 -1.618
-5.014 4.009 -1.621
-4.989 4.015 -1.617
-4.975 4.029 -1.617
-5.003 4.065 -1.629
-4.998 4.087 -1.631
-4.982 4.1 -1.63
-4.983 4.127 -1.635
-4.991 4.16 -1.642
-5.003 4.196 -1.651
-5.01 4.229 -1.658
-5.039 5.521 -1.609
-5.031 5.547 -1.612
-5.022 5.572 -1.614
-5.032 5.601 -1.621
-5.04 5.645 -1.63
-5.026 5.665 -1.631
-5.031 5.707 -1.639
-5.039 5.752 -1.648
-5.029 5.776 -1.651
-5.041 5.827 -1.662
-5.005 7.4 -1.605
-5.033 7.493 -1.623
-5.05 7.569 -1.637
-5.042 7.607 -1.642
-5.043 7.635 -1.647
-5.019 7.651 -1.647
-5.016 7.699 -1.655
-4.993 7.717 -1.655
-4.977 7.745 -1.658
-5.06 9.51 -1.585
-5.059 9.581 -1.595
-5.053 9.643 -1.603
-5.039 9.688 -1.609
-5.019 9.725 -1.613
-4.988 9.739 -1.612
-4.987 9.813 -1.623
-4.993 9.863 -1.63
-4.974 9.903 -1.635
-4.954 9.942 -1.639
-4.928 9.966 -1.64
-14.421 8.224 -1.839
-14.429 8.288 -1.844
-14.489 8.383 -1.856
-14.667 8.547 -1.885
-14.585 8.531 -1.875
-14.493 8.538 -1.866
-14.581 8.651 -1.882
-14.802 8.845 -1.918
-14.817 8.917 -1.924
-5.044 16.918 -1.534
-5.011 17.003 -1.541
-5.021 17.234 -1.563
-5.014 17.412 -1.58
-4.979 17.497 -1.587
-4.945 17.587 -1.594
-4.921 17.608 -1.596
-22.225 21.945 -1.947
-22.23 22.089 -1.954
-22.209 22.207 -1.959
-22.223 22.361 -1.967
-22.251 22.46 -1.973
-22.252 22.602 -1.98
-22.26 22.754 -1.988
-22.244 22.881 -1.993
-22.246 23.026 -2.001
-5.108 35.891 -1.409
-5.144 36.555 -1.438
-5.09 37.021 -1.458
-5.026 37.423 -1.476
-4.809 37.6 -1.482
-4.687 37.587 -1.481
-4.632 37.623 -1.482
-4.517 37.665 -1.484
