1.88941 -0.0359367 0.00315062 -6.13382e-05
1.805 3.995 -1.731
1.809 3.971 -1.722
1.822 3.967 -1.723
1.832 3.956 -1.72
1.826 3.91 -1.702
1.825 3.894 -1.696
1.831 3.875 -1.689
1.832 3.846 -1.679
1.811 4.462 -1.71
1.816 4.436 -1.701
1.816 4.397 -1.688
1.815 4.376 -1.68
1.816 4.341 -1.668
1.82 4.311 -1.658
1.776 5.662 -1.715
1.789 5.641 -1.71
1.798 5.639 -1.71
1.803 5.595 -1.698
1.807 5.547 -1.684
1.814 5.509 -1.674
1.815 5.452 -1.657
1.786 6.517 -1.713
1.777 6.445 -1.694
1.792 6.419 -1.688
1.796 6.358 -1.672
1.815 6.349 -1.671
1.821 6.293 -1.657
4.02 3.557 -1.165
4.011 3.527 -1.158
3.957 3.458 -1.138
3.95 3.431 -1.132
3.985 3.438 -1.139
3.989 3.421 -1.138
3.969 3.382 -1.128
3.942 3.348 -1.118
3.94 3.326 -1.114
1.757 9.264 -1.701
1.786 9.258 -1.701
1.815 9.25 -1.701
1.824 9.221 -1.695
1.826 9.076 -1.668
1.826 8.932 -1.641
4.187 5.491 -1.039
4.121 5.371 -1.016
4.055 5.25 -0.993
4.049 5.21 -0.987
4.075 5.209 -0.99
4.088 5.192 -0.989
4.092 5.163 -0.986
4.047 5.091 -0.971
1.746 14.7 -1.694
1.789 14.669 -1.691
1.833 14.653 -1.689
1.864 14.529 -1.674
1.879 14.291 -1.644
1.919 14.25 -1.64
1.96 14.216 -1.636
1.843 18.414 -1.617
1.917 18.566 -1.633
1.971 18.525 -1.63
2.001 18.521 -1.63
2.051 18.446 -1.623
2.109 18.439 -1.623
2.165 18.415 -1.621
2.219 18.374 -1.618
2.273 18.34 -1.615
2.328 18.311 -1.613
2.352 18.273 -1.609
2.409 18.256 -1.609
2.462 18.219 -1.606
2.514 18.172 -1.602
2.567 18.138 -1.599
2.619 18.094 -1.596
2.671 18.051 -1.592
2.695 18.019 -1.589
2.748 17.989 -1.587
2.801 17.954 -1.585
2.855 17.932 -1.583
2.908 17.901 -1.581
2.96 17.868 -1.579
3.012 17.833 -1.576
3.035 17.799 -1.573
3.086 17.758 -1.57
3.136 17.719 -1.567
3.183 17.66 -1.562
4.066 13.179 -0.905
4.087 13.1 -0.9
4.048 12.834 -0.878
4.042 12.677 -0.866
4.12 12.851 -0.882
4.128 12.739 -0.873
4.128 12.605 -0.863
4.134 12.492 -0.854
2.484 32.135 -1.415
2.578 32.035 -1.41
2.623 31.967 -1.407
2.718 31.891 -1.404
2.813 31.825 -1.401
2.91 31.78 -1.399
3.003 31.703 -1.395
3.094 31.604 -1.391
3.188 31.538 -1.388
3.23 31.46 -1.384
3.322 31.386 -1.381
3.412 31.298 -1.377
3.503 31.218 -1.374
3.594 31.147 -1.371
3.684 31.07 -1.367
3.765 30.923 -1.361
