-4.13921 -0.308413 0.05436 -0.00309931
-4.68 2.576 -1.699
-4.697 2.605 -1.709
-4.705 2.629 -1.715
-4.682 2.635 -1.709
-4.685 2.656 -1.714
-4.704 2.677 -1.723
-4.704 2.697 -1.726
-4.697 2.712 -1.727
-4.68 2.722 -1.723
-4.688 2.747 -1.73
-4.687 2.766 -1.733
-4.691 2.789 -1.738
-4.687 2.796 -1.738
-4.681 2.813 -1.74
-4.687 2.836 -1.745
-4.681 2.853 -1.747
-4.676 2.87 -1.748
-4.657 2.878 -1.744
-4.67 2.907 -1.753
-4.679 2.922 -1.758
-4.669 2.937 -1.758
-4.659 2.951 -1.758
-4.709 3.283 -1.655
-4.709 3.293 -1.657
-4.705 3.313 -1.659
-4.702 3.333 -1.662
-4.712 3.362 -1.67
-4.718 3.389 -1.676
-4.695 3.395 -1.672
-4.717 3.433 -1.684
-4.712 3.44 -1.684
-4.698 3.453 -1.683
-4.713 3.487 -1.693
-4.699 3.499 -1.692
-4.691 3.516 -1.693
-4.703 3.548 -1.702
-4.701 3.57 -1.705
-4.698 3.58 -1.707
-4.692 3.598 -1.708
-4.686 3.617 -1.711
-4.678 3.634 -1.712
-4.685 3.663 -1.719
-4.666 3.672 -1.716
-4.655 3.676 -1.714
-4.672 3.713 -1.726
-4.69 4.754 -1.692
-4.709 4.803 -1.705
-4.702 4.826 -1.708
-4.69 4.843 -1.709
-4.692 4.876 -1.716
-4.69 4.889 -1.718
-4.681 4.911 -1.72
-4.68 4.941 -1.726
-4.678 4.969 -1.731
-4.666 4.988 -1.733
-4.652 5.004 -1.733
-4.645 5.013 -1.734
-4.64 5.039 -1.738
-4.636 5.066 -1.743
-4.625 5.087 -1.745
-4.693 6.168 -1.672
-4.716 6.219 -1.685
-4.701 6.24 -1.687
-4.685 6.259 -1.688
-4.693 6.311 -1.699
-4.689 6.346 -1.705
-4.681 6.378 -1.71
-4.691 6.434 -1.721
-4.687 6.449 -1.724
-4.708 7.942 -1.663
-4.704 7.992 -1.671
-4.687 8.022 -1.674
-4.686 8.078 -1.684
-4.709 8.146 -1.697
-4.705 8.198 -1.706
-4.694 8.239 -1.711
-4.681 8.277 -1.717
-4.719 10.18 -1.657
-4.72 10.266 -1.669
-4.728 10.326 -1.678
-4.733 10.421 -1.692
-4.714 10.467 -1.698
-4.695 10.514 -1.703
-4.685 10.579 -1.712
-4.659 10.612 -1.715
-14.274 12.107 -2.099
-14.251 12.165 -2.101
-14.252 12.243 -2.107
-14.245 12.315 -2.112
-14.27 12.376 -2.12
-14.237 12.583 -2.133
-14.225 12.814 -2.151
-22.862 25.77 -2.168
-22.92 26.248 -2.195
-22.909 26.402 -2.203
-22.902 26.562 -2.211
-22.916 26.748 -2.221
-22.914 26.917 -2.23
-5.076 34.532 -1.549
-5.085 35.36 -1.59
-5.018 35.685 -1.606
-4.932 35.892 -1.616
-4.715 35.988 -1.619
-4.665 36.043 -1.621
