-4.99696 -0.0577357 0.00425682 -0.000118867
-5.233 5.316 -1.605
-5.241 5.358 -1.613
-5.236 5.387 -1.617
-5.249 5.417 -1.624
-5.234 5.435 -1.625
-5.232 5.467 -1.63
-5.231 5.5 -1.635
-5.244 5.549 -1.646
-5.231 5.57 -1.647
-5.225 5.599 -1.651
-5.231 5.623 -1.656
-5.227 5.654 -1.66
-5.268 7.189 -1.601
-5.265 7.233 -1.608
-5.262 7.276 -1.614
-5.267 7.332 -1.623
-5.271 7.361 -1.628
-5.279 7.421 -1.639
-5.27 7.458 -1.644
-5.252 7.483 -1.646
-5.247 7.525 -1.652
-5.301 9.25 -1.568
-5.301 9.318 -1.577
-5.303 9.39 -1.587
-5.298 9.449 -1.595
-5.304 9.496 -1.602
-5.301 9.561 -1.611
-5.285 9.601 -1.615
-5.276 9.658 -1.622
-5.278 12.638 -1.552
-5.245 12.671 -1.555
-5.276 12.86 -1.579
-5.293 12.962 -1.592
-5.264 13.007 -1.595
-5.245 13.078 -1.603
-5.373 16.497 -1.504
-5.388 16.632 -1.517
-5.382 16.793 -1.532
-5.364 16.918 -1.543
-5.348 17.052 -1.555
-5.308 17.114 -1.56
-5.456 21.59 -1.44
-5.517 21.974 -1.468
-5.497 22.188 -1.483
-5.474 22.397 -1.498
-5.454 22.62 -1.513
-5.396 22.691 -1.517
-23.599 32.702 -1.59
-23.583 32.896 -1.597
-23.581 33.114 -1.604
-23.574 33.325 -1.612
-23.617 33.497 -1.619
-23.612 33.715 -1.627
-23.608 33.935 -1.635
-23.58 34.124 -1.641
-23.513 34.256 -1.644
-23.426 34.361 -1.646
-6.279 52.925 -0.912
-6.167 53.423 -0.923
-6.164 54.142 -0.938
-6.119 55.302 -0.962
-6.004 55.866 -0.973
