2.01386 -0.247189 0.0354315 -0.00166587
1.472 4.125 -1.729
1.476 4.098 -1.719
1.476 4.057 -1.703
1.481 4.033 -1.694
1.482 4.016 -1.687
1.481 3.975 -1.671
1.447 4.617 -1.718
1.452 4.582 -1.706
1.456 4.569 -1.702
1.46 4.532 -1.689
1.456 4.474 -1.668
3.418 2.987 -1.472
3.406 2.966 -1.464
3.411 2.952 -1.462
3.428 2.947 -1.466
3.424 2.925 -1.46
3.426 2.908 -1.457
3.421 2.885 -1.45
3.422 2.878 -1.449
3.421 2.858 -1.444
3.423 2.842 -1.441
3.431 2.83 -1.44
3.434 2.814 -1.437
3.429 2.792 -1.431
3.439 2.783 -1.432
3.441 2.775 -1.431
3.447 2.762 -1.429
3.458 2.753 -1.431
3.465 2.741 -1.43
3.476 2.731 -1.431
3.48 2.717 -1.429
3.481 2.7 -1.425
3.478 2.689 -1.422
3.482 2.675 -1.42
1.425 5.642 -1.679
1.416 5.531 -1.646
1.44 5.553 -1.654
1.448 5.509 -1.642
1.458 5.477 -1.633
1.462 5.423 -1.617
1.401 6.542 -1.695
1.423 6.547 -1.697
1.435 6.502 -1.686
1.444 6.445 -1.672
1.438 6.369 -1.651
1.441 6.289 -1.63
1.447 6.227 -1.614
1.452 6.158 -1.596
3.676 3.566 -1.105
3.652 3.532 -1.096
3.653 3.511 -1.092
3.596 3.435 -1.07
3.628 3.444 -1.077
3.643 3.436 -1.078
3.611 3.385 -1.064
3.581 3.347 -1.053
1.295 9.161 -1.667
1.32 9.134 -1.662
1.348 9.126 -1.661
1.361 9.116 -1.66
1.387 9.09 -1.656
1.406 9.025 -1.644
1.412 8.877 -1.616
1.306 10.935 -1.624
1.339 10.921 -1.622
1.372 10.907 -1.62
1.382 10.846 -1.611
1.393 10.66 -1.582
1.401 10.459 -1.55
1.413 10.304 -1.526
1.311 13.832 -1.578
1.355 13.826 -1.578
1.371 13.563 -1.544
1.391 13.34 -1.516
1.399 13.032 -1.477
3.352 13.926 -1.295
3.389 13.89 -1.292
3.4 13.746 -1.278
3.417 13.631 -1.267
3.417 13.457 -1.249
3.451 13.411 -1.245
3.462 13.367 -1.241
3.468 14.895 -1.026
3.491 14.785 -1.018
3.475 14.514 -0.996
3.493 14.389 -0.987
3.495 14.204 -0.972
7.585 14.8 -0.737
7.475 14.475 -0.718
7.53 14.469 -0.719
7.636 14.56 -0.727
7.651 14.534 -0.726
7.689 14.494 -0.725
7.728 14.46 -0.724
7.677 14.256 -0.713
7.7 14.191 -0.71
7.709 14.102 -0.706
7.708 14.048 -0.703
7.702 13.933 -0.697
7.735 13.89 -0.696
7.717 13.758 -0.689
7.732 13.683 -0.686
