-5.5797 0.0637779 -0.00351477 3.80238e-05
-5.28 3.891 -1.659
-5.286 3.921 -1.665
-5.295 3.954 -1.673
-5.303 3.973 -1.677
-5.295 3.993 -1.679
-5.301 4.023 -1.685
-5.299 4.048 -1.689
-5.308 4.081 -1.696
-5.286 4.091 -1.693
-5.279 4.112 -1.695
-5.288 4.132 -1.7
-5.287 4.158 -1.705
-5.282 4.181 -1.707
-5.279 4.206 -1.711
-5.317 5.452 -1.641
-5.334 5.487 -1.65
-5.34 5.528 -1.657
-5.327 5.549 -1.659
-5.3 5.555 -1.655
-5.3 5.59 -1.661
-5.292 5.617 -1.664
-5.297 5.658 -1.672
-5.268 5.645 -1.665
-5.243 5.654 -1.663
-5.251 5.698 -1.672
-5.226 5.707 -1.669
-5.214 5.729 -1.671
-5.215 5.767 -1.678
-5.209 5.796 -1.682
-5.213 5.819 -1.687
-5.192 5.832 -1.686
-5.203 5.882 -1.696
-5.19 5.904 -1.698
-5.193 5.945 -1.706
-5.319 7.331 -1.629
-5.331 7.396 -1.641
-5.327 7.415 -1.643
-5.31 7.44 -1.645
-5.327 7.514 -1.659
-5.325 7.561 -1.666
-5.312 7.592 -1.669
-5.313 7.644 -1.678
-5.308 7.664 -1.681
-5.346 9.536 -1.611
-5.353 9.618 -1.623
-5.363 9.707 -1.636
-5.343 9.743 -1.639
-5.336 9.803 -1.647
-5.324 9.854 -1.653
-5.315 9.911 -1.661
-5.302 9.925 -1.662
-5.281 9.96 -1.665
-15.456 6.657 -1.867
-15.462 6.718 -1.87
-15.459 6.745 -1.871
-15.465 6.806 -1.875
-15.46 6.861 -1.877
-15.466 6.922 -1.881
-15.466 6.98 -1.884
-15.458 7.036 -1.886
-15.463 7.096 -1.889
-15.477 7.132 -1.893
-15.48 7.193 -1.896
-15.432 7.229 -1.893
-15.386 7.267 -1.89
-15.431 7.348 -1.899
-15.456 7.419 -1.906
-15.451 7.476 -1.908
-15.434 7.498 -1.907
-15.437 7.559 -1.911
-15.454 7.628 -1.917
-15.699 13.383 -1.826
-15.706 13.474 -1.832
-15.708 13.562 -1.838
-15.705 13.645 -1.843
-15.704 13.731 -1.849
-15.705 13.776 -1.852
-15.693 13.853 -1.856
-15.731 13.974 -1.867
-15.727 14.059 -1.872
-15.727 14.149 -1.878
-15.714 14.226 -1.882
-5.525 24.242 -1.631
-5.495 24.461 -1.646
-5.449 24.617 -1.657
-5.395 24.743 -1.665
-5.32 24.771 -1.666
-5.289 24.819 -1.669
-5.217 24.861 -1.671
-5.144 24.904 -1.673
-5.073 24.954 -1.675
-4.999 24.991 -1.677
-4.927 25.042 -1.679
-4.858 25.104 -1.683
-4.822 25.133 -1.684
-4.749 25.18 -1.687
-4.674 25.214 -1.688
-4.597 25.242 -1.689
-5.828 40.066 -1.597
-5.803 40.799 -1.629
-5.727 41.191 -1.646
-5.614 41.333 -1.652
-5.523 41.644 -1.665
-5.397 41.701 -1.667
-5.34 41.775 -1.67
-5.218 41.868 -1.673
