-5.45688 0.0215362 0.000202958 -1.05232e-05
-5.28 5.314 -1.612
-5.296 5.364 -1.623
-5.295 5.379 -1.625
-5.286 5.404 -1.628
-5.254 5.405 -1.623
-5.282 5.468 -1.638
-5.282 5.502 -1.644
-5.28 5.534 -1.649
-5.272 5.561 -1.652
-5.275 5.582 -1.656
-5.272 5.614 -1.661
-5.264 5.64 -1.664
-5.254 5.665 -1.667
-5.248 5.695 -1.671
-5.274 7.15 -1.596
-5.269 7.191 -1.601
-5.246 7.207 -1.601
-5.259 7.273 -1.613
-5.248 7.305 -1.617
-5.254 7.362 -1.627
-5.243 7.396 -1.631
-5.253 7.434 -1.638
-5.242 7.468 -1.642
-5.242 7.519 -1.65
-5.21 9.363 -1.576
-5.196 9.407 -1.581
-5.182 9.451 -1.586
-5.197 9.514 -1.596
-5.185 9.563 -1.602
-5.139 9.55 -1.597
-5.115 9.577 -1.599
-5.124 9.666 -1.612
-5.066 9.629 -1.603
-5.051 9.637 -1.603
-5.071 9.749 -1.62
-5.04 9.765 -1.62
-5.012 9.786 -1.621
-4.986 9.811 -1.622
-4.975 9.867 -1.63
-4.95 9.893 -1.631
-4.945 9.922 -1.635
-14.164 9.526 -1.896
-14.174 9.597 -1.902
-14.147 9.643 -1.903
-14.124 9.791 -1.911
-14.102 9.841 -1.912
-14.089 9.898 -1.915
-14.07 9.952 -1.917
-14.031 9.99 -1.915
-14.074 10.087 -1.927
-14.003 10.103 -1.921
-13.986 10.124 -1.92
-13.909 10.136 -1.914
-13.959 10.239 -1.926
-14.069 10.387 -1.948
-14.025 10.423 -1.946
-13.992 10.467 -1.946
-13.934 10.492 -1.942
-13.944 10.534 -1.946
-13.935 10.596 -1.95
-5.016 16.729 -1.515
-5.029 16.868 -1.529
-5.013 17.008 -1.541
-4.985 17.112 -1.55
-4.958 17.219 -1.56
-4.915 17.273 -1.564
-4.869 17.319 -1.567
-4.991 21.911 -1.455
-5.044 22.3 -1.483
-5.009 22.475 -1.495
-5 22.769 -1.516
-4.942 22.847 -1.521
-4.882 22.917 -1.525
-5.045 35.445 -1.389
-5.01 36.011 -1.414
-5 36.362 -1.429
-4.894 36.437 -1.432
-4.784 36.489 -1.433
-4.68 36.585 -1.437
-4.58 36.721 -1.442
-4.469 36.769 -1.444
