2.34664 -0.29609 0.0484992 -0.00245419
1.794 4.02 -1.738
1.789 3.977 -1.721
1.792 3.95 -1.711
1.795 3.924 -1.702
1.798 3.899 -1.692
1.8 3.871 -1.682
1.772 4.508 -1.721
1.778 4.482 -1.712
1.782 4.452 -1.702
1.784 4.418 -1.691
1.787 4.385 -1.679
1.791 4.357 -1.67
1.755 5.09 -1.713
1.771 5.084 -1.713
1.78 5.061 -1.707
1.778 5.028 -1.696
1.777 4.978 -1.68
1.78 4.936 -1.667
1.783 4.897 -1.654
1.766 5.662 -1.714
1.778 5.639 -1.708
1.771 5.585 -1.692
1.771 5.525 -1.674
1.778 5.486 -1.663
1.782 5.439 -1.65
1.748 6.583 -1.728
1.763 6.557 -1.722
1.78 6.539 -1.718
1.779 6.493 -1.706
1.785 6.433 -1.691
1.786 6.359 -1.672
1.743 7.745 -1.716
1.764 7.727 -1.713
1.776 7.72 -1.712
1.791 7.676 -1.703
1.791 7.568 -1.678
1.798 7.489 -1.661
1.804 7.411 -1.644
4.071 4.099 -1.062
4.026 4.029 -1.045
3.972 3.951 -1.026
3.906 3.873 -1.005
3.878 3.823 -0.994
3.896 3.816 -0.995
3.912 3.808 -0.997
3.913 3.784 -0.993
3.874 3.724 -0.979
1.771 11.338 -1.697
1.789 11.221 -1.679
1.796 11.04 -1.651
1.804 10.87 -1.625
1.81 10.695 -1.597
3.907 9.322 -1.164
3.93 9.295 -1.162
3.936 9.228 -1.154
4.004 9.308 -1.168
3.987 9.187 -1.152
3.962 9.05 -1.133
3.99 9.077 -1.138
3.98 8.977 -1.125
4.017 8.985 -1.128
3.964 8.789 -1.101
3.982 8.755 -1.098
3.984 8.688 -1.09
2.083 17.468 -1.528
2.135 17.44 -1.526
2.186 17.404 -1.523
2.212 17.384 -1.521
2.264 17.362 -1.52
2.316 17.331 -1.517
2.366 17.296 -1.514
2.415 17.251 -1.511
2.468 17.235 -1.51
2.491 17.2 -1.507
2.541 17.166 -1.504
2.592 17.139 -1.502
2.643 17.111 -1.5
2.693 17.079 -1.498
2.747 17.07 -1.498
2.793 17.018 -1.494
2.817 16.996 -1.492
2.867 16.966 -1.49
2.919 16.949 -1.489
2.966 16.904 -1.486
3.018 16.887 -1.485
3.065 16.844 -1.481
3.115 16.819 -1.48
3.137 16.794 -1.478
3.187 16.768 -1.476
2.37 24.52 -1.614
2.406 24.492 -1.612
2.483 24.481 -1.612
2.556 24.435 -1.609
2.628 24.387 -1.606
2.698 24.319 -1.602
2.77 24.271 -1.599
2.803 24.219 -1.595
2.874 24.171 -1.592
2.944 24.108 -1.588
3.015 24.061 -1.586
3.083 23.99 -1.581
3.153 23.945 -1.578
3.217 23.848 -1.572
3.247 23.785 -1.568
3.312 23.71 -1.563
2.648 32.921 -1.455
2.742 32.793 -1.449
2.835 32.665 -1.443
2.929 32.566 -1.438
3.023 32.46 -1.433
3.113 32.325 -1.427
3.153 32.21 -1.421
3.245 32.111 -1.417
3.339 32.037 -1.414
3.433 31.961 -1.41
3.526 31.88 -1.407
3.615 31.77 -1.402
