-8.41663 0.47107 -0.0306166 0.000665707
-6.047 5.57 -1.781
-6.037 5.595 -1.784
-6.042 5.635 -1.791
-6.045 5.673 -1.797
-6.037 5.701 -1.8
-6.037 5.738 -1.806
-6.051 5.769 -1.813
-6.045 5.8 -1.817
-6.05 5.84 -1.825
-6.047 5.874 -1.83
-6.041 5.905 -1.834
-6.029 7.679 -1.766
-6.029 7.704 -1.769
-6.019 7.741 -1.774
-6.015 7.786 -1.78
-6.013 7.835 -1.788
-6.017 7.891 -1.797
-6.002 7.922 -1.8
-6.004 7.977 -1.809
-6.01 8.01 -1.814
-6 8.049 -1.819
-6.017 9.979 -1.725
-6.018 10.052 -1.735
-6.012 10.114 -1.743
-6.009 10.182 -1.752
-6.011 10.222 -1.758
-6.006 10.287 -1.766
-6.004 10.358 -1.776
-5.996 10.418 -1.784
-5.97 13.978 -1.667
-5.978 14.058 -1.676
-5.975 14.174 -1.689
-5.97 14.286 -1.702
-5.964 14.398 -1.714
-5.953 14.499 -1.725
-5.947 14.615 -1.738
-5.925 14.628 -1.738
-5.943 17.404 -1.606
-5.927 17.537 -1.618
-5.919 17.695 -1.633
-5.943 17.859 -1.649
-5.934 18.02 -1.663
-5.926 18.186 -1.679
-5.895 18.286 -1.687
-5.967 22.995 -1.549
-5.954 23.243 -1.567
-6.014 23.786 -1.607
-6.007 24.074 -1.627
-5.981 24.296 -1.642
-5.929 24.413 -1.65
