6.23427 0.0518563 -0.0185825 -0.00420124
1.947 9.157 -1.688
1.969 9.122 -1.682
1.993 9.091 -1.677
2.018 9.07 -1.674
2.046 9.061 -1.674
2.076 9.062 -1.676
2.103 9.05 -1.674
2.115 9.035 -1.672
2.13 8.975 -1.661
2.158 8.967 -1.661
2.184 8.948 -1.659
2.212 8.943 -1.659
2.233 8.908 -1.654
2.259 8.893 -1.652
2.273 8.888 -1.652
2.299 8.875 -1.65
2.323 8.85 -1.647
2.35 8.841 -1.647
2.374 8.82 -1.644
2.394 8.784 -1.638
2.41 8.788 -1.64
2.436 8.775 -1.639
2.459 8.75 -1.635
2.11 10.904 -1.638
2.139 10.872 -1.634
2.168 10.84 -1.63
2.202 10.831 -1.63
2.235 10.822 -1.63
2.25 10.807 -1.628
2.273 10.748 -1.619
2.299 10.706 -1.614
2.334 10.702 -1.614
2.365 10.681 -1.612
2.393 10.649 -1.608
2.422 10.624 -1.605
2.439 10.62 -1.605
2.466 10.585 -1.601
2.496 10.566 -1.599
2.527 10.547 -1.597
2.554 10.514 -1.593
2.587 10.506 -1.593
2.6 10.486 -1.59
2.625 10.449 -1.586
2.719 13.648 -1.581
2.762 13.639 -1.581
2.793 13.574 -1.573
2.771 13.261 -1.533
2.788 13.138 -1.518
2.789 13.04 -1.506
2.829 13.029 -1.506
2.884 13.082 -1.514
2.936 13.12 -1.52
2.971 13.083 -1.517
3.017 13.099 -1.52
3.056 13.078 -1.518
3.072 13.056 -1.516
3.104 13.009 -1.511
3.14 12.978 -1.509
3.176 12.949 -1.506
