-5.63229 -0.154433 0.0221824 -0.00112873
-5.954 3.325 -1.73
-5.955 3.35 -1.733
-5.955 3.374 -1.737
-5.952 3.398 -1.739
-5.955 3.424 -1.743
-5.944 3.443 -1.743
-5.952 3.472 -1.749
-5.956 3.487 -1.752
-5.954 3.511 -1.755
-5.956 3.537 -1.759
-5.953 3.561 -1.762
-5.96 3.591 -1.767
-5.95 3.61 -1.768
-5.956 3.639 -1.773
-5.965 3.657 -1.778
-5.968 3.685 -1.783
-5.986 5.461 -1.754
-5.997 5.506 -1.763
-6.006 5.532 -1.768
-6.01 5.57 -1.775
-6.01 5.605 -1.78
-6.005 5.636 -1.785
-6.003 5.669 -1.789
-6.012 5.714 -1.798
-6.002 5.741 -1.801
-6.003 5.759 -1.804
-6.028 7.365 -1.718
-6.036 7.421 -1.728
-6.037 7.446 -1.731
-6.032 7.488 -1.737
-6.04 7.547 -1.747
-6.044 7.599 -1.755
-6.038 7.641 -1.761
-6.036 7.688 -1.768
-6.025 7.724 -1.772
-6.119 9.901 -1.723
-6.122 9.976 -1.733
-6.123 10.049 -1.743
-6.142 10.114 -1.754
-6.146 10.192 -1.765
-6.115 10.213 -1.765
-6.096 10.254 -1.769
-6.09 10.318 -1.777
-6.06 10.342 -1.778
-6.446 12.861 -1.641
-6.458 12.986 -1.656
-6.475 13.124 -1.672
-6.488 13.257 -1.688
-6.507 13.402 -1.706
-6.532 13.562 -1.726
-6.515 13.638 -1.734
