-15.9083 2.81964 -0.258999 0.00740571
-8.76 6.81 -1.637
-8.82 6.901 -1.653
-8.896 7.005 -1.673
-8.949 7.092 -1.688
-6.122 17.048 -1.579
-6.092 17.134 -1.586
-6.05 17.187 -1.59
-6.041 17.246 -1.595
-6.01 17.332 -1.602
-5.971 17.396 -1.606
-5.939 17.483 -1.613
-5.9 17.548 -1.618
-5.863 17.62 -1.624
-5.828 17.7 -1.63
-5.816 17.757 -1.635
-4.256 23.587 -1.565
-4.205 23.73 -1.575
-4.163 23.934 -1.589
-4.15 24.08 -1.599
-4.105 24.272 -1.613
-4.053 24.432 -1.624
-50.167 4.673 -2.037
-50.787 4.892 -2.066
-50.988 5.073 -2.075
-51.413 5.279 -2.095
-51.543 5.456 -2.102
