230.998 -35.0877 -0.592728 0.18503
1.946 9.155 -1.688
1.971 9.132 -1.684
1.994 9.099 -1.679
2.003 9.071 -1.674
2.031 9.061 -1.673
2.062 9.068 -1.676
2.086 9.04 -1.672
2.118 9.049 -1.675
2.133 8.987 -1.664
2.163 8.986 -1.665
2.167 8.94 -1.657
2.198 8.945 -1.659
2.22 8.913 -1.654
2.247 8.902 -1.653
2.268 8.868 -1.648
2.3 8.877 -1.651
2.322 8.848 -1.647
2.336 8.845 -1.647
2.362 8.83 -1.645
2.383 8.798 -1.64
2.409 8.784 -1.639
2.436 8.773 -1.638
2.461 8.758 -1.637
2.11 10.906 -1.639
2.14 10.879 -1.635
2.151 10.841 -1.63
2.184 10.83 -1.629
2.218 10.824 -1.629
2.25 10.805 -1.627
2.28 10.782 -1.625
2.302 10.717 -1.615
2.333 10.7 -1.614
2.349 10.691 -1.613
2.376 10.654 -1.608
2.406 10.631 -1.606
2.439 10.62 -1.605
2.466 10.585 -1.601
2.498 10.574 -1.6
2.51 10.551 -1.597
2.539 10.523 -1.594
2.57 10.51 -1.593
2.599 10.484 -1.59
2.626 10.453 -1.586
2.718 13.644 -1.58
2.762 13.639 -1.581
2.774 13.592 -1.575
2.758 13.3 -1.538
2.778 13.19 -1.525
2.793 13.058 -1.509
2.831 13.035 -1.507
2.887 13.094 -1.516
2.931 13.098 -1.517
2.952 13.098 -1.518
2.996 13.1 -1.519
3.034 13.079 -1.518
3.074 13.062 -1.517
3.102 12.998 -1.51
3.141 12.982 -1.509
3.159 12.966 -1.508
3.191 12.921 -1.503
