6.76157 -0.494509 0.058907 -0.00262863
9.975 0.908 -1.815
9.977 0.876 -1.815
9.935 0.841 -1.806
9.974 0.829 -1.813
9.908 0.792 -1.8
9.816 0.753 -1.782
9.809 0.721 -1.78
9.819 0.691 -1.781
9.793 0.658 -1.776
9.802 0.644 -1.777
9.808 0.613 -1.778
9.796 0.581 -1.776
9.808 0.551 -1.777
9.763 0.518 -1.768
9.707 0.484 -1.757
9.732 0.455 -1.762
9.709 0.438 -1.757
9.703 0.407 -1.756
9.681 0.376 -1.751
8.133 28.909 -0.425
8.14 28.591 -0.418
8.146 28.275 -0.412
8.155 27.977 -0.406
8.124 27.707 -0.4
8.127 27.4 -0.394
8.148 27.16 -0.389
8.148 26.554 -0.377
8.16 26.299 -0.372
