-5.88958 -0.0429047 0.00289287 -5.89723e-05
-5.998 2.89 -1.858
-6.009 2.907 -1.863
-5.994 2.923 -1.862
-6.006 2.952 -1.868
-6.003 2.975 -1.871
-5.996 2.994 -1.871
-5.993 3.017 -1.874
-6.007 3.036 -1.88
-6.001 3.056 -1.881
-6 3.079 -1.884
-6.009 3.108 -1.89
-5.994 3.124 -1.888
-5.989 3.146 -1.89
-6.003 3.177 -1.898
-5.996 3.186 -1.898
-5.995 3.209 -1.9
-5.996 3.234 -1.904
-5.989 3.255 -1.906
-5.986 3.278 -1.908
-5.981 3.299 -1.91
-6.072 5.898 -1.838
-6.069 5.932 -1.843
-6.075 5.957 -1.848
-6.07 5.99 -1.852
-6.077 6.035 -1.861
-6.078 6.073 -1.867
-6.075 6.109 -1.873
-6.06 6.132 -1.874
-6.06 6.17 -1.88
-6.065 6.195 -1.885
-6.068 6.236 -1.892
-6.098 8.074 -1.834
-6.094 8.121 -1.841
-6.088 8.167 -1.848
-6.089 8.223 -1.857
-6.086 8.272 -1.864
-6.077 8.314 -1.869
-6.081 8.348 -1.875
-6.078 8.399 -1.883
-6.066 8.437 -1.887
-6.115 10.548 -1.811
-6.11 10.617 -1.82
-6.101 10.677 -1.828
-6.113 10.738 -1.837
-6.113 10.815 -1.848
-6.099 10.871 -1.854
-6.099 10.95 -1.865
-6.099 14.853 -1.772
-6.112 14.951 -1.784
-6.111 15.084 -1.799
-6.105 15.207 -1.812
-6.097 15.325 -1.826
-6.094 15.457 -1.841
-6.08 15.565 -1.852
-6.115 18.566 -1.72
-6.092 18.695 -1.731
-6.084 18.869 -1.747
-6.078 19.055 -1.764
-6.074 19.25 -1.783
-6.093 19.417 -1.799
-6.076 19.577 -1.813
-6.012 19.586 -1.812
-6.206 24.871 -1.688
-6.147 24.968 -1.693
-6.122 25.206 -1.71
-6.149 25.489 -1.731
-6.138 25.797 -1.753
-6.126 26.111 -1.775
-6.087 26.313 -1.789
-5.99 26.272 -1.784
-6.27 40.01 -1.598
-6.178 40.25 -1.608
-6.148 40.483 -1.618
-6.12 41.171 -1.648
-6.099 41.941 -1.681
-6.048 42.532 -1.707
-17.448 33.421 -0.585
-17.368 33.526 -0.587
-17.404 33.724 -0.591
-17.542 34.255 -0.602
-17.538 34.515 -0.607
-17.535 34.781 -0.612
-17.518 35.02 -0.616
-17.515 35.292 -0.621
-17.509 35.56 -0.626
-17.559 35.803 -0.631
-17.543 36.056 -0.636
