2.41 -0.259519 0.0427183 -0.00145673
3.02 13.901 -1.62
3.034 13.86 -1.615
3.056 13.751 -1.602
3.086 13.688 -1.595
3.126 13.664 -1.594
3.162 13.624 -1.589
3.201 13.598 -1.587
3.239 13.567 -1.585
3.239 13.477 -1.573
3.272 13.426 -1.568
2.919 17.788 -1.57
2.97 17.752 -1.568
2.991 17.706 -1.564
3.02 17.541 -1.548
3.056 17.42 -1.537
3.108 17.398 -1.536
3.163 17.387 -1.536
3.207 17.324 -1.53
3.252 17.263 -1.525
3.273 17.224 -1.522
3.317 17.159 -1.516
5.535 25.277 -1.096
5.499 24.923 -1.078
5.504 24.577 -1.061
5.513 24.255 -1.045
5.597 26.295 -0.359
5.621 26.007 -0.353
5.651 25.755 -0.348
5.622 25.246 -0.337
5.619 24.863 -0.329
5.632 24.565 -0.323
5.642 24.261 -0.317
5.621 24.001 -0.312
5.638 23.736 -0.306
