4.7495 0.221477 -0.00722723 -0.00552368
1.947 9.159 -1.688
1.972 9.134 -1.685
1.99 9.08 -1.675
2.002 9.065 -1.673
2.035 9.08 -1.677
2.06 9.058 -1.674
2.088 9.048 -1.673
2.115 9.035 -1.672
2.14 9.015 -1.669
2.159 8.968 -1.661
2.172 8.963 -1.661
2.198 8.947 -1.659
2.222 8.921 -1.655
2.242 8.885 -1.65
2.276 8.899 -1.654
2.297 8.865 -1.649
2.311 8.862 -1.649
2.337 8.847 -1.647
2.356 8.809 -1.641
2.383 8.799 -1.641
2.41 8.788 -1.64
2.435 8.769 -1.638
2.454 8.731 -1.631
2.109 10.902 -1.638
2.122 10.873 -1.634
2.151 10.845 -1.63
2.185 10.834 -1.63
2.217 10.818 -1.628
2.248 10.797 -1.626
2.279 10.775 -1.624
2.3 10.709 -1.614
2.317 10.708 -1.614
2.346 10.677 -1.611
2.375 10.651 -1.608
2.409 10.645 -1.608
2.436 10.607 -1.603
2.464 10.578 -1.599
2.497 10.568 -1.599
2.509 10.547 -1.596
2.54 10.529 -1.595
2.572 10.517 -1.594
2.597 10.475 -1.588
2.629 10.464 -1.588
2.659 10.443 -1.586
2.718 13.646 -1.58
2.761 13.636 -1.58
2.777 13.604 -1.577
2.759 13.308 -1.539
2.778 13.192 -1.525
2.793 13.061 -1.509
2.829 13.029 -1.506
2.885 13.086 -1.515
2.91 13.103 -1.517
2.954 13.105 -1.519
2.997 13.104 -1.52
3.036 13.085 -1.519
3.072 13.056 -1.516
3.105 13.013 -1.512
3.142 12.984 -1.509
3.156 12.954 -1.506
3.191 12.923 -1.503
