9.23888 -0.0220156 -0.0655781 0.000688784
2.075 10.908 -1.638
2.108 10.894 -1.637
2.137 10.86 -1.632
2.168 10.84 -1.63
2.201 10.825 -1.629
2.234 10.816 -1.629
2.25 10.809 -1.628
2.273 10.748 -1.619
2.299 10.704 -1.613
2.333 10.7 -1.614
2.364 10.677 -1.611
2.393 10.649 -1.608
2.424 10.632 -1.606
2.44 10.624 -1.606
2.464 10.578 -1.599
2.498 10.572 -1.6
2.526 10.543 -1.596
2.555 10.517 -1.593
2.587 10.506 -1.593
2.598 10.48 -1.589
2.627 10.457 -1.587
2.658 10.439 -1.585
2.674 13.649 -1.58
2.718 13.646 -1.58
2.761 13.636 -1.58
2.792 13.571 -1.573
2.771 13.261 -1.533
2.789 13.143 -1.519
2.79 13.044 -1.507
2.832 13.043 -1.508
2.884 13.08 -1.514
2.936 13.122 -1.52
2.971 13.083 -1.517
3.015 13.087 -1.518
3.056 13.078 -1.518
3.07 13.048 -1.515
3.105 13.013 -1.512
3.14 12.978 -1.509
3.174 12.941 -1.505
3.209 12.908 -1.502
