-19.2543 4.03731 -0.462771 0.0179276
-7.642 6.147 -1.774
-7.629 6.176 -1.776
-7.632 6.219 -1.782
-7.624 6.232 -1.782
-7.632 6.278 -1.789
-7.617 6.306 -1.79
-7.607 6.339 -1.793
-7.596 6.37 -1.795
-7.599 6.413 -1.801
-7.583 6.42 -1.799
-7.591 6.468 -1.806
-7.581 6.5 -1.809
-7.568 6.531 -1.811
-7.559 6.565 -1.814
-7.564 6.61 -1.82
-7.543 6.634 -1.82
-7.514 6.629 -1.815
-7.507 6.665 -1.819
-7.488 6.69 -1.82
-7.471 6.718 -1.821
-7.469 6.758 -1.826
-7.299 9.246 -1.745
-7.288 9.292 -1.75
-7.285 9.349 -1.757
-7.275 9.397 -1.762
-7.257 9.434 -1.765
-7.253 9.459 -1.768
-7.242 9.507 -1.773
-7.235 9.56 -1.779
-7.203 9.579 -1.778
-7.198 9.636 -1.785
-7.181 9.676 -1.788
-7.18 9.707 -1.792
-7.161 9.745 -1.795
-7.145 9.787 -1.799
-13.105 11.647 -1.522
-13.174 11.782 -1.536
-13.219 11.898 -1.547
-13.156 11.879 -1.541
-13.176 11.972 -1.548
-13.152 12.026 -1.55
-13.114 12.067 -1.55
-13.079 12.111 -1.551
-13.098 12.205 -1.558
-13.059 12.246 -1.558
-13.063 12.288 -1.561
-13.103 12.403 -1.572
-5.04 24.791 -1.663
-5.014 24.864 -1.668
-4.959 24.997 -1.677
-4.905 25.137 -1.686
-4.847 25.262 -1.694
-4.804 25.47 -1.709
-4.74 25.567 -1.715
-4.704 25.598 -1.717
