1.64735 0.517917 -0.0479354 0.00142707
3.344 2.792 -1.719
3.344 2.774 -1.714
3.327 2.743 -1.7
3.34 2.736 -1.703
3.341 2.719 -1.699
3.365 2.722 -1.707
3.375 2.712 -1.708
3.364 2.694 -1.699
3.336 2.655 -1.68
3.334 2.637 -1.675
3.361 2.641 -1.685
3.368 2.629 -1.684
3.344 2.594 -1.667
3.358 2.588 -1.67
3.331 2.559 -1.654
6.67 4.508 -1.434
6.668 4.476 -1.43
6.659 4.44 -1.425
6.665 4.413 -1.423
6.677 4.391 -1.423
6.664 4.368 -1.418
6.658 4.334 -1.414
6.642 4.294 -1.407
6.642 4.264 -1.404
6.647 4.238 -1.402
6.649 4.21 -1.399
6.666 4.191 -1.4
6.661 4.173 -1.397
6.67 4.15 -1.397
6.7 4.139 -1.4
6.706 4.114 -1.399
6.706 4.085 -1.396
6.722 4.066 -1.397
6.725 4.053 -1.396
6.709 4.015 -1.389
6.723 3.995 -1.39
6.704 3.955 -1.382
6.711 3.931 -1.381
3.046 11.162 -1.712
3.072 11.118 -1.706
3.08 11.011 -1.69
3.106 10.971 -1.685
3.132 10.933 -1.681
3.163 10.911 -1.679
3.198 10.903 -1.679
3.213 10.891 -1.678
3.243 10.865 -1.675
3.272 10.84 -1.673
3.295 10.794 -1.667
3.329 10.783 -1.667
3.361 10.767 -1.666
3.388 10.732 -1.662
3.323 14.413 -1.692
3.349 14.323 -1.682
3.359 14.262 -1.675
3.396 14.221 -1.671
3.438 14.198 -1.669
3.474 14.153 -1.665
3.511 14.113 -1.661
3.549 14.075 -1.657
3.564 14.042 -1.654
3.597 13.991 -1.648
3.633 13.947 -1.644
3.667 13.901 -1.639
3.571 18.641 -1.664
3.618 18.571 -1.658
3.655 18.452 -1.647
3.696 18.356 -1.639
3.742 18.286 -1.633
3.761 18.235 -1.629
3.802 18.146 -1.621
3.851 18.095 -1.617
3.892 18.008 -1.609
4.163 22.318 -1.472
4.229 22.284 -1.47
4.283 22.188 -1.464
4.311 22.146 -1.461
4.37 22.08 -1.457
4.415 21.941 -1.448
4.461 21.817 -1.44
4.527 21.789 -1.439
4.598 21.785 -1.439
4.662 21.753 -1.438
4.7 21.761 -1.439
4.76 21.707 -1.436
4.822 21.667 -1.434
4.868 21.55 -1.427
4.93 21.513 -1.425
4.995 21.484 -1.424
5.056 21.441 -1.422
5.082 21.402 -1.42
7.835 28.09 -1.261
7.865 28.028 -1.258
7.947 27.982 -1.257
8.021 27.907 -1.254
8.1 27.851 -1.253
8.174 27.781 -1.251
8.243 27.692 -1.247
8.319 27.632 -1.245
8.345 27.561 -1.242
8.405 27.445 -1.238
8.464 27.332 -1.233
8.531 27.245 -1.23
8.562 27.044 -1.221
8.63 26.966 -1.218
8.708 26.918 -1.217
8.723 26.819 -1.212
8.773 26.689 -1.207
9.632 25.045 -0.495
9.612 24.759 -0.488
9.506 24.26 -0.475
9.675 24.464 -0.481
9.652 24.185 -0.474
9.526 23.649 -0.46
9.37 23.156 -0.447
9.384 22.982 -0.443
