-6.07036 -0.00376679 -0.000776323 1.79748e-05
-6.117 3.083 -1.738
-6.123 3.11 -1.743
-6.11 3.128 -1.742
-6.107 3.15 -1.744
-6.095 3.169 -1.743
-6.098 3.183 -1.746
-6.095 3.205 -1.748
-6.094 3.229 -1.751
-6.099 3.256 -1.755
-6.099 3.281 -1.759
-6.092 3.302 -1.76
-6.095 3.328 -1.764
-6.095 3.341 -1.765
-6.095 3.365 -1.769
-6.094 3.39 -1.772
-6.102 3.419 -1.777
-6.1 3.443 -1.78
-6.087 3.461 -1.78
-6.09 3.488 -1.784
-6.106 3.51 -1.791
-6.131 5.351 -1.762
-6.134 5.371 -1.766
-6.133 5.405 -1.771
-6.134 5.439 -1.776
-6.136 5.475 -1.782
-6.129 5.504 -1.785
-6.133 5.542 -1.792
-6.139 5.565 -1.796
-6.134 5.596 -1.8
-6.137 5.634 -1.807
-6.132 5.665 -1.811
-6.13 5.699 -1.816
-6.128 7.463 -1.745
-6.154 7.518 -1.757
-6.15 7.561 -1.763
-6.148 7.607 -1.769
-6.14 7.646 -1.774
-6.144 7.7 -1.783
-6.138 7.742 -1.788
-6.137 7.766 -1.792
-6.131 7.808 -1.798
-6.116 7.84 -1.801
-6.1 7.87 -1.803
-6.19 9.775 -1.712
-6.194 9.849 -1.722
-6.179 9.894 -1.727
-6.183 9.97 -1.738
-6.194 10.022 -1.746
-6.189 10.085 -1.754
-6.182 10.145 -1.761
-6.162 10.183 -1.765
-6.241 13.941 -1.676
-6.227 14.026 -1.685
-6.235 14.164 -1.701
-6.228 14.269 -1.712
-6.222 14.379 -1.724
-6.239 14.48 -1.736
-6.213 14.545 -1.743
-6.254 17.415 -1.617
-6.277 17.563 -1.632
-6.269 17.718 -1.646
-6.267 17.888 -1.661
-6.262 18.056 -1.677
-6.254 18.217 -1.692
-6.227 18.325 -1.701
-6.452 23.065 -1.563
-6.397 23.15 -1.568
-6.376 23.359 -1.583
-6.366 23.613 -1.601
-6.355 23.868 -1.619
-6.348 24.145 -1.638
-6.364 24.361 -1.654
-9.897 28.347 -1.304
-9.898 28.639 -1.318
-9.948 28.928 -1.332
-9.952 29.237 -1.347
-9.963 29.573 -1.363
