-6.1701 0.0417403 -0.00169098 2.00616e-05
-6.02 3.276 -1.739
-6.024 3.302 -1.743
-6.008 3.318 -1.742
-6.006 3.341 -1.744
-6.008 3.367 -1.748
-6.014 3.383 -1.752
-6.01 3.406 -1.754
-6.011 3.431 -1.758
-6.005 3.453 -1.759
-6.001 3.476 -1.761
-5.997 3.498 -1.763
-6.008 3.53 -1.77
-6.009 3.543 -1.772
-6.004 3.566 -1.774
-5.998 3.588 -1.776
-5.995 3.611 -1.778
-6.002 3.641 -1.784
-5.997 3.664 -1.786
-5.997 3.69 -1.79
-5.995 5.574 -1.773
-6.001 5.597 -1.778
-6.002 5.633 -1.784
-5.997 5.664 -1.788
-5.999 5.702 -1.794
-5.995 5.734 -1.799
-5.994 5.769 -1.804
-5.993 5.786 -1.807
-5.989 5.819 -1.811
-5.992 5.858 -1.818
-5.984 5.887 -1.822
-5.984 5.924 -1.827
-6 7.496 -1.734
-6.002 7.547 -1.742
-5.989 7.58 -1.746
-5.992 7.633 -1.754
-5.987 7.676 -1.76
-5.986 7.724 -1.768
-5.975 7.76 -1.772
-5.983 7.796 -1.778
-5.998 7.866 -1.791
-5.977 10.127 -1.742
-5.972 10.192 -1.751
-5.963 10.25 -1.758
-5.96 10.32 -1.767
-5.979 10.389 -1.778
-5.977 10.461 -1.788
-5.957 10.504 -1.792
-5.94 14.215 -1.692
-5.932 14.321 -1.704
-5.922 14.426 -1.715
-5.915 14.536 -1.727
-5.907 14.649 -1.74
-5.899 14.761 -1.752
-5.877 17.571 -1.62
-5.865 17.719 -1.633
-5.863 17.9 -1.65
-5.846 18.038 -1.662
-5.86 18.18 -1.676
-5.853 18.353 -1.692
-5.834 18.493 -1.705
-5.908 23.525 -1.586
-5.885 23.588 -1.59
-5.842 23.734 -1.6
-5.83 24.008 -1.619
-5.82 24.298 -1.64
-5.803 24.566 -1.659
-5.763 24.742 -1.671
-5.602 37.268 -1.473
-5.548 37.718 -1.492
-5.518 38.353 -1.52
-5.546 38.987 -1.548
-5.457 39.239 -1.558
-5.343 39.326 -1.562
-5.213 39.297 -1.56
