-6.13771 0.0812153 -0.0266666 0.000641136
-6.333 5.088 -1.759
-6.339 5.125 -1.765
-6.348 5.166 -1.773
-6.38 5.208 -1.785
-6.378 5.24 -1.789
-6.392 5.285 -1.798
-6.39 5.317 -1.803
-6.399 5.359 -1.81
-6.388 5.384 -1.812
-1.147 8.49 -1.534
-1.121 8.495 -1.535
-1.112 8.536 -1.542
-1.11 8.73 -1.579
-1.108 8.928 -1.617
-1.085 8.977 -1.626
-7.21 9.283 -1.741
-7.228 9.366 -1.753
-7.25 9.456 -1.767
-7.278 9.554 -1.782
-7.288 9.629 -1.792
-8.69 13.006 -1.721
-8.671 13.066 -1.726
-8.711 13.216 -1.744
-8.76 13.381 -1.764
-8.908 13.699 -1.807
-8.905 13.741 -1.811
-11.925 13.985 -1.605
-11.915 14.063 -1.61
-11.887 14.119 -1.613
-11.882 14.203 -1.619
-11.842 14.246 -1.619
-11.846 14.342 -1.627
-11.85 14.393 -1.631
-11.825 14.454 -1.634
-11.804 14.522 -1.638
-11.74 14.536 -1.635
-11.728 14.615 -1.64
-11.678 14.647 -1.64
-11.617 14.665 -1.637
-11.629 14.727 -1.643
-11.579 14.759 -1.642
-11.551 14.818 -1.645
-11.51 14.863 -1.646
-11.47 14.906 -1.647
-11.432 14.955 -1.649
-11.394 15.002 -1.65
-11.386 15.04 -1.653
-11.348 15.089 -1.654
-11.302 15.126 -1.654
-11.264 15.174 -1.656
