3.54846 -0.358553 0.0737229 -0.00470855
3.015 3.23 -1.745
3.014 3.218 -1.741
3.017 3.201 -1.737
3.018 3.182 -1.731
3.014 3.158 -1.723
3.025 3.15 -1.724
3.024 3.13 -1.717
3.019 3.104 -1.708
3.016 3.092 -1.703
3.022 3.078 -1.701
3.023 3.061 -1.696
3.016 3.035 -1.686
2.997 3.871 -1.74
3.001 3.852 -1.735
3.011 3.839 -1.734
3.008 3.811 -1.725
3.007 3.797 -1.721
3.018 3.786 -1.72
3.019 3.764 -1.713
3.018 3.738 -1.706
3.015 3.712 -1.697
3.023 3.698 -1.695
3.021 3.683 -1.69
3.024 3.663 -1.685
3.021 4.454 -1.712
3.017 4.434 -1.706
3.017 4.404 -1.698
3.019 4.378 -1.691
3.025 4.357 -1.686
3.02 4.321 -1.675
3.036 4.315 -1.676
3.024 4.27 -1.662
3.024 5.16 -1.73
3.026 5.126 -1.721
3.029 5.095 -1.713
3.048 5.091 -1.715
3.041 5.042 -1.701
3.032 5.009 -1.691
3.047 4.998 -1.69
3.037 4.947 -1.675
5.484 8.44 -1.473
5.505 8.414 -1.471
5.505 8.357 -1.464
5.495 8.312 -1.457
5.492 8.252 -1.449
5.494 8.199 -1.442
5.493 8.142 -1.434
5.489 8.08 -1.426
5.492 8.031 -1.42
