3.05245 0.0370966 -0.000485093 0.000136409
3.21 2.848 -1.692
3.205 2.834 -1.686
3.194 2.807 -1.675
3.21 2.803 -1.679
3.204 2.78 -1.671
3.211 2.769 -1.67
3.211 2.751 -1.665
3.201 2.726 -1.655
3.213 2.727 -1.659
3.204 2.702 -1.65
3.209 2.689 -1.647
3.208 2.672 -1.643
3.207 2.653 -1.637
3.217 3.498 -1.686
3.212 3.472 -1.677
3.222 3.46 -1.676
3.221 3.438 -1.67
3.218 3.413 -1.662
3.223 3.397 -1.659
3.213 3.376 -1.651
3.213 3.355 -1.645
3.217 3.338 -1.642
3.211 3.311 -1.632
3.272 4.6 -1.626
3.273 4.571 -1.619
3.28 4.55 -1.614
3.276 4.515 -1.605
3.272 4.479 -1.596
3.28 4.46 -1.592
3.285 4.437 -1.587
3.289 4.429 -1.586
3.273 4.377 -1.57
3.319 5.486 -1.619
3.323 5.454 -1.612
3.322 5.414 -1.603
3.332 5.392 -1.599
3.333 5.355 -1.591
3.327 5.309 -1.579
3.328 5.29 -1.575
3.327 5.252 -1.566
3.354 6.633 -1.599
3.364 6.601 -1.593
3.378 6.577 -1.59
3.386 6.542 -1.583
3.396 6.51 -1.578
3.385 6.464 -1.567
3.39 6.425 -1.56
3.383 6.363 -1.546
3.491 7.913 -1.55
3.486 7.836 -1.536
3.494 7.787 -1.528
3.495 7.723 -1.517
3.477 7.651 -1.503
3.484 7.602 -1.495
3.545 9.713 -1.517
3.553 9.64 -1.506
3.567 9.585 -1.499
3.589 9.551 -1.495
3.594 9.475 -1.484
3.596 9.39 -1.471
3.57 9.279 -1.454
3.765 12.302 -1.446
3.786 12.233 -1.439
3.817 12.196 -1.435
3.832 12.112 -1.426
3.845 12.023 -1.415
3.824 11.892 -1.398
3.845 11.831 -1.392
0.404999 22.596 -1.464
0.439999 22.562 -1.461
0.509999 22.524 -1.459
0.579999 22.487 -1.456
0.649999 22.471 -1.455
0.718999 22.431 -1.452
0.788999 22.396 -1.45
0.857999 22.364 -1.448
0.891999 22.345 -1.446
0.960999 22.312 -1.444
1.03 22.289 -1.443
1.099 22.253 -1.44
1.167 22.216 -1.438
1.235 22.176 -1.435
1.268 22.137 -1.432
1.336 22.117 -1.431
1.404 22.076 -1.429
1.47 22.034 -1.426
1.537 21.996 -1.423
1.605 21.967 -1.422
1.671 21.92 -1.419
1.703 21.895 -1.417
1.769 21.856 -1.414
1.836 21.821 -1.412
0.609999 32.053 -1.406
0.708999 31.981 -1.403
0.807999 31.907 -1.399
0.905999 31.812 -1.394
1.004 31.751 -1.391
1.101 31.676 -1.388
1.199 31.617 -1.385
1.247 31.571 -1.383
1.345 31.541 -1.382
1.442 31.502 -1.38
1.54 31.466 -1.378
1.638 31.451 -1.378
1.736 31.424 -1.377
1.83 31.348 -1.373
1.877 31.301 -1.371
1.971 31.231 -1.368
2.067 31.185 -1.366
2.162 31.131 -1.363
2.254 31.044 -1.359
2.349 31.005 -1.358
2.442 30.948 -1.355
