6.22853 0.417888 -0.187169 0.0112929
2.929 8.999 -1.708
2.942 8.942 -1.698
2.954 8.884 -1.688
2.972 8.847 -1.682
2.979 8.82 -1.678
3.003 8.801 -1.676
3.032 8.793 -1.676
3.058 8.78 -1.676
3.076 8.742 -1.67
3.108 8.748 -1.673
3.129 8.717 -1.669
3.14 8.705 -1.667
3.166 8.693 -1.667
3.189 8.67 -1.664
3.211 8.648 -1.661
3.237 8.632 -1.66
3.258 8.607 -1.657
2.92 10.967 -1.677
2.953 10.956 -1.677
2.986 10.941 -1.676
3.01 10.893 -1.669
3.024 10.809 -1.657
3.043 10.746 -1.648
3.078 10.741 -1.649
3.09 10.721 -1.646
3.117 10.688 -1.643
3.15 10.676 -1.642
3.183 10.665 -1.642
3.209 10.63 -1.638
3.243 10.62 -1.638
3.264 10.57 -1.631
3.277 10.553 -1.63
3.308 10.535 -1.628
3.33 10.491 -1.623
3.224 14.09 -1.649
3.249 13.994 -1.638
3.282 13.94 -1.632
3.321 13.908 -1.63
3.357 13.869 -1.626
3.394 13.831 -1.622
3.406 13.785 -1.617
3.441 13.744 -1.613
3.476 13.7 -1.609
3.511 13.657 -1.604
3.546 13.617 -1.6
3.582 13.579 -1.597
3.425 18.186 -1.617
3.474 18.134 -1.613
3.499 17.955 -1.597
3.541 17.874 -1.59
3.559 17.817 -1.584
3.61 17.781 -1.582
3.652 17.703 -1.575
3.692 17.614 -1.567
3.735 17.545 -1.562
3.681 23.631 -1.561
3.741 23.531 -1.554
3.786 23.34 -1.541
3.845 23.241 -1.535
3.833 22.942 -1.513
3.812 22.379 -1.471
3.849 22.176 -1.457
7.56 26.613 -1.186
7.635 26.561 -1.184
7.703 26.483 -1.181
7.78 26.437 -1.18
7.814 26.4 -1.179
7.869 26.28 -1.174
7.945 26.236 -1.173
8.003 26.13 -1.169
8.062 26.031 -1.165
8.118 25.923 -1.16
8.18 25.835 -1.157
8.169 25.66 -1.149
8.241 25.608 -1.147
8.308 25.538 -1.145
8.373 25.468 -1.143
8.433 25.379 -1.139
8.502 25.32 -1.138
8.534 25.286 -1.136
8.589 25.185 -1.133
9.356 23.687 -0.329
9.243 23.188 -0.318
9.298 23.114 -0.317
9.309 22.933 -0.314
9.245 22.573 -0.306
9.152 22.15 -0.297
9.129 21.898 -0.292
9.081 21.688 -0.288
9.132 21.619 -0.287
9.055 21.252 -0.279
9.078 21.121 -0.277
