5.4606 0.526006 -0.0976544 -0.000229695
2.107 10.888 -1.636
2.122 10.873 -1.634
2.15 10.839 -1.63
2.182 10.823 -1.628
2.22 10.831 -1.63
2.25 10.805 -1.627
2.28 10.782 -1.625
2.286 10.727 -1.616
2.314 10.69 -1.612
2.347 10.681 -1.611
2.377 10.66 -1.609
2.41 10.647 -1.608
2.436 10.608 -1.603
2.469 10.601 -1.603
2.479 10.566 -1.598
2.508 10.543 -1.596
2.541 10.533 -1.595
2.574 10.523 -1.595
2.598 10.478 -1.589
2.629 10.463 -1.588
2.657 10.437 -1.585
2.72 13.654 -1.581
2.74 13.642 -1.58
2.775 13.596 -1.576
2.762 13.323 -1.541
2.778 13.19 -1.525
2.794 13.063 -1.509
2.828 13.025 -1.506
