-6.11545 0.00327577 -8.87345e-05 -2.88416e-06
-6.099 5.906 -1.844
-6.098 5.942 -1.849
-6.09 5.972 -1.853
-6.087 6.006 -1.858
-6.084 6.042 -1.863
-6.08 6.057 -1.865
-6.09 6.104 -1.874
-6.082 6.135 -1.878
-6.079 6.17 -1.883
-6.078 6.207 -1.889
-6.068 6.236 -1.892
-6.059 6.266 -1.896
-6.082 8.106 -1.837
-6.09 8.144 -1.844
-6.089 8.196 -1.852
-6.083 8.242 -1.859
-6.087 8.3 -1.868
-6.078 8.343 -1.874
-6.067 8.383 -1.879
-6.071 8.416 -1.885
-6.055 8.449 -1.888
-6.096 10.63 -1.821
-6.093 10.702 -1.83
-6.091 10.778 -1.841
-6.101 10.835 -1.849
-6.095 10.904 -1.859
-6.089 10.974 -1.868
-6.067 11.015 -1.872
-6.09 15.033 -1.792
-6.108 15.145 -1.806
-6.106 15.279 -1.821
-6.1 15.403 -1.835
-6.096 15.535 -1.85
-6.084 15.648 -1.862
-6.064 15.741 -1.872
-6.086 18.977 -1.757
-6.076 19.152 -1.773
-6.07 19.345 -1.791
-6.066 19.545 -1.81
-6.085 19.716 -1.827
-6.078 19.914 -1.845
-6.034 19.994 -1.851
-5.962 19.98 -1.848
-6.152 25.502 -1.732
-6.118 25.714 -1.746
-6.147 26.014 -1.768
-6.137 26.342 -1.792
-6.123 26.659 -1.814
-6.101 26.95 -1.835
-6.019 26.979 -1.836
-6.459 42.54 -1.71
-6.397 42.582 -1.712
-6.275 42.681 -1.715
-6.16 42.835 -1.721
-6.104 43.414 -1.746
-6.087 44.308 -1.786
-5.992 44.655 -1.8
-17.435 25.534 -0.443
-17.541 25.864 -0.45
-17.517 26.003 -0.452
-17.507 26.166 -0.455
-17.544 26.312 -0.458
-17.541 26.487 -0.461
-17.54 26.668 -0.464
-17.54 26.851 -0.467
-17.521 27.007 -0.47
-17.516 27.187 -0.473
-17.514 27.371 -0.476
-17.544 27.513 -0.479
-17.537 27.695 -0.482
-17.529 27.875 -0.485
-17.526 28.066 -0.489
-17.525 28.262 -0.492
-17.51 28.438 -0.495
