-6.73734 0.0186147 0.00285259 1.91041e-05
-6.312 9.183 -1.644
-6.289 9.213 -1.646
-6.269 9.246 -1.649
-6.254 9.285 -1.652
-6.235 9.321 -1.656
-6.221 9.364 -1.66
-6.234 9.414 -1.668
-6.21 9.442 -1.669
-6.194 9.483 -1.673
-6.173 9.516 -1.676
-6.16 9.562 -1.681
-6.152 9.614 -1.687
-6.131 9.649 -1.69
-6.118 9.661 -1.691
-6.107 9.711 -1.696
-6.938 17.561 -1.654
-6.927 17.615 -1.659
-6.885 17.672 -1.663
-6.845 17.734 -1.667
-6.802 17.787 -1.67
-6.766 17.86 -1.676
-6.727 17.928 -1.681
-6.679 17.972 -1.683
-6.663 18.016 -1.687
-6.624 18.083 -1.691
-6.582 18.145 -1.696
-6.544 18.218 -1.701
-6.498 18.27 -1.705
-6.452 18.323 -1.708
-4.047 25.375 -1.692
-3.995 25.565 -1.705
-3.939 25.733 -1.717
-3.927 25.928 -1.731
-3.87 26.102 -1.743
-3.812 26.278 -1.755
