-6.16245 0.101698 -0.021355 0.000328665
-6.2 5.293 -1.765
-6.207 5.332 -1.772
-6.209 5.368 -1.778
-6.218 5.393 -1.784
-6.225 5.433 -1.791
-6.221 5.464 -1.795
-6.22 5.498 -1.8
-6.225 5.537 -1.807
-6.233 5.58 -1.815
-6.445 7.157 -1.74
-6.461 7.198 -1.748
-6.466 7.249 -1.756
-6.473 7.303 -1.765
-6.475 7.351 -1.772
-6.473 7.395 -1.778
-6.487 7.458 -1.789
-6.485 7.503 -1.796
-6.864 9.282 -1.708
-6.873 9.354 -1.718
-6.884 9.431 -1.729
-6.902 9.518 -1.742
-6.916 9.601 -1.754
-6.923 9.674 -1.764
-8.031 13.014 -1.678
-8.026 13.098 -1.687
-8.062 13.202 -1.7
-8.134 13.414 -1.727
-8.194 13.61 -1.751
-8.236 13.777 -1.771
