11.6948 -0.578554 -0.0866818 0.0036498
1.959 9.145 -1.686
1.983 9.117 -1.682
2.006 9.084 -1.677
2.02 9.081 -1.677
2.05 9.079 -1.677
2.076 9.062 -1.676
2.101 9.041 -1.673
2.131 9.042 -1.674
2.15 8.997 -1.666
2.159 8.968 -1.661
2.185 8.952 -1.66
2.21 8.936 -1.658
2.233 8.908 -1.654
2.26 8.895 -1.652
2.285 8.878 -1.65
2.309 8.854 -1.647
2.326 8.862 -1.649
2.347 8.832 -1.645
2.37 8.803 -1.641
2.398 8.798 -1.641
2.42 8.769 -1.637
2.447 8.76 -1.636
2.47 8.737 -1.633
2.092 10.905 -1.638
2.126 10.896 -1.638
2.135 10.85 -1.631
2.167 10.836 -1.63
2.201 10.827 -1.629
2.235 10.82 -1.629
2.269 10.815 -1.63
2.287 10.73 -1.617
2.3 10.709 -1.614
2.333 10.698 -1.614
2.362 10.67 -1.61
2.393 10.653 -1.609
2.425 10.637 -1.607
2.452 10.603 -1.603
2.481 10.576 -1.6
2.497 10.568 -1.599
2.525 10.539 -1.596
2.556 10.523 -1.594
2.588 10.511 -1.594
2.613 10.471 -1.588
2.642 10.445 -1.586
2.698 13.654 -1.581
2.74 13.642 -1.58
2.762 13.639 -1.581
2.787 13.549 -1.57
2.767 13.243 -1.531
2.784 13.118 -1.516
2.81 13.042 -1.507
2.857 13.056 -1.51
2.884 13.082 -1.514
2.938 13.129 -1.521
2.973 13.095 -1.518
3.018 13.101 -1.52
3.055 13.076 -1.518
3.09 13.039 -1.515
3.124 13.001 -1.511
3.14 12.978 -1.509
3.174 12.941 -1.505
5.149 13.666 -1.324
5.164 13.641 -1.322
5.203 13.616 -1.321
5.243 13.592 -1.32
5.283 13.568 -1.319
5.297 13.479 -1.311
5.284 13.324 -1.296
5.203 13.001 -1.261
