-6.13017 0.00752965 -0.000395331 2.90177e-06
-6.101 5.744 -1.818
-6.107 5.786 -1.826
-6.093 5.809 -1.827
-6.1 5.852 -1.835
-6.102 5.872 -1.839
-6.108 5.915 -1.846
-6.099 5.943 -1.85
-6.097 5.979 -1.855
-6.091 6.01 -1.859
-6.094 6.051 -1.866
-6.09 6.085 -1.871
-6.113 7.887 -1.807
-6.109 7.932 -1.814
-6.112 7.989 -1.823
-6.105 8.032 -1.829
-6.095 8.071 -1.834
-6.098 8.128 -1.843
-6.103 8.161 -1.849
-6.1 8.21 -1.856
-6.083 8.242 -1.859
-6.073 8.281 -1.864
-6.121 10.334 -1.782
-6.119 10.404 -1.791
-6.117 10.476 -1.801
-6.128 10.533 -1.81
-6.119 10.593 -1.817
-6.117 10.667 -1.828
-6.106 10.726 -1.835
-6.126 14.593 -1.744
-6.121 14.711 -1.757
-6.124 14.849 -1.773
-6.116 14.962 -1.785
-6.103 15.064 -1.796
-6.118 18.193 -1.685
-6.107 18.35 -1.699
-6.1 18.522 -1.715
-6.121 18.683 -1.731
-6.121 18.882 -1.749
-6.111 19.055 -1.765
-6.09 19.195 -1.778
-6.023 19.193 -1.776
-6.215 24.258 -1.644
-6.194 24.335 -1.649
-6.179 24.596 -1.667
-6.175 24.913 -1.69
-6.164 25.204 -1.711
-6.161 25.537 -1.734
-6.122 25.729 -1.748
-6.024 25.678 -1.742
-6.397 38.824 -1.546
-6.293 38.952 -1.551
-6.198 39.147 -1.559
-6.162 39.729 -1.585
-6.15 40.493 -1.618
-6.118 41.161 -1.647
