-6.17376 0.0512265 -0.00249335 4.52668e-05
-5.959 3.414 -1.743
-5.958 3.438 -1.746
-5.958 3.451 -1.748
-5.96 3.477 -1.752
-5.958 3.501 -1.754
-5.958 3.526 -1.758
-5.957 3.551 -1.761
-5.951 3.572 -1.763
-5.94 3.591 -1.763
-5.963 3.631 -1.774
-5.959 3.641 -1.774
-5.957 3.666 -1.777
-5.951 3.687 -1.779
-5.965 3.722 -1.787
-5.949 3.738 -1.786
-5.952 3.766 -1.791
-5.957 3.782 -1.794
-5.93 5.672 -1.778
-5.928 5.705 -1.783
-5.925 5.739 -1.788
-5.93 5.779 -1.795
-5.921 5.807 -1.798
-5.924 5.846 -1.805
-5.931 5.872 -1.81
-5.914 5.892 -1.811
-5.918 5.933 -1.818
-5.907 5.959 -1.821
-5.915 6.004 -1.829
-5.904 6.031 -1.832
-5.891 7.751 -1.76
-5.888 7.797 -1.767
-5.9 7.839 -1.775
-5.893 7.881 -1.781
-5.887 7.925 -1.787
-5.88 7.967 -1.793
-5.885 8.027 -1.803
-5.874 8.064 -1.807
-5.859 8.097 -1.811
-5.852 8.114 -1.812
-5.874 10.098 -1.73
-5.869 10.163 -1.738
-5.862 10.224 -1.746
-5.86 10.296 -1.756
-5.849 10.352 -1.763
-5.864 10.416 -1.773
-5.864 10.493 -1.784
-5.842 10.53 -1.787
-5.822 14.439 -1.712
-5.81 14.54 -1.723
-5.799 14.645 -1.734
-5.796 14.772 -1.749
-5.784 14.879 -1.761
-5.78 15.008 -1.775
-5.763 15.106 -1.786
-5.73 18.067 -1.661
-5.719 18.231 -1.677
-5.711 18.406 -1.693
-5.729 18.566 -1.708
-5.721 18.747 -1.725
-5.729 18.988 -1.748
-5.707 19.132 -1.761
-11.394 40.172 -1.654
-11.372 40.579 -1.671
-11.346 40.985 -1.688
-11.285 41.269 -1.699
-11.252 41.402 -1.705
-11.151 41.547 -1.71
-11.065 41.752 -1.718
-20.278 36.85 -0.677
-20.248 37.071 -0.681
-20.247 37.348 -0.686
-20.245 37.626 -0.691
-20.277 37.829 -0.695
-20.27 38.102 -0.7
-20.263 38.38 -0.705
-20.251 38.652 -0.71
-20.235 38.918 -0.715
-20.23 39.209 -0.72
-20.204 39.463 -0.725
-20.264 39.735 -0.73
