10.5901 -2.49108 0.267555 -0.00933404
2.885 7.222 -1.678
2.898 7.19 -1.673
2.908 7.148 -1.664
2.925 7.124 -1.661
2.928 7.1 -1.656
2.941 7.069 -1.65
2.968 7.073 -1.654
2.985 7.051 -1.65
3.004 7.034 -1.649
3.032 7.037 -1.652
3.044 7.004 -1.646
3.05 6.987 -1.643
3.076 6.988 -1.646
3.086 6.952 -1.639
3.096 6.913 -1.632
3.112 6.891 -1.628
3.129 6.872 -1.626
2.876 8.74 -1.657
2.888 8.684 -1.647
2.91 8.66 -1.644
2.931 8.631 -1.64
2.946 8.588 -1.633
2.978 8.592 -1.636
3 8.569 -1.633
3.014 8.564 -1.633
3.037 8.544 -1.631
3.067 8.545 -1.633
3.078 8.49 -1.624
3.099 8.465 -1.621
3.124 8.45 -1.62
3.14 8.412 -1.614
3.156 8.417 -1.616
3.175 8.386 -1.612
3.198 8.367 -1.61
3.212 8.324 -1.603
2.797 10.707 -1.632
2.826 10.681 -1.629
2.851 10.64 -1.624
2.876 10.598 -1.619
2.908 10.583 -1.618
2.941 10.574 -1.618
2.969 10.546 -1.614
2.987 10.547 -1.615
3.015 10.52 -1.613
3.038 10.475 -1.607
3.056 10.416 -1.598
3.089 10.406 -1.598
3.119 10.387 -1.597
3.148 10.366 -1.595
3.159 10.344 -1.592
3.185 10.311 -1.588
3.214 10.292 -1.587
3.242 10.266 -1.584
3.267 10.235 -1.581
2.733 13.607 -1.576
2.771 13.575 -1.573
2.78 13.514 -1.565
2.805 13.42 -1.554
2.822 13.297 -1.539
2.832 13.14 -1.52
2.841 12.986 -1.501
