-5.76539 -0.101329 0.0158075 -0.00097201
-5.98 3.229 -1.723
-5.99 3.259 -1.73
-5.981 3.279 -1.73
-5.978 3.301 -1.732
-5.981 3.315 -1.735
-5.979 3.339 -1.738
-5.98 3.364 -1.741
-5.982 3.39 -1.745
-5.983 3.415 -1.749
-5.975 3.436 -1.75
-5.974 3.46 -1.753
-5.987 3.48 -1.759
-5.978 3.5 -1.759
-5.98 3.526 -1.763
-5.984 3.554 -1.768
-5.983 3.579 -1.771
-5.985 3.605 -1.775
-5.989 3.633 -1.78
-6.026 5.429 -1.756
-6.023 5.461 -1.76
-6.025 5.497 -1.766
-6.014 5.522 -1.768
-6.033 5.557 -1.777
-6.017 5.577 -1.777
-6.031 5.625 -1.787
-6.027 5.657 -1.792
-6.025 5.691 -1.797
-6.027 5.728 -1.803
-6.031 5.75 -1.807
-6.02 5.775 -1.809
-6.044 7.384 -1.723
-6.068 7.436 -1.734
-6.072 7.489 -1.742
-6.059 7.522 -1.746
-6.066 7.579 -1.755
-6.055 7.613 -1.759
-6.056 7.664 -1.767
-6.059 7.717 -1.775
-6.071 7.758 -1.783
-6.215 9.78 -1.715
-6.218 9.853 -1.725
-6.218 9.921 -1.734
-6.224 10.001 -1.745
-6.229 10.079 -1.756
-6.232 10.154 -1.767
-6.235 10.196 -1.773
-6.853 13.933 -1.707
-6.879 14.097 -1.726
-6.911 14.275 -1.748
-6.913 14.395 -1.761
-6.865 14.412 -1.761
