-10.2288 0.185912 -0.00819278 0.000180483
-9.017 8.245 -1.815
-9.027 8.306 -1.823
-9.003 8.336 -1.823
-8.991 8.377 -1.826
-8.995 8.408 -1.83
-8.976 8.443 -1.832
-8.977 8.497 -1.838
-8.976 8.549 -1.843
-8.954 8.583 -1.844
-8.953 8.636 -1.85
-8.964 8.673 -1.855
-8.942 8.707 -1.857
-8.944 8.764 -1.863
-8.945 8.819 -1.87
-8.72 13.69 -1.793
-8.712 13.773 -1.802
-8.704 13.857 -1.81
-8.692 13.935 -1.817
-8.706 14.006 -1.825
-8.683 14.067 -1.83
-8.661 14.13 -1.835
-8.636 14.189 -1.84
-8.607 14.242 -1.844
-8.441 17.824 -1.737
-8.428 17.943 -1.747
-8.403 18.036 -1.754
-8.423 18.154 -1.766
-8.409 18.274 -1.776
-8.378 18.356 -1.782
-8.347 18.442 -1.788
-8.301 18.496 -1.791
-8.255 18.549 -1.794
-8.205 18.593 -1.796
-7.832 24.671 -1.706
-7.84 24.832 -1.718
-7.813 25.02 -1.73
-7.771 25.163 -1.739
-7.719 25.273 -1.746
-7.69 25.465 -1.759
-7.615 25.506 -1.76
-7.603 25.612 -1.767
-9.514 31.832 -1.465
-9.553 32.329 -1.489
-9.528 32.432 -1.494
-9.478 32.64 -1.503
-9.332 32.52 -1.495
-9.189 32.407 -1.488
-9.161 32.695 -1.501
-9.082 32.81 -1.506
-9.049 33.095 -1.519
