-9.47135 0.307545 -0.00669728 0.000109591
-2.102 8.268 -1.527
-2.085 8.309 -1.534
-2.069 8.358 -1.543
-2.077 8.501 -1.57
-2.068 8.58 -1.584
-2.05 8.627 -1.592
-2.027 8.649 -1.595
-4.545 21.345 -1.407
-4.551 21.538 -1.421
-4.519 21.722 -1.434
-4.487 21.91 -1.447
-4.453 22.098 -1.46
-4.397 22.176 -1.465
-4.322 22.164 -1.463
-4.261 22.221 -1.466
-4.228 22.241 -1.467
-4.165 22.292 -1.47
-3.742 28.951 -1.262
-3.703 29.005 -1.265
-3.604 28.953 -1.261
-3.564 29.382 -1.283
-3.512 29.733 -1.3
-3.455 30.063 -1.316
-3.398 30.401 -1.332
-3.318 30.557 -1.34
