1.24262 0.662479 -0.0687823 0.0012949
2.83 3.398 -1.747
2.83 3.376 -1.74
2.849 3.377 -1.745
2.837 3.341 -1.731
2.838 3.321 -1.724
2.857 3.322 -1.73
2.859 3.303 -1.724
2.859 3.293 -1.721
2.867 3.282 -1.72
2.877 3.273 -1.72
2.89 3.266 -1.721
2.893 3.249 -1.717
2.891 3.226 -1.709
2.908 3.225 -1.713
2.906 3.213 -1.709
2.905 3.191 -1.702
2.907 3.174 -1.697
2.906 3.153 -1.69
2.883 3.911 -1.726
2.878 3.879 -1.716
2.884 3.861 -1.711
2.89 3.845 -1.708
2.886 3.815 -1.698
2.88 3.794 -1.69
2.893 3.787 -1.691
2.888 3.755 -1.68
2.896 3.742 -1.678
2.904 3.728 -1.676
2.901 3.7 -1.667
2.883 4.538 -1.711
2.884 4.508 -1.702
2.878 4.467 -1.689
2.879 4.439 -1.682
2.885 4.417 -1.676
2.884 4.402 -1.672
2.888 4.377 -1.665
2.891 4.352 -1.659
2.874 5.239 -1.728
2.885 5.22 -1.724
2.885 5.2 -1.719
2.879 5.151 -1.705
2.88 5.113 -1.695
2.893 5.099 -1.693
2.886 5.05 -1.679
2.889 5.018 -1.671
2.847 6.12 -1.711
2.863 6.102 -1.708
2.878 6.084 -1.706
2.882 6.044 -1.696
2.889 6.01 -1.689
2.889 5.985 -1.683
2.893 5.946 -1.674
2.899 5.911 -1.666
2.903 5.872 -1.657
2.828 7.383 -1.708
2.846 7.359 -1.705
2.86 7.36 -1.706
2.877 7.337 -1.702
2.881 7.279 -1.69
2.889 7.231 -1.681
2.9 7.193 -1.674
2.891 7.107 -1.654
2.824 8.912 -1.685
2.85 8.897 -1.684
2.875 8.881 -1.683
2.879 8.842 -1.676
2.887 8.775 -1.664
2.89 8.692 -1.649
2.895 8.614 -1.635
2.911 8.571 -1.628
3.913 9.583 -1.518
3.9 9.509 -1.507
3.926 9.486 -1.505
3.954 9.47 -1.504
3.985 9.461 -1.505
4.01 9.438 -1.503
4.036 9.416 -1.502
4.063 9.398 -1.501
4.071 9.375 -1.498
4.094 9.348 -1.495
4.119 9.324 -1.493
4.143 9.3 -1.491
4.17 9.282 -1.491
4.196 9.261 -1.489
4.211 9.218 -1.484
4.225 9.209 -1.484
4.242 9.171 -1.479
4.27 9.156 -1.479
4.287 9.117 -1.475
4.311 9.093 -1.473
4.337 9.076 -1.472
4.357 9.042 -1.469
4.367 9.028 -1.467
5.295 32.883 -0.493
5.286 32.184 -0.479
5.3 31.652 -0.468
5.311 31.117 -0.457
5.321 30.602 -0.446
5.29 30.143 -0.437
