-6.02166 0.0362699 -0.00370217 8.29745e-05
-5.919 3.478 -1.742
-5.912 3.499 -1.743
-5.907 3.521 -1.745
-5.899 3.542 -1.747
-5.91 3.573 -1.753
-5.897 3.591 -1.753
-5.913 3.613 -1.76
-5.906 3.635 -1.761
-5.893 3.652 -1.761
-5.903 3.684 -1.767
-5.893 3.703 -1.768
-5.89 3.727 -1.771
-5.888 3.752 -1.774
-5.896 3.77 -1.778
-5.888 3.791 -1.78
-5.89 3.819 -1.784
-5.89 3.844 -1.788
-5.882 3.866 -1.789
-5.877 3.889 -1.792
-5.936 7.229 -1.687
-5.947 7.266 -1.693
-5.94 7.304 -1.698
-5.922 7.329 -1.7
-5.925 7.38 -1.708
-5.922 7.423 -1.714
-5.913 7.46 -1.719
-5.914 7.509 -1.726
-5.906 7.523 -1.727
-5.904 7.569 -1.734
-5.899 7.613 -1.74
-5.881 7.639 -1.742
-5.981 12.719 -1.598
-5.946 12.749 -1.6
-5.918 12.794 -1.604
-5.902 12.865 -1.611
-5.904 12.925 -1.618
-5.903 13.03 -1.63
-5.899 13.132 -1.642
-5.886 13.214 -1.651
-5.85 13.245 -1.653
-5.8 13.244 -1.65
-6.033 29.403 -1.304
-6.011 29.768 -1.321
-5.998 30.19 -1.342
-6.037 30.635 -1.364
-6.031 31.12 -1.388
-6.02 31.588 -1.411
-5.924 31.626 -1.412
