3.19187 -0.090119 0.014275 -0.000412081
3.041 3.147 -1.727
3.041 3.127 -1.721
3.047 3.113 -1.719
3.053 3.11 -1.72
3.06 3.097 -1.718
3.068 3.086 -1.717
3.075 3.074 -1.716
3.08 3.059 -1.713
3.066 3.027 -1.699
3.083 3.025 -1.703
3.082 3.015 -1.7
3.087 3 -1.697
3.091 2.985 -1.694
3.081 2.958 -1.683
3.084 2.942 -1.679
3.092 2.931 -1.679
3.089 2.91 -1.672
3.078 3.812 -1.742
3.087 3.798 -1.74
3.093 3.781 -1.736
3.091 3.756 -1.728
3.103 3.746 -1.728
3.098 3.728 -1.722
3.098 3.704 -1.715
3.1 3.683 -1.709
3.1 3.661 -1.703
3.096 3.632 -1.694
3.1 3.614 -1.689
3.052 4.5 -1.731
3.055 4.474 -1.725
3.067 4.462 -1.723
3.071 4.452 -1.721
3.062 4.41 -1.708
3.068 4.389 -1.703
3.082 4.38 -1.703
3.082 4.352 -1.696
3.098 4.345 -1.697
3.101 4.334 -1.694
3.121 4.333 -1.698
3.111 4.291 -1.685
3.128 4.286 -1.687
3.111 4.235 -1.669
3.121 4.221 -1.667
3.133 4.21 -1.667
3.117 4.175 -1.654
3.119 4.151 -1.648
3.13 4.138 -1.647
3.162 4.973 -1.703
3.152 4.923 -1.688
3.144 4.894 -1.679
3.156 4.879 -1.677
3.152 4.839 -1.666
3.149 4.802 -1.656
3.153 4.774 -1.649
3.187 5.923 -1.705
3.187 5.878 -1.694
3.191 5.842 -1.686
3.197 5.808 -1.678
3.2 5.771 -1.67
3.195 5.719 -1.657
3.192 5.692 -1.65
3.238 7.174 -1.7
3.245 7.13 -1.692
3.238 7.084 -1.681
3.25 7.051 -1.675
3.24 6.972 -1.658
3.236 6.905 -1.643
3.271 8.724 -1.679
3.288 8.688 -1.674
3.303 8.643 -1.667
3.312 8.586 -1.657
3.318 8.521 -1.646
3.32 8.446 -1.633
3.315 8.395 -1.623
3.396 10.468 -1.622
3.408 10.395 -1.612
3.396 10.25 -1.589
3.402 10.158 -1.576
3.399 10.043 -1.558
3.55 13.546 -1.592
3.563 13.51 -1.588
3.584 13.418 -1.577
3.597 13.298 -1.563
3.629 13.254 -1.558
3.625 13.078 -1.536
7.978 11.686 -1.277
7.973 11.64 -1.272
7.997 11.596 -1.27
8.027 11.561 -1.269
8.042 11.507 -1.265
8.077 11.48 -1.265
8.086 11.416 -1.26
8.117 11.384 -1.259
8.055 11.259 -1.245
8.101 11.249 -1.247
8.079 11.144 -1.236
8.09 11.087 -1.232
8.096 11.023 -1.227
8.094 10.948 -1.221
8.18 13.317 -1.053
8.147 13.218 -1.045
8.151 13.131 -1.039
8.152 13.041 -1.033
8.151 12.95 -1.026
8.153 12.863 -1.021
8.148 12.767 -1.014
8.16 12.698 -1.01
8.137 12.618 -1.003
8.135 12.529 -0.997
