-5.79142 -0.0518006 0.00707786 -0.000233075
-5.948 3.42 -1.741
-5.953 3.448 -1.746
-5.962 3.478 -1.752
-5.944 3.493 -1.75
-5.935 3.512 -1.751
-5.939 3.528 -1.754
-5.935 3.55 -1.756
-5.919 3.566 -1.754
-5.917 3.59 -1.758
-5.913 3.613 -1.76
-5.918 3.642 -1.765
-5.918 3.667 -1.769
-5.924 3.684 -1.772
-5.912 3.702 -1.772
-5.92 3.733 -1.778
-5.916 3.757 -1.781
-5.911 3.779 -1.783
-5.912 3.806 -1.787
-5.915 3.834 -1.792
-5.915 3.848 -1.794
-5.892 5.725 -1.78
-5.893 5.761 -1.786
-5.881 5.787 -1.788
-5.891 5.832 -1.797
-5.885 5.863 -1.801
-5.876 5.891 -1.804
-5.878 5.93 -1.811
-5.876 5.947 -1.813
-5.883 5.991 -1.822
-5.877 6.022 -1.826
-5.873 6.056 -1.831
-5.857 7.732 -1.753
-5.848 7.771 -1.758
-5.846 7.819 -1.766
-5.841 7.864 -1.772
-5.842 7.917 -1.78
-5.85 7.953 -1.787
-5.842 7.995 -1.793
-5.831 8.032 -1.797
-5.821 8.071 -1.802
-5.802 8.099 -1.804
-5.829 10.093 -1.726
-5.834 10.14 -1.732
-5.835 10.214 -1.743
-5.823 10.269 -1.749
-5.816 10.332 -1.758
-5.81 10.396 -1.766
-5.804 10.463 -1.775
-5.785 10.505 -1.779
-5.764 14.295 -1.693
-5.754 14.4 -1.705
-5.744 14.508 -1.716
-5.76 14.615 -1.729
-5.743 14.707 -1.739
-5.716 14.773 -1.745
-5.678 14.813 -1.748
-5.638 14.85 -1.751
-9.33 10.136 -1.238
-9.352 10.224 -1.246
-9.344 10.28 -1.25
-9.354 10.356 -1.256
-9.336 10.402 -1.259
-9.334 10.465 -1.263
-9.326 10.523 -1.267
-9.35 10.584 -1.274
-9.338 10.637 -1.277
-9.337 10.704 -1.282
-9.321 10.754 -1.285
-9.317 10.818 -1.29
-11.436 38.031 -1.563
-11.383 38.29 -1.573
-11.359 38.654 -1.588
-11.334 39.021 -1.604
-11.279 39.293 -1.615
