4.8505 -0.809903 0.0869969 -0.0016934
2.326 3.806 -1.763
2.319 3.782 -1.753
2.326 3.767 -1.749
2.336 3.757 -1.748
2.352 3.756 -1.751
2.345 3.719 -1.736
2.35 3.701 -1.731
2.362 3.695 -1.731
2.356 3.672 -1.722
2.362 3.657 -1.718
2.38 3.659 -1.723
2.394 3.655 -1.724
2.4 3.639 -1.72
2.406 3.624 -1.717
2.411 3.619 -1.716
2.415 3.601 -1.71
2.467 5.476 -1.737
2.481 5.461 -1.735
2.505 5.469 -1.74
2.525 5.467 -1.742
2.569 5.406 -1.731
2.588 5.401 -1.732
2.597 5.377 -1.727
2.598 5.336 -1.716
2.603 5.304 -1.707
2.621 5.319 -1.714
2.63 5.295 -1.708
2.644 5.282 -1.707
2.674 5.299 -1.716
2.675 5.26 -1.705
2.684 5.236 -1.7
2.707 5.241 -1.704
2.704 5.215 -1.697
2.718 5.203 -1.695
2.74 5.205 -1.699
2.747 5.177 -1.692
2.759 5.162 -1.69
2.778 5.158 -1.692
2.777 5.137 -1.686
2.791 5.123 -1.684
2.982 7.501 -1.747
2.972 7.442 -1.733
2.97 7.369 -1.717
2.98 7.327 -1.709
2.972 7.242 -1.69
3.483 8.95 -1.735
3.497 8.902 -1.727
3.524 8.887 -1.726
3.484 8.706 -1.691
3.438 8.551 -1.66
3.415 8.415 -1.634
4.382 9.358 -1.516
4.366 9.285 -1.504
4.362 9.202 -1.492
4.394 9.195 -1.493
4.386 9.105 -1.48
4.382 9.023 -1.468
4.39 8.967 -1.46
6.774 11.051 -1.459
6.804 11.021 -1.457
6.832 10.99 -1.456
6.853 10.946 -1.452
6.867 10.931 -1.452
6.897 10.902 -1.451
6.919 10.862 -1.448
6.941 10.822 -1.445
6.968 10.788 -1.443
6.997 10.76 -1.442
7.036 10.744 -1.443
7.051 10.732 -1.443
7.063 10.676 -1.438
7.087 10.639 -1.436
7.103 10.592 -1.432
7.139 10.573 -1.432
7.16 10.533 -1.43
7.164 10.504 -1.427
7.194 10.476 -1.426
7.222 10.447 -1.425
7.255 10.424 -1.425
7.266 10.371 -1.42
7.286 10.33 -1.417
7.308 10.292 -1.415
7.31 10.262 -1.412
7.322 10.211 -1.408
12.542 7.118 -1.305
12.55 7.071 -1.303
12.562 7.025 -1.302
12.573 6.98 -1.301
12.594 6.94 -1.301
12.591 6.887 -1.298
12.595 6.863 -1.297
12.62 6.825 -1.297
12.613 6.771 -1.294
12.631 6.729 -1.294
12.629 6.677 -1.291
12.641 6.633 -1.29
12.634 6.604 -1.288
12.649 6.562 -1.287
12.654 6.514 -1.285
12.662 6.468 -1.284
12.677 6.425 -1.283
12.69 6.382 -1.282
12.692 6.333 -1.28
12.687 6.306 -1.279
12.686 6.256 -1.276
12.7 6.213 -1.275
12.718 6.172 -1.275
12.723 6.125 -1.274
12.726 6.078 -1.272
12.721 6.027 -1.269
12.697 5.991 -1.265
12.756 5.921 -1.268
12.769 5.878 -1.267
12.769 5.83 -1.265
12.771 5.782 -1.263
12.765 5.756 -1.261
12.78 5.714 -1.261
12.781 5.667 -1.259
12.785 5.62 -1.257
12.798 5.578 -1.257
12.81 5.536 -1.256
12.804 5.509 -1.255
12.805 5.462 -1.253
0.410999 28.257 -1.881
0.498999 28.224 -1.879
0.542999 28.195 -1.877
0.630999 28.168 -1.875
0.717999 28.12 -1.871
0.804999 28.061 -1.867
0.892999 28.057 -1.867
0.981999 28.06 -1.868
1.023 27.99 -1.863
1.11 27.961 -1.861
1.197 27.938 -1.859
1.284 27.904 -1.857
1.368 27.826 -1.852
1.452 27.768 -1.848
1.536 27.707 -1.844
1.58 27.697 -1.843
1.665 27.67 -1.841
1.749 27.611 -1.837
1.831 27.537 -1.832
1.913 27.464 -1.827
8.9 37.32 -1.723
8.997 37.209 -1.718
9.087 37.071 -1.713
9.19 36.986 -1.71
9.288 36.888 -1.706
9.386 36.787 -1.703
9.432 36.725 -1.7
9.531 36.632 -1.697
9.626 36.528 -1.693
9.718 36.409 -1.688
9.807 36.286 -1.684
9.892 36.151 -1.678
9.97 35.989 -1.671
