245.993 -26.1059 -0.366757 0.0740902
2.69 5.209 -1.693
2.706 5.199 -1.692
2.716 5.178 -1.688
2.728 5.161 -1.685
2.745 5.154 -1.686
2.752 5.129 -1.68
2.76 5.125 -1.68
2.77 5.104 -1.676
2.784 5.092 -1.675
2.796 5.075 -1.672
2.807 5.058 -1.669
2.814 5.032 -1.663
2.832 5.028 -1.665
2.836 5.017 -1.662
2.847 5 -1.659
2.861 4.988 -1.658
2.879 4.982 -1.659
2.89 4.965 -1.656
2.908 4.96 -1.658
2.907 4.941 -1.653
2.923 4.932 -1.653
2.946 4.936 -1.658
2.955 4.915 -1.653
2.959 4.888 -1.647
2.984 4.895 -1.653
2.987 4.864 -1.645
2.991 4.853 -1.643
3.015 4.858 -1.648
3.022 4.836 -1.643
3.031 4.816 -1.64
2.741 6.09 -1.692
2.751 6.06 -1.685
2.767 6.044 -1.683
2.774 6.009 -1.675
2.778 5.994 -1.672
2.792 5.975 -1.669
2.804 5.95 -1.664
2.818 5.933 -1.662
2.839 5.927 -1.663
2.854 5.912 -1.661
2.872 5.903 -1.661
2.872 5.879 -1.655
2.895 5.879 -1.657
2.913 5.868 -1.657
2.927 5.85 -1.654
2.943 5.837 -1.653
2.953 5.811 -1.648
2.968 5.794 -1.646
2.974 5.785 -1.644
2.987 5.765 -1.641
2.805 8.804 -1.665
2.829 8.784 -1.662
2.848 8.749 -1.657
2.856 8.678 -1.644
2.853 8.624 -1.634
2.879 8.611 -1.633
2.905 8.6 -1.633
2.927 8.574 -1.63
2.952 8.561 -1.629
2.975 8.541 -1.627
3 8.526 -1.625
3.01 8.512 -1.623
3.029 8.48 -1.619
3.051 8.457 -1.616
3.075 8.44 -1.615
3.095 8.414 -1.611
2.791 10.682 -1.628
2.81 10.687 -1.63
2.839 10.661 -1.627
2.851 10.572 -1.614
2.854 10.452 -1.595
2.859 10.341 -1.578
2.859 10.214 -1.559
2.861 10.1 -1.542
2.83 13.753 -1.597
2.852 13.753 -1.597
2.879 13.668 -1.587
2.917 13.635 -1.584
2.943 13.547 -1.574
2.963 13.439 -1.561
2.96 13.23 -1.535
2.957 13.025 -1.509
7.614 11.193 -1.213
7.63 11.141 -1.209
7.625 11.097 -1.205
7.636 11.038 -1.201
7.612 10.929 -1.19
7.608 10.852 -1.183
7.62 10.797 -1.179
7.617 10.721 -1.172
7.632 10.671 -1.169
7.621 10.621 -1.164
7.612 10.539 -1.157
3.147 22.78 -1.493
3.205 22.672 -1.486
3.232 22.353 -1.463
3.21 21.955 -1.434
3.22 21.547 -1.404
3.276 21.46 -1.398
3.301 21.177 -1.378
7.76 14.852 -0.745
7.754 14.728 -0.738
7.757 14.623 -0.733
7.765 14.528 -0.729
7.756 14.402 -0.722
7.756 14.295 -0.717
7.745 14.221 -0.713
7.723 14.076 -0.705
7.711 13.951 -0.698
7.719 13.862 -0.694
8.091 25.07 -0.482
8.048 24.801 -0.475
8.046 24.532 -0.469
8.04 24.254 -0.462
8.042 24.009 -0.456
8.034 23.735 -0.449
8.03 23.481 -0.442
8.034 23.251 -0.437
7.991 23.008 -0.43
