3.09531 -0.00139032 0.00418648 -4.29265e-05
3.179 3.479 -1.671
3.178 3.467 -1.667
3.163 3.43 -1.653
3.168 3.413 -1.65
3.175 3.399 -1.647
3.167 3.37 -1.637
3.184 3.367 -1.641
3.178 3.34 -1.632
3.17 3.321 -1.625
3.169 3.299 -1.618
3.235 4.703 -1.645
3.244 4.685 -1.642
3.239 4.646 -1.632
3.237 4.611 -1.622
3.232 4.574 -1.612
3.234 4.561 -1.609
3.234 4.531 -1.601
3.233 4.499 -1.593
3.27 5.562 -1.63
3.267 5.517 -1.619
3.266 5.475 -1.609
3.264 5.452 -1.603
3.274 5.43 -1.6
3.272 5.388 -1.59
3.277 5.358 -1.584
3.276 5.318 -1.574
3.247 6.789 -1.62
3.261 6.763 -1.616
3.263 6.713 -1.606
3.273 6.68 -1.6
3.294 6.669 -1.6
3.299 6.627 -1.592
3.307 6.617 -1.59
3.325 6.601 -1.589
3.322 6.544 -1.577
3.334 6.516 -1.572
3.34 6.478 -1.565
3.37 8.193 -1.591
3.387 8.161 -1.586
3.401 8.123 -1.581
3.412 8.076 -1.573
3.423 8.031 -1.566
3.425 7.968 -1.555
3.419 7.919 -1.546
3.422 7.856 -1.535
3.455 9.85 -1.532
3.473 9.803 -1.526
3.501 9.783 -1.525
3.472 9.653 -1.504
3.475 9.566 -1.491
3.502 9.548 -1.49
3.505 9.464 -1.477
3.64 12.593 -1.477
3.673 12.563 -1.475
3.7 12.509 -1.469
3.708 12.464 -1.464
3.735 12.41 -1.458
3.745 12.304 -1.446
3.722 12.095 -1.419
8.162 10.114 -1.156
8.151 10.036 -1.149
8.153 9.975 -1.144
8.128 9.913 -1.138
8.137 9.86 -1.134
8.133 9.793 -1.128
8.124 9.72 -1.122
8.125 9.66 -1.117
8.123 9.596 -1.112
8.138 9.553 -1.11
8.115 9.496 -1.104
0.368999 22.563 -1.461
0.403999 22.534 -1.459
0.473999 22.501 -1.457
0.543999 22.465 -1.455
0.613999 22.44 -1.453
0.682999 22.392 -1.449
0.752999 22.372 -1.448
0.821999 22.349 -1.447
0.856999 22.326 -1.445
0.925999 22.301 -1.443
0.994999 22.286 -1.442
1.064 22.245 -1.44
1.132 22.212 -1.437
1.2 22.182 -1.436
1.233 22.137 -1.432
1.3 22.099 -1.43
1.365 22.021 -1.424
1.431 21.967 -1.421
1.498 21.922 -1.418
1.563 21.862 -1.414
1.628 21.819 -1.411
1.659 21.769 -1.407
0.659999 32.04 -1.406
0.757999 31.914 -1.399
0.855999 31.817 -1.395
0.953999 31.737 -1.391
1.051 31.67 -1.387
1.149 31.626 -1.385
1.197 31.579 -1.383
1.296 31.571 -1.383
1.395 31.55 -1.382
1.494 31.552 -1.382
1.591 31.507 -1.38
1.686 31.412 -1.376
1.781 31.345 -1.373
1.828 31.304 -1.371
1.924 31.262 -1.369
2.02 31.218 -1.367
2.114 31.152 -1.364
2.208 31.086 -1.361
2.302 31.035 -1.359
2.397 30.989 -1.357
2.442 30.946 -1.355
