2.04507 0.324344 -0.0380408 0.00139027
2.734 5.253 -1.711
2.74 5.224 -1.704
2.752 5.207 -1.701
2.77 5.202 -1.703
2.775 5.173 -1.695
2.777 5.137 -1.686
2.792 5.125 -1.685
2.794 5.111 -1.681
2.809 5.1 -1.681
2.823 5.088 -1.679
2.837 5.074 -1.678
2.851 5.062 -1.676
2.869 5.058 -1.678
2.887 5.052 -1.679
2.887 5.032 -1.674
2.902 5.023 -1.674
2.914 5.008 -1.672
2.926 4.992 -1.669
2.94 4.979 -1.668
2.943 4.949 -1.661
2.955 4.951 -1.663
2.973 4.946 -1.665
2.982 4.925 -1.661
2.993 4.909 -1.658
2.767 6.148 -1.709
2.778 6.12 -1.703
2.782 6.078 -1.693
2.793 6.051 -1.688
2.805 6.027 -1.683
2.815 6 -1.678
2.823 5.992 -1.677
2.839 5.977 -1.675
2.858 5.969 -1.675
2.874 5.953 -1.673
2.891 5.941 -1.672
2.91 5.933 -1.673
2.922 5.91 -1.668
2.94 5.923 -1.674
2.952 5.9 -1.669
2.959 5.868 -1.663
2.975 5.854 -1.661
2.989 5.836 -1.658
2.736 7.349 -1.693
2.758 7.336 -1.692
2.771 7.336 -1.693
2.79 7.316 -1.691
2.798 7.267 -1.681
2.811 7.233 -1.674
2.831 7.217 -1.673
2.842 7.179 -1.665
2.857 7.152 -1.661
2.874 7.16 -1.664
2.889 7.133 -1.66
2.907 7.115 -1.657
2.936 7.12 -1.661
2.946 7.082 -1.654
2.967 7.069 -1.653
2.98 7.068 -1.654
2.993 7.039 -1.649
3.015 7.027 -1.648
3.038 7.022 -1.649
3.057 7.003 -1.647
3.067 6.967 -1.64
2.819 8.849 -1.674
2.832 8.793 -1.664
2.83 8.693 -1.646
2.842 8.635 -1.636
2.845 8.554 -1.621
2.825 10.814 -1.65
2.851 10.775 -1.645
2.855 10.653 -1.626
2.849 10.564 -1.612
2.852 10.443 -1.594
2.895 14.066 -1.637
2.936 14.041 -1.635
2.953 13.906 -1.619
2.939 13.736 -1.597
2.929 13.485 -1.566
2.943 13.346 -1.549
2.961 13.234 -1.535
6.063 13.13 -1.309
6.073 13.099 -1.307
6.113 13.077 -1.306
6.146 13.041 -1.305
6.178 13.004 -1.302
6.206 12.957 -1.299
6.241 12.925 -1.298
6.26 12.914 -1.298
6.294 12.88 -1.296
6.327 12.846 -1.294
6.357 12.804 -1.292
6.391 12.772 -1.29
6.426 12.743 -1.289
6.461 12.712 -1.288
6.673 12.491 -1.278
6.689 12.474 -1.277
6.703 12.407 -1.272
6.733 12.369 -1.27
6.762 12.33 -1.268
6.792 12.293 -1.266
6.827 12.265 -1.265
6.857 12.23 -1.263
6.873 12.212 -1.262
6.896 12.164 -1.259
7.713 13.54 -1.049
7.719 13.451 -1.043
7.7 13.37 -1.037
7.701 13.275 -1.03
7.704 13.186 -1.024
7.695 13.076 -1.016
7.692 12.978 -1.009
7.693 12.887 -1.003
7.681 12.822 -0.998
3.549 30.758 -1.351
3.581 30.611 -1.344
3.642 30.303 -1.329
3.721 30.16 -1.322
3.752 29.645 -1.297
3.836 29.56 -1.293
3.843 28.9 -1.26
