-5.62365 -0.162639 0.0237427 -0.00123378
-5.964 3.282 -1.727
-5.969 3.309 -1.731
-5.959 3.315 -1.73
-5.965 3.343 -1.735
-5.965 3.368 -1.738
-5.964 3.392 -1.741
-5.965 3.418 -1.745
-5.956 3.437 -1.745
-5.961 3.465 -1.75
-5.972 3.484 -1.755
-5.968 3.506 -1.758
-5.968 3.532 -1.761
-5.962 3.554 -1.763
-5.969 3.583 -1.769
-5.966 3.607 -1.771
-5.975 3.638 -1.777
-5.975 3.651 -1.78
-6.005 5.428 -1.752
-6.006 5.462 -1.757
-6.009 5.5 -1.764
-6.014 5.522 -1.768
-6.023 5.565 -1.776
-6.024 5.601 -1.782
-6.016 5.629 -1.785
-6.013 5.661 -1.79
-6.009 5.693 -1.794
-6.004 5.724 -1.799
-6.016 5.754 -1.805
-6.046 7.363 -1.72
-6.045 7.409 -1.727
-6.027 7.434 -1.728
-6.051 7.488 -1.739
-6.05 7.534 -1.746
-6.036 7.565 -1.749
-6.056 7.64 -1.763
-6.044 7.674 -1.767
-6.032 7.708 -1.771
-6.038 7.741 -1.776
-6.166 9.804 -1.714
-6.167 9.875 -1.724
-6.165 9.94 -1.732
-6.169 10.016 -1.743
-6.172 10.093 -1.753
-6.186 10.151 -1.763
-6.183 10.218 -1.771
-6.716 13.71 -1.675
-6.738 13.865 -1.693
-6.765 14.033 -1.713
-6.788 14.193 -1.732
-6.805 14.344 -1.75
