24.7339 -8.90654 1.18843 -0.0514509
2.887 3.866 -1.713
2.886 3.839 -1.705
2.893 3.824 -1.702
2.901 3.809 -1.699
2.907 3.792 -1.696
2.92 3.785 -1.696
2.914 3.765 -1.689
2.919 3.747 -1.685
2.933 3.741 -1.686
2.945 3.732 -1.686
2.953 3.718 -1.684
2.963 3.706 -1.683
2.978 3.701 -1.685
2.98 3.692 -1.683
2.988 3.678 -1.681
3.006 3.676 -1.684
3.01 3.658 -1.68
3.025 3.653 -1.682
3.034 3.64 -1.681
3.041 3.625 -1.678
3.048 3.622 -1.679
3.059 3.612 -1.679
3.064 3.596 -1.675
3.073 3.583 -1.674
3.078 3.566 -1.67
3.081 3.547 -1.665
3.089 3.545 -1.667
3.099 3.534 -1.666
3.105 3.518 -1.663
2.806 6.056 -1.69
2.815 6.049 -1.69
2.833 6.037 -1.689
2.852 6.03 -1.689
2.864 6.005 -1.685
2.875 5.981 -1.68
2.886 5.956 -1.675
2.903 5.941 -1.674
2.912 5.937 -1.674
2.928 5.923 -1.672
2.945 5.91 -1.671
2.964 5.901 -1.671
2.979 5.884 -1.669
2.996 5.873 -1.668
3.001 5.86 -1.666
3.023 5.857 -1.668
3.034 5.834 -1.664
3.048 5.816 -1.661
3.052 5.779 -1.653
3.066 5.761 -1.65
3.083 5.749 -1.65
3.09 5.741 -1.649
3.104 5.723 -1.646
3.118 5.706 -1.644
3.135 5.695 -1.643
3.152 5.683 -1.643
3.166 5.667 -1.641
3.177 5.645 -1.637
2.695 10.515 -1.598
2.722 10.484 -1.595
2.743 10.429 -1.587
2.75 10.389 -1.581
2.762 10.304 -1.569
2.777 10.232 -1.558
2.786 10.137 -1.544
