3.31739 -0.390249 0.0374006 -0.000732503
3.038 13.875 -1.617
3.059 13.765 -1.604
3.074 13.635 -1.588
3.107 13.579 -1.582
3.123 13.551 -1.579
3.159 13.516 -1.576
3.2 13.499 -1.575
3.231 13.442 -1.569
3.261 13.382 -1.562
3.003 17.78 -1.571
3.04 17.659 -1.56
3.071 17.508 -1.546
3.09 17.456 -1.541
3.142 17.427 -1.539
3.193 17.397 -1.537
3.232 17.305 -1.529
3.276 17.238 -1.523
3.32 17.177 -1.518
5.554 26.564 -1.159
5.519 26.19 -1.14
5.525 25.815 -1.122
5.528 25.435 -1.103
5.659 25.941 -0.488
5.63 25.61 -0.479
5.644 25.294 -0.471
5.639 24.903 -0.461
5.632 24.513 -0.451
5.664 24.303 -0.446
5.654 23.915 -0.436
