8.04498 -2.00519 0.490218 -0.0389694
2.891 9.026 -1.711
2.911 8.991 -1.705
2.914 8.953 -1.698
2.936 8.925 -1.695
2.95 8.873 -1.686
2.977 8.861 -1.685
2.988 8.8 -1.675
3 8.746 -1.666
3.008 8.679 -1.654
2.825 11.028 -1.683
2.833 10.989 -1.677
2.867 10.978 -1.677
2.896 10.948 -1.673
2.926 10.922 -1.67
2.953 10.886 -1.666
2.981 10.854 -1.662
2.996 10.776 -1.651
2.991 10.691 -1.638
3.003 10.606 -1.625
5.033 15.439 -1.395
5.072 15.393 -1.392
5.106 15.335 -1.387
5.138 15.27 -1.382
5.154 15.237 -1.38
5.183 15.165 -1.374
5.215 15.103 -1.369
5.257 15.073 -1.368
5.285 15.001 -1.362
5.323 14.959 -1.359
5.348 14.879 -1.353
5.372 14.872 -1.353
5.405 14.818 -1.349
5.421 14.719 -1.34
