2.54801 0.145373 0.0934845 -0.0127446
1.946 9.154 -1.687
1.971 9.13 -1.684
1.995 9.105 -1.68
2.022 9.087 -1.678
2.048 9.071 -1.676
2.065 9.079 -1.678
2.088 9.05 -1.674
2.119 9.053 -1.676
2.132 8.983 -1.663
2.16 8.976 -1.663
2.18 8.933 -1.656
2.211 8.938 -1.658
2.221 8.917 -1.655
2.249 8.91 -1.655
2.273 8.889 -1.652
2.299 8.875 -1.65
2.326 8.864 -1.65
2.348 8.833 -1.645
2.375 8.822 -1.644
2.386 8.809 -1.642
2.408 8.781 -1.638
2.434 8.767 -1.637
2.074 10.904 -1.637
2.11 10.904 -1.638
2.138 10.866 -1.633
2.167 10.834 -1.629
2.202 10.831 -1.63
2.216 10.814 -1.628
2.249 10.803 -1.627
2.276 10.763 -1.622
2.3 10.709 -1.614
2.334 10.704 -1.614
2.364 10.677 -1.611
2.392 10.647 -1.608
2.407 10.635 -1.606
2.439 10.622 -1.605
2.467 10.589 -1.601
2.496 10.562 -1.598
2.526 10.543 -1.596
2.557 10.527 -1.595
2.568 10.5 -1.591
2.599 10.484 -1.59
2.626 10.451 -1.586
2.762 13.639 -1.581
2.797 13.594 -1.576
2.774 13.274 -1.535
2.774 13.171 -1.522
2.788 13.038 -1.506
2.831 13.039 -1.507
2.886 13.09 -1.515
2.937 13.125 -1.521
2.971 13.087 -1.517
3.018 13.101 -1.52
3.036 13.085 -1.519
3.071 13.052 -1.516
3.103 13.002 -1.51
3.141 12.982 -1.509
3.175 12.945 -1.506
