37.3344 -14.9153 2.14742 -0.101592
2.203 2.068 -1.186
2.205 2.057 -1.183
2.209 2.048 -1.182
2.192 2.019 -1.168
2.184 1.999 -1.159
2.193 1.994 -1.161
2.188 1.977 -1.155
2.182 1.965 -1.149
2.175 1.946 -1.141
2.162 1.922 -1.13
3.121 5.911 -1.693
3.128 5.902 -1.692
3.142 5.884 -1.689
3.165 5.883 -1.692
3.17 5.847 -1.684
3.18 5.822 -1.679
3.192 5.8 -1.676
3.208 5.785 -1.674
3.201 5.751 -1.665
3.219 5.741 -1.665
3.237 5.731 -1.665
3.248 5.709 -1.662
3.268 5.702 -1.663
3.284 5.688 -1.662
3.288 5.675 -1.659
3.303 5.659 -1.657
3.319 5.646 -1.656
3.334 5.63 -1.655
3.341 5.603 -1.65
3.353 5.583 -1.646
3.357 5.549 -1.639
3.169 7.141 -1.687
3.184 7.113 -1.682
3.196 7.08 -1.676
3.198 7.025 -1.665
3.203 7.006 -1.661
3.219 6.983 -1.658
3.235 6.959 -1.655
3.253 6.942 -1.653
3.282 6.947 -1.657
3.293 6.914 -1.651
3.304 6.909 -1.651
3.329 6.906 -1.653
3.337 6.865 -1.645
3.351 6.841 -1.641
3.361 6.806 -1.635
3.383 6.797 -1.636
3.396 6.769 -1.631
3.403 6.756 -1.629
3.423 6.744 -1.629
3.435 6.716 -1.624
