5.84173 -0.0197597 0.00746133 -0.00554701
1.916 9.23 -1.701
1.944 9.216 -1.699
1.956 9.2 -1.696
1.977 9.159 -1.69
2 9.128 -1.685
2.028 9.118 -1.684
2.059 9.123 -1.686
2.085 9.105 -1.684
2.109 9.077 -1.68
2.124 9.077 -1.681
2.145 9.036 -1.674
2.175 9.037 -1.675
2.196 9.002 -1.669
2.223 8.989 -1.668
2.246 8.959 -1.664
2.275 8.954 -1.664
2.287 8.943 -1.663
2.31 8.918 -1.659
2.336 8.902 -1.657
2.351 8.847 -1.648
2.217 10.908 -1.642
2.25 10.894 -1.641
2.268 10.896 -1.642
2.289 10.823 -1.631
2.315 10.781 -1.626
2.349 10.774 -1.626
2.376 10.735 -1.621
2.406 10.708 -1.618
2.437 10.691 -1.616
2.447 10.659 -1.611
2.483 10.658 -1.613
2.514 10.643 -1.611
2.542 10.612 -1.608
2.573 10.592 -1.606
2.601 10.565 -1.603
2.631 10.541 -1.6
2.643 10.52 -1.597
2.674 10.504 -1.596
2.701 10.473 -1.592
2.73 10.447 -1.589
2.742 13.763 -1.596
2.781 13.737 -1.593
2.808 13.648 -1.583
2.832 13.548 -1.571
2.81 13.24 -1.532
2.851 13.228 -1.531
2.84 13.08 -1.513
