2.41884 -0.4582 0.207271 -0.0177738
3.157 4.949 -1.695
3.167 4.929 -1.692
3.168 4.897 -1.684
3.169 4.882 -1.68
3.178 4.863 -1.676
3.178 4.829 -1.668
3.191 4.816 -1.666
3.206 4.805 -1.666
3.217 4.789 -1.664
3.229 4.774 -1.662
3.234 4.766 -1.661
3.245 4.749 -1.659
3.26 4.739 -1.659
3.284 4.743 -1.664
3.295 4.726 -1.662
3.294 4.694 -1.653
3.307 4.697 -1.656
3.316 4.679 -1.653
3.32 4.652 -1.648
3.332 4.639 -1.646
3.341 4.621 -1.643
3.131 5.862 -1.683
3.147 5.848 -1.682
3.155 5.84 -1.68
3.163 5.812 -1.675
3.165 5.771 -1.665
3.174 5.746 -1.661
3.188 5.727 -1.658
3.209 5.722 -1.66
3.218 5.697 -1.655
3.228 5.694 -1.655
3.248 5.687 -1.656
3.265 5.675 -1.656
3.278 5.656 -1.653
3.292 5.641 -1.652
3.312 5.634 -1.653
3.321 5.609 -1.648
3.329 5.602 -1.647
3.336 5.573 -1.642
3.348 5.554 -1.639
3.365 5.544 -1.639
3.376 5.521 -1.635
3.39 5.506 -1.634
3.403 5.489 -1.632
3.169 7.109 -1.68
3.175 7.063 -1.671
3.174 7.002 -1.658
3.184 6.965 -1.651
3.187 6.913 -1.64
3.187 6.856 -1.628
3.187 6.828 -1.623
2.104 9.224 -1.077
2.102 9.083 -1.058
2.103 8.956 -1.042
2.093 8.851 -1.028
2.079 8.668 -1.003
