29.1376 -8.05342 0.79966 -0.0258907
2.835 6.042 -1.69
2.848 6.021 -1.687
2.862 6.002 -1.684
2.872 5.974 -1.678
2.887 5.958 -1.676
2.887 5.932 -1.669
2.905 5.923 -1.669
2.923 5.912 -1.669
2.94 5.899 -1.668
2.955 5.883 -1.666
2.971 5.869 -1.664
2.982 5.868 -1.665
2.994 5.846 -1.662
3.014 5.84 -1.663
3.03 5.825 -1.661
3.045 5.811 -1.66
3.055 5.784 -1.654
3.068 5.766 -1.652
3.068 5.744 -1.646
3.084 5.729 -1.645
3.102 5.72 -1.645
3.113 5.698 -1.641
3.134 5.693 -1.643
3.144 5.67 -1.639
2.852 7.271 -1.686
2.863 7.231 -1.678
2.877 7.202 -1.674
2.905 7.206 -1.677
2.922 7.182 -1.673
2.943 7.17 -1.672
2.959 7.178 -1.675
2.978 7.159 -1.673
2.994 7.134 -1.669
3.022 7.137 -1.672
3.029 7.091 -1.663
3.035 7.044 -1.654
3.056 7.033 -1.653
3.062 7.016 -1.65
3.075 6.984 -1.645
3.098 6.978 -1.646
3.112 6.951 -1.641
3.127 6.925 -1.637
3.153 6.926 -1.64
3.153 6.896 -1.633
2.701 10.54 -1.603
2.732 10.522 -1.601
2.745 10.504 -1.599
2.767 10.455 -1.592
2.775 10.353 -1.577
2.788 10.27 -1.565
2.792 10.16 -1.548
