-10.1466 0.626406 -0.0269666 0.000453035
-6.843 6.555 -1.71
-6.835 6.589 -1.714
-6.811 6.607 -1.713
-6.803 6.641 -1.716
-6.802 6.682 -1.722
-6.799 6.699 -1.723
-6.776 6.719 -1.723
-6.777 6.763 -1.729
-6.76 6.788 -1.73
-6.747 6.817 -1.733
-6.733 6.846 -1.734
-6.723 6.879 -1.738
-6.706 6.883 -1.736
-6.707 6.928 -1.742
-6.702 6.966 -1.747
-6.695 7.002 -1.751
-6.68 7.031 -1.753
-6.654 7.047 -1.752
-6.645 7.06 -1.753
-6.643 7.103 -1.758
-6.63 7.134 -1.761
-6.081 9.636 -1.684
-6.084 9.676 -1.69
-6.069 9.718 -1.694
-6.06 9.772 -1.701
-6.045 9.817 -1.705
-6.034 9.867 -1.711
-6.023 9.92 -1.718
-6.014 9.974 -1.724
-6.012 10.008 -1.729
-5.994 10.048 -1.733
-5.971 10.082 -1.736
-5.358 14.387 -1.686
-5.344 14.485 -1.696
-5.325 14.576 -1.706
-5.313 14.685 -1.718
-5.288 14.759 -1.725
-5.272 14.863 -1.737
-5.236 14.91 -1.741
-4.966 18.207 -1.653
-4.929 18.297 -1.661
-4.913 18.467 -1.677
-4.903 18.665 -1.695
-4.896 18.759 -1.704
-4.837 18.772 -1.704
-4.78 18.795 -1.705
-4.727 18.835 -1.707
-4.665 18.838 -1.706
-4.61 18.868 -1.708
-4.52 23.97 -1.596
-4.501 24.079 -1.604
-4.445 24.195 -1.611
-4.396 24.358 -1.623
-4.392 24.781 -1.653
-4.356 25.032 -1.671
-4.3 25.181 -1.681
-3.557 38.285 -1.507
-3.443 38.366 -1.51
-3.311 38.247 -1.504
-3.244 38.163 -1.5
-3.132 38.27 -1.504
-3.04 38.642 -1.52
-2.962 39.238 -1.547
-2.883 39.866 -1.574
-2.793 40.388 -1.597
