0.802619 1.23736 -0.229971 0.0140312
2.996 3.24 -1.743
2.994 3.217 -1.735
3.001 3.205 -1.734
3.009 3.193 -1.732
3.005 3.169 -1.724
2.998 3.152 -1.717
2.999 3.133 -1.711
3.003 3.117 -1.707
3.005 3.1 -1.703
3.008 3.084 -1.699
3.011 3.068 -1.695
3.008 3.045 -1.687
2.985 3.881 -1.74
2.976 3.857 -1.731
2.984 3.842 -1.728
2.985 3.819 -1.722
2.994 3.805 -1.72
2.995 3.783 -1.713
3.004 3.769 -1.711
2.993 3.732 -1.698
2.998 3.726 -1.697
3 3.705 -1.691
3.003 3.685 -1.686
2.993 4.505 -1.721
2.993 4.489 -1.717
2.999 4.467 -1.712
2.991 4.426 -1.699
2.993 4.4 -1.692
3.002 4.382 -1.689
3.005 4.357 -1.682
3.007 4.332 -1.676
2.997 4.303 -1.665
2.996 5.188 -1.733
3.007 5.168 -1.729
3.006 5.129 -1.718
3.009 5.098 -1.711
3.012 5.083 -1.707
3.011 5.046 -1.697
3.012 5.012 -1.688
3.022 4.993 -1.685
3.021 4.955 -1.675
3.02 6.038 -1.711
3.033 6.017 -1.708
3.035 5.973 -1.697
3.034 5.925 -1.686
3.031 5.896 -1.678
3.036 5.859 -1.67
3.039 5.821 -1.661
3.045 5.787 -1.654
4.778 9.205 -1.522
4.799 9.176 -1.519
4.82 9.145 -1.516
4.847 9.128 -1.516
4.859 9.082 -1.51
4.888 9.066 -1.51
4.896 9.046 -1.508
4.919 9.022 -1.507
4.941 8.995 -1.504
4.974 8.988 -1.506
4.984 8.939 -1.5
5.007 8.915 -1.498
5.027 8.884 -1.496
5.034 8.864 -1.493
5.053 8.832 -1.491
5.067 8.792 -1.486
5.096 8.78 -1.487
5.118 8.754 -1.485
5.136 8.722 -1.482
5.16 8.699 -1.481
5.166 8.679 -1.479
5.186 8.651 -1.476
5.212 8.631 -1.476
5.228 8.598 -1.473
5.245 8.565 -1.47
