1.69763 0.323126 -0.00894555 0.000195933
2.765 3.55 -1.779
2.769 3.533 -1.775
2.762 3.501 -1.762
2.723 3.43 -1.729
2.826 4.11 -1.775
2.828 4.086 -1.768
2.83 4.061 -1.761
2.828 4.031 -1.751
2.822 3.996 -1.739
2.808 3.963 -1.725
2.819 3.953 -1.725
2.813 3.918 -1.713
2.905 4.667 -1.752
2.908 4.64 -1.745
2.916 4.636 -1.745
2.911 4.596 -1.732
2.903 4.552 -1.718
2.901 4.518 -1.708
2.898 4.483 -1.698
2.994 5.145 -1.721
2.977 5.097 -1.705
2.986 5.076 -1.701
2.988 5.044 -1.693
3 5.028 -1.691
3.028 5.038 -1.698
3.043 5.027 -1.697
3.048 4.999 -1.691
3.055 4.995 -1.691
3.08 5 -1.696
3.082 4.967 -1.688
3.089 4.945 -1.683
3.115 4.951 -1.689
3.086 4.87 -1.663
3.095 4.851 -1.659
3.072 4.797 -1.642
3.093 4.797 -1.645
3.107 4.786 -1.645
3.112 4.76 -1.639
3.14 4.771 -1.646
3.146 4.747 -1.641
3.148 4.718 -1.634
3.117 4.656 -1.613
3.232 5.985 -1.725
3.24 5.954 -1.719
3.242 5.913 -1.709
3.242 5.869 -1.699
3.268 5.873 -1.703
3.218 5.761 -1.67
6.444 3.006 -1.524
6.415 2.968 -1.514
6.415 2.943 -1.512
6.444 2.932 -1.517
6.434 2.903 -1.512
6.422 2.873 -1.507
6.441 2.858 -1.509
6.428 2.84 -1.505
6.421 2.812 -1.501
6.435 2.794 -1.502
6.422 2.765 -1.497
6.411 2.736 -1.492
6.441 2.725 -1.497
6.427 2.695 -1.491
6.42 2.68 -1.488
6.421 2.657 -1.487
6.426 2.636 -1.486
6.431 2.614 -1.485
6.444 2.596 -1.486
6.438 2.57 -1.483
6.428 2.542 -1.478
6.43 2.532 -1.478
6.418 2.503 -1.473
3.653 9.132 -1.78
3.674 9.1 -1.776
3.703 9.09 -1.776
3.723 9.059 -1.772
3.747 9.034 -1.769
3.759 9.023 -1.768
3.782 9 -1.766
3.806 8.977 -1.763
3.819 8.929 -1.756
3.851 8.926 -1.758
3.873 8.9 -1.755
3.897 8.878 -1.753
3.91 8.872 -1.753
3.93 8.842 -1.749
3.955 8.822 -1.747
3.981 8.806 -1.747
4.003 8.781 -1.744
4.027 8.76 -1.742
4.049 8.736 -1.74
4.06 8.725 -1.739
4.087 8.71 -1.738
4.108 8.683 -1.735
4.131 8.661 -1.733
4.151 8.634 -1.73
4.176 8.616 -1.729
3.987 11.208 -1.764
3.995 11.121 -1.751
4.019 11.077 -1.746
4.051 11.057 -1.745
4.085 11.042 -1.744
4.106 11.045 -1.746
4.13 11.004 -1.741
4.154 10.963 -1.737
4.182 10.934 -1.734
4.212 10.907 -1.732
4.244 10.889 -1.731
4.265 10.893 -1.732
4.289 10.852 -1.728
4.319 10.829 -1.726
4.349 10.805 -1.724
4.377 10.776 -1.722
4.401 10.739 -1.718
4.43 10.714 -1.716
4.444 10.7 -1.715
4.472 10.673 -1.712
4.509 14.632 -1.759
4.529 14.617 -1.758
4.561 14.56 -1.752
4.575 14.445 -1.739
4.597 14.359 -1.729
4.641 14.34 -1.728
4.686 14.324 -1.728
4.721 14.281 -1.724
4.732 14.238 -1.72
4.769 14.2 -1.717
4.803 14.153 -1.712
4.837 14.11 -1.708
5.314 19.019 -1.74
5.352 18.926 -1.732
5.387 18.821 -1.723
5.426 18.737 -1.716
5.476 18.687 -1.713
5.517 18.613 -1.707
5.557 18.533 -1.7
5.568 18.463 -1.694
5.612 18.399 -1.689
6.475 25.332 -1.725
6.485 25.045 -1.705
6.49 24.743 -1.684
6.558 24.683 -1.681
6.589 24.644 -1.678
6.654 24.579 -1.675
6.717 24.504 -1.671
11.096 29.913 -1.398
11.146 29.762 -1.392
11.133 29.586 -1.384
11.191 29.457 -1.379
11.251 29.338 -1.374
11.294 29.176 -1.367
11.367 29.092 -1.365
11.456 29.05 -1.364
11.518 28.94 -1.36
11.54 28.864 -1.357
11.575 28.689 -1.35
11.677 28.682 -1.351
11.719 28.527 -1.345
15.014 42.589 -0.742
14.837 41.671 -0.722
14.66 40.769 -0.703
14.469 39.845 -0.684
