-9.36501 0.434104 -0.0291608 0.000753634
-7.457 6.274 -1.762
-7.515 6.363 -1.782
-7.509 6.398 -1.785
-7.511 6.42 -1.788
-7.505 6.456 -1.792
-7.472 6.468 -1.789
-7.466 6.504 -1.793
-7.478 6.556 -1.801
-7.463 6.585 -1.803
-7.438 6.604 -1.801
-7.451 6.637 -1.807
-7.419 6.65 -1.804
-7.402 6.677 -1.806
-7.428 6.742 -1.818
-7.385 6.746 -1.812
-7.371 6.776 -1.814
-7.367 6.815 -1.818
-7.226 9.303 -1.745
-7.217 9.352 -1.751
-7.206 9.398 -1.755
-7.183 9.43 -1.757
-7.194 9.474 -1.764
-7.169 9.503 -1.765
-7.158 9.551 -1.77
-7.166 9.624 -1.78
-7.158 9.677 -1.786
-7.13 9.702 -1.787
-7.12 9.721 -1.788
-7.087 9.74 -1.788
-7.058 9.764 -1.788
-7.042 9.807 -1.792
-7.04 9.869 -1.8
-5.758 13.979 -1.734
-5.728 14.032 -1.739
-5.711 14.118 -1.749
-5.723 14.276 -1.768
-5.776 14.541 -1.802
-5.725 14.546 -1.8
-5.708 14.57 -1.802
-5.663 14.592 -1.803
-5.612 14.596 -1.801
-7.651 38.158 -1.527
-7.587 38.466 -1.54
-7.577 38.741 -1.552
-7.345 38.849 -1.555
-7.243 38.976 -1.56
-7.125 39.024 -1.561
-7.002 39.044 -1.561
-6.907 39.225 -1.568
-6.85 39.266 -1.569
-6.738 39.352 -1.572
-6.628 39.452 -1.576
-6.495 39.421 -1.573
-6.402 39.633 -1.582
