12.4976 12.0037 -1.84728 0.0618574
-15.038 15.295 -1.907
-15.004 15.356 -1.909
-14.985 15.433 -1.913
-14.966 15.51 -1.917
-14.96 15.602 -1.923
-14.935 15.675 -1.926
-14.942 15.731 -1.931
-14.909 15.795 -1.933
-14.907 15.893 -1.94
-14.886 15.97 -1.944
-14.839 16.021 -1.945
-14.79 16.069 -1.945
-14.771 16.149 -1.95
-14.77 16.199 -1.953
-14.727 16.254 -1.954
-14.699 16.327 -1.958
-16.274 28.964 -1.465
-16.365 29.34 -1.483
-16.433 29.681 -1.5
-16.414 29.867 -1.508
-16.378 30.024 -1.514
-16.386 30.264 -1.524
-16.378 30.364 -1.529
