-5.47816 -0.0923001 0.00631957 -0.000134077
-5.912 10.462 -1.783
-5.914 10.542 -1.794
-5.914 10.621 -1.805
-5.906 10.684 -1.813
-5.905 10.762 -1.824
-5.892 10.818 -1.831
-5.869 10.858 -1.835
-5.854 10.87 -1.835
-5.903 14.84 -1.762
-5.895 14.955 -1.774
-5.89 15.082 -1.789
-5.887 15.214 -1.803
-5.908 15.339 -1.819
-5.893 15.443 -1.83
-5.853 15.484 -1.833
-5.877 18.628 -1.718
-5.901 18.806 -1.736
-5.899 19.009 -1.755
-5.894 19.206 -1.773
-5.888 19.403 -1.792
-5.877 19.586 -1.808
-6.067 25.151 -1.705
-6.033 25.359 -1.719
-6.043 25.756 -1.748
-6.088 26.317 -1.789
-6.075 26.643 -1.812
-11.745 27.878 -1.315
-11.769 28.18 -1.33
-11.847 28.619 -1.352
-11.871 28.804 -1.361
-11.829 28.959 -1.367
