3.98051 -0.323757 0.0301191 -0.000753691
2.2 2.656 -1.37
2.204 2.643 -1.367
2.199 2.621 -1.358
2.224 2.634 -1.369
2.231 2.625 -1.368
2.221 2.605 -1.359
2.195 2.557 -1.336
2.214 2.563 -1.343
2.213 2.546 -1.338
2.195 2.509 -1.32
2.217 2.518 -1.33
2.219 2.505 -1.326
2.188 2.461 -1.303
2.218 1.853 -1.046
2.202 1.828 -1.035
2.215 1.827 -1.039
2.218 1.818 -1.037
2.209 1.799 -1.03
2.223 1.799 -1.034
2.213 1.785 -1.027
2.194 1.759 -1.015
2.22 1.768 -1.025
2.217 1.754 -1.021
2.207 1.736 -1.013
2.228 1.74 -1.021
2.22 1.729 -1.015
2.214 1.713 -1.01
2.206 1.696 -1.003
2.215 1.692 -1.005
2.212 1.679 -1.001
2.205 1.663 -0.995
2.846 4.654 -1.738
2.855 4.636 -1.734
2.863 4.617 -1.73
2.865 4.587 -1.721
2.877 4.575 -1.72
2.889 4.563 -1.719
2.9 4.547 -1.716
2.904 4.538 -1.714
2.904 4.507 -1.705
2.919 4.499 -1.706
2.923 4.476 -1.7
2.931 4.457 -1.696
2.929 4.424 -1.687
2.935 5.232 -1.735
2.936 5.196 -1.726
2.927 5.161 -1.715
2.933 5.133 -1.708
2.939 5.106 -1.702
2.939 5.069 -1.692
2.942 5.038 -1.684
2.182 2.53 -0.848
2.156 2.491 -0.835
2.163 2.483 -0.834
2.161 2.464 -0.83
2.158 2.446 -0.825
2.161 2.433 -0.823
2.174 2.432 -0.825
2.164 2.405 -0.818
2.155 2.388 -0.812
2.166 2.385 -0.814
2.171 2.376 -0.813
2.159 2.347 -0.804
2.173 2.348 -0.807
2.158 2.317 -0.798
2.169 2.314 -0.799
2.161 2.298 -0.794
2.158 2.28 -0.79
2.161 2.269 -0.788
2.87 7.565 -1.751
2.891 7.547 -1.749
2.907 7.519 -1.744
2.928 7.503 -1.743
2.925 7.425 -1.725
2.932 7.374 -1.715
2.938 7.356 -1.712
2.948 7.315 -1.704
2.955 7.264 -1.693
5.296 6.208 -1.455
5.294 6.166 -1.449
5.282 6.133 -1.443
5.289 6.103 -1.439
5.287 6.061 -1.433
5.285 6.02 -1.427
5.297 5.996 -1.425
5.288 5.947 -1.416
5.292 5.915 -1.412
5.288 5.892 -1.408
5.295 5.862 -1.405
5.361 4.669 -1.074
5.344 4.64 -1.068
5.348 4.614 -1.066
5.355 4.591 -1.064
5.359 4.565 -1.062
5.364 4.541 -1.06
5.365 4.513 -1.057
5.355 4.476 -1.052
5.36 4.466 -1.051
5.357 4.435 -1.048
5.364 4.412 -1.046
5.362 4.383 -1.043
5.373 4.364 -1.042
5.363 4.328 -1.037
5.369 4.305 -1.035
5.356 4.281 -1.031
5.365 4.26 -1.03
5.355 4.225 -1.025
5.37 4.21 -1.025
5.347 4.165 -1.018
5.063 12.109 -1.479
5.091 12.069 -1.476
5.1 11.986 -1.467
5.125 11.942 -1.463
5.132 11.907 -1.459
5.158 11.863 -1.455
5.188 11.831 -1.453
5.223 11.809 -1.452
5.244 11.758 -1.447
5.266 11.709 -1.443
5.297 11.678 -1.441
5.3 11.637 -1.436
5.336 11.619 -1.436
5.348 11.55 -1.429
5.365 11.492 -1.423
5.268 6.149 -0.543
5.259 6.119 -0.541
5.264 6.086 -0.539
5.267 6.052 -0.537
5.265 6.011 -0.534
5.267 5.975 -0.531
5.268 5.939 -0.529
5.253 5.903 -0.525
5.247 5.86 -0.522
5.267 5.845 -0.522
5.289 5.832 -0.523
5.26 5.764 -0.516
5.265 5.733 -0.515
5.273 5.707 -0.513
5.252 5.666 -0.509
5.262 5.641 -0.508
5.258 5.601 -0.505
5.27 5.579 -0.504
5.263 5.536 -0.501
5.27 5.51 -0.5
5.265 5.47 -0.497
5.25 5.438 -0.494
5.258 5.411 -0.493
5.265 5.385 -0.491
5.3 6.355 -0.367
5.306 6.322 -0.366
5.3 6.275 -0.363
5.298 6.234 -0.361
5.288 6.182 -0.358
5.293 6.149 -0.356
5.299 6.118 -0.355
5.294 6.093 -0.353
5.285 6.043 -0.35
5.278 5.998 -0.348
5.281 5.964 -0.346
5.281 5.926 -0.344
5.283 5.89 -0.342
5.261 5.848 -0.339
5.265 5.815 -0.338
5.254 5.768 -0.335
5.258 5.735 -0.333
5.261 5.702 -0.332
5.26 5.665 -0.33
5.254 5.624 -0.327
5.2 5.549 -0.321
5.183 5.497 -0.318
5.182 5.462 -0.316
