6.23957 -1.18806 0.114743 -0.00272221
4.315 4.019 -1.479
4.31 4.001 -1.475
4.315 3.981 -1.472
4.329 3.969 -1.473
4.33 3.945 -1.469
4.331 3.921 -1.465
4.338 3.902 -1.463
4.337 3.889 -1.46
4.34 3.867 -1.457
4.366 3.865 -1.461
4.376 3.85 -1.461
4.368 3.819 -1.454
4.395 3.818 -1.459
4.398 3.796 -1.456
4.398 3.784 -1.454
4.407 3.768 -1.453
4.42 3.755 -1.453
4.422 3.733 -1.449
4.422 3.709 -1.445
4.424 3.687 -1.442
4.424 3.664 -1.438
4.434 3.66 -1.439
4.446 3.646 -1.439
4.442 3.62 -1.434
4.437 3.593 -1.428
2.467 7.17 -1.633
2.474 7.153 -1.63
2.489 7.123 -1.625
2.508 7.106 -1.623
2.521 7.071 -1.616
2.538 7.048 -1.612
2.559 7.036 -1.611
2.573 7.006 -1.606
2.58 6.993 -1.604
2.601 6.981 -1.603
2.622 6.969 -1.602
2.637 6.943 -1.597
2.664 6.949 -1.601
2.676 6.915 -1.595
2.689 6.885 -1.589
2.701 6.883 -1.59
2.715 6.854 -1.585
2.733 6.838 -1.583
2.56 8.588 -1.611
2.584 8.571 -1.609
2.599 8.523 -1.601
2.616 8.483 -1.594
2.635 8.497 -1.598
2.66 8.482 -1.596
2.678 8.447 -1.591
2.716 8.476 -1.599
2.739 8.454 -1.596
2.759 8.427 -1.592
2.774 8.428 -1.593
2.792 8.391 -1.588
2.817 8.379 -1.587
2.83 8.331 -1.579
2.853 8.313 -1.577
2.874 8.291 -1.574
2.899 8.276 -1.573
2.908 8.26 -1.571
2.927 8.233 -1.567
2.948 8.209 -1.564
2.967 8.183 -1.561
2.995 8.177 -1.562
3.013 8.149 -1.558
3.091 10.117 -1.555
3.117 10.088 -1.551
3.106 9.943 -1.529
3.135 9.925 -1.528
3.124 9.782 -1.505
3.127 9.687 -1.491
3.146 9.641 -1.485
0.651999 29.297 -1.268
0.743999 29.283 -1.267
0.834999 29.256 -1.266
0.880999 29.245 -1.266
0.972999 29.254 -1.266
1.064 29.229 -1.265
1.153 29.15 -1.261
1.244 29.12 -1.26
1.332 29.044 -1.256
1.421 28.988 -1.254
1.464 28.938 -1.251
1.552 28.883 -1.249
1.641 28.844 -1.247
1.729 28.797 -1.245
1.816 28.737 -1.242
1.905 28.716 -1.241
1.992 28.652 -1.239
2.033 28.599 -1.236
2.119 28.536 -1.233
2.204 28.476 -1.231
2.288 28.391 -1.227
2.373 28.334 -1.224
2.454 28.243 -1.22
2.537 28.167 -1.217
2.214 56.694 -0.985
2.381 56.435 -0.979
2.455 56.108 -0.973
2.62 55.848 -0.967
2.78 55.544 -0.961
2.939 55.244 -0.955
3.094 54.913 -0.948
3.255 54.701 -0.944
3.326 54.448 -0.939
3.492 54.364 -0.937
3.648 54.139 -0.933
