-6.76801 0.155463 -0.0061517 9.18644e-05
-6.07 5.216 -1.731
-6.067 5.246 -1.735
-6.062 5.276 -1.738
-6.056 5.304 -1.742
-6.054 5.318 -1.743
-6.053 5.351 -1.748
-6.048 5.381 -1.752
-6.038 5.406 -1.754
-6.031 5.434 -1.757
-6.022 5.46 -1.76
-6.019 5.492 -1.764
-6.029 5.518 -1.77
-6.029 5.553 -1.776
-6.016 5.576 -1.777
-6.008 5.604 -1.78
-6.005 5.636 -1.785
-5.983 5.651 -1.783
-5.968 5.672 -1.784
-5.819 9.722 -1.674
-5.818 9.79 -1.683
-5.81 9.845 -1.69
-5.82 9.899 -1.698
-5.816 9.963 -1.707
-5.812 10.027 -1.715
-5.803 10.085 -1.722
-5.788 10.132 -1.728
-5.763 10.162 -1.73
-5.686 13.209 -1.64
-5.674 13.296 -1.65
-5.667 13.396 -1.661
-5.659 13.496 -1.672
-5.647 13.587 -1.683
-5.655 13.667 -1.692
-5.626 13.72 -1.697
-5.574 17.113 -1.568
-5.568 17.276 -1.583
-5.555 17.425 -1.596
-5.54 17.565 -1.609
-5.552 17.701 -1.622
-5.535 17.84 -1.635
-5.481 17.867 -1.635
-5.443 17.941 -1.641
-5.424 22.342 -1.493
-5.403 22.564 -1.508
-5.417 22.778 -1.524
-5.401 23.034 -1.542
-5.38 23.272 -1.559
-5.355 23.499 -1.575
-5.287 23.539 -1.576
-5.038 34.611 -1.352
-4.944 34.729 -1.357
-4.869 34.996 -1.368
-4.797 35.292 -1.381
-4.797 36.145 -1.418
-4.808 36.674 -1.441
-4.707 36.8 -1.446
-7.068 54.463 -0.946
-7.013 55.4 -0.966
-6.946 56.293 -0.984
-6.989 57.391 -1.007
