7.30678 -4.42616 1.1785 -0.0933669
3.053 5.848 -1.669
3.063 5.823 -1.665
3.068 5.788 -1.657
3.071 5.749 -1.648
3.074 5.711 -1.639
3.075 5.692 -1.635
3.079 5.655 -1.627
3.08 5.615 -1.617
3.041 7.027 -1.65
3.053 6.996 -1.645
3.08 6.997 -1.648
3.07 6.944 -1.636
3.074 6.895 -1.626
3.087 6.866 -1.621
3.086 6.804 -1.608
3.078 6.731 -1.591
2.455 3.018 -0.711
2.448 2.99 -0.706
2.431 2.949 -0.697
2.435 2.935 -0.695
2.433 2.924 -0.693
2.414 2.882 -0.683
2.4 2.847 -0.676
2.379 2.803 -0.666
2.372 2.776 -0.66
2.381 9.674 -1.145
2.382 9.547 -1.128
2.391 9.453 -1.116
2.395 9.344 -1.102
2.386 9.248 -1.089
2.368 8.729 -0.803
2.373 8.637 -0.794
2.381 8.56 -0.786
2.375 8.486 -0.777
2.389 8.432 -0.772
2.393 8.348 -0.763
2.399 8.27 -0.755
2.407 8.197 -0.748
2.964 22.771 -1.491
2.982 22.635 -1.481
3.042 22.539 -1.475
3.104 22.466 -1.47
3.114 22.028 -1.438
3.174 21.951 -1.433
3.242 21.935 -1.432
