3.17897 -0.0928382 0.0155305 -0.000542233
3.014 3.259 -1.754
3.009 3.233 -1.745
3.02 3.225 -1.745
3.02 3.205 -1.739
3.013 3.187 -1.731
3.025 3.18 -1.733
3.026 3.161 -1.727
3.019 3.134 -1.717
3.027 3.122 -1.716
3.029 3.105 -1.711
3.023 3.09 -1.705
3.032 3.079 -1.704
3.04 3.068 -1.703
3.049 3.838 -1.743
3.046 3.809 -1.733
3.05 3.789 -1.728
3.058 3.776 -1.726
3.056 3.749 -1.718
3.057 3.726 -1.711
3.06 3.706 -1.706
3.054 3.687 -1.699
3.055 3.665 -1.693
2.995 5.224 -1.742
3.032 5.211 -1.744
3.037 5.164 -1.733
3.045 5.141 -1.728
3.058 5.125 -1.726
3.071 5.11 -1.724
3.098 5.119 -1.73
3.091 5.071 -1.717
3.08 5.035 -1.705
3.108 5.045 -1.713
3.112 5.016 -1.705
3.118 4.992 -1.7
3.121 4.961 -1.692
3.107 4.904 -1.675
2.927 6.266 -1.756
2.942 6.246 -1.753
2.952 6.218 -1.747
2.958 6.18 -1.739
2.969 6.152 -1.733
2.977 6.145 -1.732
2.998 6.14 -1.733
3.032 6.16 -1.742
3.035 6.117 -1.732
3.042 6.083 -1.725
3.058 6.067 -1.723
3.06 6.047 -1.718
3.081 6.04 -1.719
3.092 6.015 -1.715
3.107 5.999 -1.712
3.127 5.99 -1.713
3.129 5.948 -1.703
3.148 7.405 -1.741
3.151 7.348 -1.729
3.17 7.33 -1.727
3.185 7.332 -1.729
3.201 7.306 -1.725
3.2 7.24 -1.711
3.21 7.202 -1.703
3.203 7.126 -1.687
3.2 8.963 -1.718
3.213 8.91 -1.709
3.234 8.88 -1.705
3.241 8.814 -1.694
3.27 8.808 -1.695
3.269 8.762 -1.686
3.271 8.684 -1.672
3.276 8.613 -1.66
3.292 10.844 -1.674
3.312 10.787 -1.667
3.327 10.714 -1.656
3.354 10.684 -1.653
3.355 10.568 -1.635
3.361 10.475 -1.622
3.565 13.69 -1.61
3.592 13.617 -1.602
3.554 13.389 -1.572
3.561 13.248 -1.555
7.778 12.283 -1.317
7.802 12.235 -1.314
7.83 12.195 -1.312
7.875 12.18 -1.314
7.906 12.144 -1.312
7.9 12.093 -1.307
7.922 12.045 -1.305
7.952 12.008 -1.303
7.966 11.947 -1.299
7.992 11.906 -1.296
8.032 11.884 -1.297
8.033 11.806 -1.29
8.05 11.792 -1.29
8.061 11.728 -1.285
8.06 11.648 -1.278
8.056 11.565 -1.271
8.059 11.493 -1.265
8.14 13.299 -1.05
8.099 13.186 -1.04
8.109 13.11 -1.036
8.109 13.018 -1.029
8.107 12.925 -1.023
8.11 12.841 -1.017
8.101 12.738 -1.01
8.112 12.667 -1.006
8.083 12.579 -0.998
8.181 15.302 -0.778
8.176 15.178 -0.772
8.158 15.09 -0.767
8.15 14.963 -0.76
8.16 14.869 -0.756
8.15 14.742 -0.75
8.148 14.629 -0.744
8.156 14.537 -0.74
8.13 14.437 -0.734
8.132 14.335 -0.729
8.133 14.234 -0.724
