2.75378 0.121919 -0.0138465 0.000433404
2.423 2.117 -1.27
2.398 2.082 -1.252
2.363 2.038 -1.228
2.326 1.993 -1.204
2.288 1.947 -1.178
2.284 1.938 -1.174
2.261 1.905 -1.158
2.981 3.863 -1.734
2.977 3.845 -1.728
2.981 3.825 -1.723
2.993 3.816 -1.723
2.996 3.796 -1.718
3 3.777 -1.713
3.01 3.764 -1.711
3.011 3.742 -1.705
3.019 3.74 -1.706
3.031 3.73 -1.706
3.039 3.716 -1.704
3.048 3.704 -1.703
3.067 3.703 -1.707
3.07 3.683 -1.702
3.081 3.672 -1.701
3.089 3.67 -1.703
3.095 3.655 -1.7
3.102 3.639 -1.697
3.111 3.627 -1.696
3.12 3.614 -1.694
3.125 3.597 -1.691
3.133 3.595 -1.692
3.136 3.576 -1.687
3.143 3.562 -1.685
3.152 3.549 -1.684
3.158 3.533 -1.681
2.354 2.348 -1.074
2.351 2.33 -1.068
2.352 2.317 -1.066
2.356 2.306 -1.064
2.347 2.283 -1.056
2.356 2.284 -1.058
2.346 2.261 -1.05
2.348 2.249 -1.048
2.363 2.249 -1.052
2.368 2.239 -1.05
2.368 2.225 -1.047
2.35 2.202 -1.037
2.357 2.195 -1.037
2.346 2.171 -1.028
2.368 2.178 -1.035
2.346 2.144 -1.021
2.365 2.148 -1.027
2.352 2.123 -1.018
2.35 2.114 -1.015
2.341 2.093 -1.008
2.345 2.083 -1.006
2.523 2.334 -0.979
2.52 2.318 -0.975
2.525 2.307 -0.973
2.516 2.285 -0.967
2.512 2.267 -0.962
2.517 2.264 -0.963
2.5 2.235 -0.952
2.503 2.223 -0.95
2.51 2.216 -0.95
2.501 2.194 -0.944
2.497 2.177 -0.939
2.514 2.185 -0.945
2.497 2.157 -0.935
2.494 2.141 -0.931
2.505 2.136 -0.933
2.493 2.113 -0.925
2.492 2.099 -0.922
2.904 8.778 -1.666
2.929 8.762 -1.664
2.923 8.699 -1.652
2.942 8.664 -1.647
2.968 8.653 -1.647
2.994 8.64 -1.646
3.005 8.584 -1.636
3.043 8.604 -1.642
3.054 8.592 -1.641
3.074 8.564 -1.637
3.098 8.545 -1.635
3.118 8.517 -1.631
3.119 8.439 -1.617
3.15 8.44 -1.62
3.168 8.408 -1.615
2.868 10.77 -1.645
2.881 10.752 -1.642
2.903 10.699 -1.635
2.93 10.665 -1.631
2.96 10.643 -1.629
2.987 10.612 -1.625
3.024 10.614 -1.627
3.05 10.58 -1.623
3.059 10.547 -1.619
3.076 10.484 -1.61
3.099 10.438 -1.604
3.126 10.41 -1.601
3.157 10.396 -1.6
3.182 10.361 -1.596
3.192 10.334 -1.592
2.847 13.729 -1.594
2.878 13.662 -1.586
2.866 13.502 -1.566
2.878 13.35 -1.547
2.904 13.273 -1.538
