-6.21783 0.147052 -0.0142436 0.000359283
-5.928 3.471 -1.743
-5.92 3.491 -1.744
-5.913 3.512 -1.745
-5.912 3.524 -1.747
-5.899 3.542 -1.747
-5.892 3.562 -1.748
-5.885 3.584 -1.749
-5.867 3.598 -1.747
-5.868 3.624 -1.751
-5.843 3.634 -1.747
-5.833 3.653 -1.747
-5.836 3.668 -1.75
-5.824 3.686 -1.75
-5.83 3.715 -1.755
-5.817 3.733 -1.755
-5.823 3.762 -1.761
-5.831 3.793 -1.767
-5.838 3.811 -1.771
-5.819 3.825 -1.769
-5.833 3.86 -1.777
-5.827 3.883 -1.78
-5.822 3.905 -1.782
-5.822 3.932 -1.786
-5.821 3.958 -1.789
-5.81 3.964 -1.788
-5.818 3.996 -1.795
-5.822 4.025 -1.8
-5.818 5.707 -1.765
-5.819 5.744 -1.771
-5.811 5.772 -1.774
-5.808 5.805 -1.779
-5.797 5.83 -1.781
-5.804 5.875 -1.79
-5.809 5.898 -1.794
-5.801 5.927 -1.798
-5.795 5.958 -1.802
-5.798 5.998 -1.809
-5.798 6.036 -1.816
-5.776 7.802 -1.755
-5.784 7.838 -1.761
-5.781 7.886 -1.769
-5.779 7.934 -1.776
-5.773 7.979 -1.782
-5.77 8.028 -1.79
-5.769 8.079 -1.798
-5.754 8.112 -1.801
-5.751 8.135 -1.804
-5.735 8.166 -1.807
-5.936 10.167 -1.744
-5.936 10.241 -1.754
-5.947 10.335 -1.768
-5.959 10.392 -1.777
-6.043 10.614 -1.814
-6.059 10.721 -1.83
-9.591 8.845 -1.161
-9.631 8.938 -1.171
-9.701 9.032 -1.183
-9.751 9.136 -1.194
-9.815 9.254 -1.208
-9.872 9.367 -1.22
-5.629 24.695 -1.665
-5.6 24.745 -1.668
-5.554 24.904 -1.679
-5.527 25.153 -1.696
-5.506 25.441 -1.717
-5.458 25.607 -1.728
-5.392 25.692 -1.733
