6.32332 -0.514391 0.100144 -0.00579698
5.488 3.853 -1.699
5.5 3.836 -1.699
5.499 3.81 -1.695
5.493 3.78 -1.689
5.493 3.767 -1.687
5.497 3.745 -1.684
5.501 3.722 -1.682
5.501 3.697 -1.678
5.494 3.667 -1.672
5.499 3.645 -1.669
5.506 3.638 -1.67
5.509 3.615 -1.667
5.495 3.581 -1.659
5.509 3.566 -1.66
5.507 3.54 -1.656
5.506 3.514 -1.652
5.508 3.492 -1.649
5.498 3.473 -1.644
5.527 5.546 -1.691
5.527 5.511 -1.685
5.539 5.488 -1.683
5.543 5.475 -1.682
5.54 5.437 -1.675
5.544 5.407 -1.671
5.561 5.39 -1.671
5.553 5.348 -1.663
5.547 5.309 -1.655
5.552 5.28 -1.652
5.545 5.257 -1.647
5.549 5.227 -1.643
5.563 5.207 -1.642
5.549 5.162 -1.632
5.758 7.319 -1.679
5.777 7.297 -1.677
5.792 7.268 -1.675
5.8 7.231 -1.67
5.799 7.207 -1.666
5.795 7.155 -1.658
5.781 7.092 -1.647
5.795 7.063 -1.644
5.809 7.036 -1.642
5.829 7.015 -1.641
5.847 6.992 -1.64
5.862 6.987 -1.641
5.881 6.966 -1.641
5.878 6.917 -1.633
5.881 6.876 -1.627
