-5.17192 -0.0506808 0.00621159 -9.35996e-05
-5.829 1.299 -1.5
-5.876 1.328 -1.514
-5.879 1.349 -1.516
-5.952 1.375 -1.537
-5.931 1.39 -1.532
-5.932 1.41 -1.534
-5.933 1.43 -1.535
-5.925 1.447 -1.534
-5.934 1.469 -1.538
-5.944 1.491 -1.542
-5.897 1.49 -1.53
-5.898 1.509 -1.531
-5.887 1.527 -1.53
-5.914 1.553 -1.538
-5.926 1.576 -1.543
-5.975 1.609 -1.558
-5.953 1.623 -1.554
-5.958 1.635 -1.556
-5.884 1.635 -1.536
-5.924 1.665 -1.549
-5.935 1.689 -1.554
-5.297 5.281 -1.609
-5.305 5.305 -1.615
-5.301 5.334 -1.619
-5.295 5.362 -1.623
-5.294 5.395 -1.628
-5.288 5.423 -1.632
-5.289 5.458 -1.637
-5.284 5.487 -1.641
-5.288 5.508 -1.646
-5.286 5.541 -1.651
-5.277 5.566 -1.654
-5.276 5.6 -1.659
-5.266 5.625 -1.662
-5.273 7.08 -1.585
-5.273 7.126 -1.592
-5.266 7.163 -1.597
-5.266 7.21 -1.604
-5.253 7.241 -1.608
-5.256 7.292 -1.616
-5.244 7.325 -1.62
-5.256 7.365 -1.627
-5.244 7.397 -1.631
-5.237 7.436 -1.636
-5.22 9.144 -1.547
-5.214 9.2 -1.554
-5.204 9.249 -1.56
-5.204 9.317 -1.569
-5.207 9.357 -1.575
-5.199 9.412 -1.582
-5.179 9.445 -1.585
-5.147 9.458 -1.585
-5.133 9.502 -1.59
-5.119 9.548 -1.595
-5.102 9.588 -1.599
-5.101 9.622 -1.604
-14.795 0.931999 -1.621
-14.862 1.241 -1.632
-14.935 1.295 -1.641
-14.988 1.346 -1.648
-15.009 1.396 -1.651
-15.059 1.424 -1.658
-15.06 1.472 -1.658
-15.132 1.527 -1.668
-15.106 1.572 -1.665
-15.146 1.625 -1.671
-15.19 1.678 -1.677
-4.73 16.338 -1.47
-4.714 16.475 -1.483
-4.693 16.597 -1.494
-4.708 16.75 -1.509
-4.687 16.878 -1.52
-4.654 16.963 -1.528
-4.61 17.013 -1.531
-4.314 21.584 -1.421
-4.286 21.801 -1.436
-4.25 21.979 -1.448
-4.201 22.1 -1.456
-4.181 22.185 -1.462
-4.135 22.322 -1.471
-4.067 22.35 -1.473
-3.441 30.358 -1.331
-3.39 30.764 -1.35
-3.309 30.925 -1.358
-3.311 31.407 -1.382
-3.232 31.602 -1.391
