5.80432 -0.339473 0.0773786 -0.00217613
5.612 5.354 -1.674
5.607 5.316 -1.667
5.607 5.282 -1.661
5.605 5.247 -1.655
5.593 5.22 -1.649
5.596 5.189 -1.645
5.589 5.15 -1.637
5.584 5.113 -1.631
5.59 5.086 -1.627
5.588 5.053 -1.622
8.081 3.017 -1.546
7.986 2.967 -1.525
8.054 2.964 -1.537
7.992 2.912 -1.522
7.984 2.881 -1.519
8.099 2.894 -1.541
8.054 2.849 -1.53
7.994 2.8 -1.516
7.901 2.753 -1.495
6.172 30.249 -1.347
6.211 30.198 -1.344
6.292 30.11 -1.341
6.371 30.018 -1.337
6.451 29.929 -1.334
6.534 29.86 -1.331
6.62 29.802 -1.329
6.71 29.768 -1.329
6.751 29.73 -1.327
6.84 29.691 -1.326
6.93 29.654 -1.326
7.017 29.607 -1.324
7.111 29.59 -1.325
7.201 29.554 -1.324
7.24 29.512 -1.322
7.32 29.44 -1.32
7.398 29.359 -1.317
7.478 29.287 -1.314
7.554 29.2 -1.311
7.637 29.145 -1.309
7.726 29.109 -1.309
7.763 29.064 -1.307
7.859 29.059 -1.308
7.947 29.021 -1.307
8.035 28.984 -1.307
8.118 28.93 -1.305
8.188 28.831 -1.301
8.253 28.717 -1.297
8.316 28.765 -1.3
8.397 28.709 -1.298
8.475 28.642 -1.296
