-4.96046 -0.0795427 0.0065799 -8.35944e-05
-5.174 2.332 -1.635
-5.175 2.352 -1.638
-5.175 2.372 -1.64
-5.175 2.391 -1.643
-5.169 2.408 -1.643
-5.177 2.422 -1.648
-5.171 2.439 -1.648
-5.174 2.46 -1.652
-5.178 2.482 -1.656
-5.17 2.498 -1.656
-5.173 2.52 -1.659
-5.163 2.535 -1.659
-5.165 2.556 -1.662
-5.172 2.569 -1.666
-5.164 2.586 -1.666
-5.169 2.609 -1.671
-5.168 2.628 -1.673
-5.171 2.651 -1.677
-5.168 2.67 -1.679
-5.167 2.679 -1.68
-5.167 2.7 -1.683
-5.164 2.719 -1.685
-5.164 2.74 -1.688
-5.169 2.763 -1.692
-5.162 2.78 -1.693
-5.967 0.447 -1.503
-5.979 0.466 -1.507
-5.996 0.487 -1.512
-6.051 0.51 -1.527
-6.078 0.531 -1.535
-6.116 0.544 -1.545
-6.143 0.566 -1.553
-6.147 0.586 -1.555
-6.143 0.605 -1.554
-6.141 0.624 -1.554
-5.238 5.491 -1.635
-5.241 5.528 -1.641
-5.24 5.545 -1.644
-5.237 5.577 -1.649
-5.232 5.606 -1.653
-5.226 5.635 -1.657
-5.226 5.67 -1.663
-5.232 5.713 -1.671
-5.214 5.729 -1.671
-5.224 5.759 -1.678
-5.232 5.804 -1.687
-5.249 7.355 -1.625
-5.241 7.392 -1.63
-5.231 7.428 -1.635
-5.245 7.473 -1.643
-5.24 7.515 -1.649
-5.237 7.561 -1.656
-5.229 7.601 -1.662
-5.226 7.647 -1.669
-5.212 7.678 -1.672
-5.207 7.723 -1.679
-5.198 7.737 -1.68
-5.211 9.504 -1.596
-5.209 9.571 -1.605
-5.214 9.615 -1.612
-5.212 9.684 -1.621
-5.206 9.747 -1.63
-5.199 9.807 -1.637
-5.193 9.87 -1.646
-5.168 9.897 -1.648
-5.147 9.934 -1.651
-5.069 12.873 -1.57
-5.06 12.968 -1.581
-5.05 13.065 -1.592
-5.04 13.161 -1.603
-5.025 13.249 -1.613
-5.004 13.319 -1.62
-4.966 13.346 -1.622
-4.845 17.03 -1.539
-4.829 17.179 -1.553
-4.811 17.321 -1.565
-4.793 17.468 -1.579
-4.775 17.618 -1.593
-4.755 17.656 -1.596
-4.398 22.554 -1.492
-4.368 22.779 -1.508
-4.332 22.981 -1.522
-4.301 23.212 -1.538
-4.254 23.367 -1.549
-4.191 23.441 -1.553
-4.156 23.455 -1.554
-2.962 35.493 -1.381
-2.871 35.754 -1.392
-2.79 36.173 -1.41
-2.714 36.701 -1.433
-2.666 36.837 -1.439
-2.588 37.398 -1.464
-2.469 37.386 -1.463
-2.354 37.425 -1.464
-9.587 52.413 -0.912
-9.559 52.731 -0.919
-9.441 53.028 -0.924
-9.389 53.712 -0.938
-9.269 54.027 -0.944
-9.143 54.318 -0.95
-9.067 54.924 -0.962
