-3.65433 -0.17108 0.00810915 -0.000130339
-4.115 2.148 -1.644
-4.125 2.161 -1.65
-4.128 2.18 -1.654
-4.129 2.197 -1.657
-4.126 2.212 -1.659
-4.128 2.23 -1.663
-4.13 2.247 -1.667
-4.129 2.264 -1.669
-4.13 2.273 -1.672
-4.131 2.291 -1.675
-4.126 2.305 -1.676
-4.14 2.33 -1.685
-4.134 2.344 -1.686
-4.131 2.359 -1.688
-4.126 2.373 -1.689
-4.136 2.388 -1.695
-5.259 0.379 -1.51
-5.265 0.396 -1.513
-5.298 0.415 -1.523
-5.333 0.435 -1.535
-5.316 0.45 -1.53
-5.328 0.468 -1.534
-5.324 0.476 -1.533
-5.336 0.494 -1.537
-5.349 0.512 -1.542
-5.34 0.528 -1.539
-5.333 0.544 -1.538
-5.34 0.562 -1.541
-5.318 0.577 -1.534
-5.339 0.588 -1.541
-5.37 0.608 -1.551
-5.362 0.624 -1.549
-5.366 0.642 -1.551
-5.404 0.663 -1.564
-4.408 4.641 -1.616
-4.408 4.67 -1.622
-4.41 4.687 -1.625
-4.417 4.724 -1.634
-4.412 4.748 -1.638
-4.413 4.779 -1.644
-4.408 4.804 -1.649
-4.417 4.843 -1.658
-4.414 4.856 -1.66
-4.401 4.873 -1.661
-4.403 4.905 -1.668
-4.491 5.792 -1.575
-4.51 5.854 -1.589
-4.507 5.888 -1.595
-4.505 5.924 -1.601
-4.52 5.981 -1.613
-4.504 6 -1.615
-4.504 6.039 -1.622
-4.523 6.084 -1.633
-4.633 7.519 -1.585
-4.622 7.554 -1.59
-4.639 7.635 -1.605
-4.626 7.668 -1.609
-4.633 7.735 -1.621
-4.629 7.783 -1.629
-4.612 7.809 -1.631
-4.612 7.837 -1.636
-4.746 9.527 -1.565
-4.744 9.596 -1.575
-4.761 9.669 -1.586
-4.756 9.736 -1.595
-4.752 9.806 -1.605
-4.739 9.856 -1.611
-4.722 9.901 -1.617
-15.265 3.236 -1.716
-15.28 3.29 -1.72
-15.287 3.341 -1.722
-15.303 3.37 -1.724
-15.314 3.423 -1.727
-15.334 3.478 -1.731
-15.342 3.53 -1.734
-15.36 3.585 -1.737
-15.362 3.637 -1.739
-15.38 3.692 -1.743
-15.399 3.722 -1.746
-15.412 3.777 -1.749
-15.425 3.831 -1.752
-15.442 3.887 -1.756
-15.449 3.94 -1.758
-15.475 3.999 -1.763
-15.492 4.029 -1.766
-15.487 4.079 -1.767
-4.873 16.35 -1.476
-4.866 16.512 -1.491
-4.858 16.678 -1.506
-4.876 16.839 -1.522
-4.869 17.013 -1.538
-4.844 17.127 -1.548
-4.801 17.183 -1.552
-4.747 17.196 -1.552
-4.841 21.724 -1.439
-4.823 21.967 -1.456
-4.837 22.194 -1.472
-4.819 22.451 -1.491
-4.789 22.656 -1.505
-4.731 22.733 -1.51
-13.029 32.456 -1.352
-12.935 32.517 -1.353
-12.748 32.643 -1.355
-12.7 32.826 -1.362
-12.716 33.021 -1.37
-12.678 33.233 -1.378
-12.639 33.446 -1.387
-12.56 33.557 -1.39
-12.458 33.606 -1.39
-12.449 33.907 -1.403
-12.398 33.932 -1.403
-10.12 52.974 -0.926
-10.041 53.473 -0.936
-9.909 53.701 -0.94
-9.88 54.02 -0.946
-9.842 54.783 -0.962
-9.712 55.058 -0.967
-9.56 55.21 -0.97
-9.458 55.662 -0.979
