8.06374 -1.00401 0.116655 -0.00283174
2.803 3.485 -1.768
2.778 3.4 -1.734
2.787 3.388 -1.732
2.784 3.364 -1.724
2.789 3.348 -1.72
2.789 3.327 -1.713
5.512 3.642 -1.672
5.504 3.612 -1.666
5.509 3.59 -1.664
5.504 3.562 -1.658
5.514 3.544 -1.658
5.497 3.521 -1.651
5.506 3.502 -1.65
5.512 3.482 -1.649
5.504 3.452 -1.642
5.505 3.429 -1.639
5.509 3.407 -1.637
5.506 3.382 -1.633
5.508 3.371 -1.632
5.509 3.348 -1.629
5.51 3.325 -1.625
5.509 3.3 -1.622
5.613 5.406 -1.682
5.596 5.373 -1.674
5.609 5.351 -1.673
5.6 5.309 -1.664
5.601 5.277 -1.66
5.598 5.241 -1.653
5.604 5.214 -1.65
5.598 5.175 -1.643
5.572 5.134 -1.632
8.083 3.105 -1.552
8.049 3.063 -1.543
8.036 3.029 -1.538
8.081 3.017 -1.546
7.995 2.956 -1.526
8.063 2.953 -1.538
7.992 2.912 -1.522
7.977 2.879 -1.517
8.056 2.879 -1.532
8.045 2.846 -1.528
7.998 2.801 -1.516
7.868 2.727 -1.488
6.183 30.304 -1.349
6.266 30.222 -1.346
6.346 30.131 -1.343
6.377 30.045 -1.339
6.458 29.962 -1.335
6.543 29.903 -1.333
6.63 29.849 -1.332
6.717 29.799 -1.33
6.804 29.746 -1.329
6.894 29.711 -1.328
6.937 29.687 -1.327
7.021 29.626 -1.325
7.115 29.608 -1.325
7.205 29.572 -1.325
7.294 29.533 -1.324
7.373 29.454 -1.321
7.406 29.392 -1.318
7.483 29.307 -1.315
7.566 29.246 -1.313
7.642 29.162 -1.31
7.731 29.131 -1.31
7.818 29.089 -1.309
7.907 29.056 -1.308
7.951 29.036 -1.308
8.042 29.009 -1.308
8.128 28.968 -1.307
8.195 28.856 -1.303
8.274 28.79 -1.301
8.368 28.775 -1.301
8.451 28.726 -1.3
8.486 28.676 -1.298
8.567 28.621 -1.297
