-6.64681 0.59181 -0.0657045 0.00255485
-4.962 2.867 -1.652
-4.966 2.891 -1.657
-4.972 2.915 -1.662
-4.955 2.926 -1.659
-4.95 2.944 -1.661
-4.957 2.959 -1.665
-4.961 2.982 -1.67
-4.957 3 -1.672
-4.954 3.02 -1.674
-4.949 3.038 -1.676
-4.954 3.063 -1.681
-4.956 3.086 -1.685
-4.961 3.099 -1.689
-4.953 3.116 -1.689
-4.938 3.128 -1.688
-4.93 3.145 -1.688
-4.925 3.164 -1.69
-4.913 3.178 -1.689
-4.906 3.195 -1.691
-4.909 3.208 -1.694
-4.906 3.228 -1.696
-4.897 3.244 -1.697
-4.888 3.261 -1.697
-4.899 3.29 -1.705
-4.952 4.221 -1.645
-4.952 4.247 -1.65
-4.952 4.274 -1.654
-4.94 4.291 -1.655
-4.955 4.318 -1.663
-4.943 4.334 -1.663
-4.939 4.359 -1.667
-4.941 4.388 -1.673
-4.939 4.414 -1.677
-4.928 4.432 -1.678
-4.934 4.466 -1.685
-4.934 4.48 -1.688
-4.926 4.501 -1.69
-4.906 4.511 -1.688
-4.898 4.531 -1.69
-4.882 4.545 -1.689
-4.873 4.566 -1.692
-4.879 4.6 -1.699
-4.936 5.564 -1.6
-4.929 5.592 -1.604
-4.919 5.616 -1.606
-4.914 5.628 -1.608
-4.923 5.674 -1.617
-4.908 5.693 -1.618
-4.902 5.721 -1.622
-4.914 5.772 -1.633
-4.901 5.793 -1.635
-4.893 5.821 -1.638
-4.92 5.872 -1.651
-4.844 7.617 -1.623
-4.848 7.677 -1.633
-4.83 7.702 -1.636
-4.828 7.752 -1.644
-4.826 7.776 -1.647
-4.815 7.813 -1.652
-4.807 7.855 -1.658
-4.799 7.897 -1.665
-4.787 7.933 -1.669
-4.775 7.97 -1.674
-4.762 8.005 -1.679
-4.749 9.798 -1.604
-4.739 9.856 -1.611
-4.724 9.905 -1.617
-4.736 10.01 -1.633
-4.747 10.075 -1.643
-4.727 10.115 -1.648
-4.701 10.14 -1.65
-4.676 10.171 -1.652
-4.65 10.198 -1.655
-9.284 6.286 -1.235
-9.312 6.326 -1.241
-9.317 6.372 -1.244
-9.302 6.405 -1.245
-9.29 6.44 -1.246
-9.282 6.478 -1.249
-9.281 6.521 -1.252
-9.274 6.559 -1.254
-9.28 6.585 -1.256
-9.259 6.615 -1.256
-9.248 6.651 -1.258
-9.254 6.699 -1.262
-9.353 6.816 -1.281
-9.285 6.812 -1.274
-9.216 6.805 -1.266
-9.229 6.838 -1.27
-9.222 6.877 -1.272
-9.234 6.931 -1.277
-9.218 6.965 -1.278
-9.202 6.999 -1.279
-9.234 7.069 -1.288
-13.743 12.097 -1.598
-13.776 12.204 -1.608
-13.841 12.338 -1.621
-13.783 12.364 -1.618
-13.848 12.462 -1.63
-13.844 12.537 -1.634
-13.738 12.52 -1.626
-13.734 12.596 -1.63
-13.806 12.741 -1.645
-13.765 12.785 -1.645
-13.657 12.764 -1.636
-13.709 12.853 -1.646
-13.692 12.918 -1.649
-13.705 13.012 -1.656
-13.687 13.077 -1.659
-18.957 30.942 -1.618
-18.978 31.196 -1.63
-18.903 31.293 -1.632
-18.826 31.388 -1.634
-18.758 31.498 -1.637
-18.681 31.593 -1.639
-18.688 31.719 -1.645
-18.577 31.759 -1.644
-18.584 32 -1.654
-18.619 32.293 -1.668
-18.604 32.502 -1.677
