-4.86103 -0.0554021 0.00974332 -0.000274396
-4.956 4.171 -1.637
-4.953 4.195 -1.641
-4.939 4.209 -1.64
-4.952 4.247 -1.65
-4.943 4.267 -1.651
-4.938 4.29 -1.654
-4.945 4.323 -1.662
-4.947 4.338 -1.665
-4.948 4.366 -1.67
-4.95 4.396 -1.676
-4.936 4.412 -1.676
-4.927 4.431 -1.677
-4.939 4.47 -1.687
-4.944 5.539 -1.597
-4.935 5.563 -1.6
-4.933 5.596 -1.605
-4.913 5.609 -1.604
-4.913 5.644 -1.61
-4.925 5.676 -1.618
-4.914 5.7 -1.62
-4.905 5.726 -1.623
-4.917 5.775 -1.634
-4.907 5.801 -1.637
-4.9 5.83 -1.641
-4.915 5.866 -1.65
-4.844 7.617 -1.623
-4.84 7.663 -1.63
-4.832 7.705 -1.636
-4.82 7.738 -1.641
-4.817 7.789 -1.649
-4.81 7.804 -1.65
-4.807 7.855 -1.658
-4.808 7.912 -1.668
-4.794 7.945 -1.672
-4.779 7.977 -1.676
-4.747 9.795 -1.603
-4.735 9.849 -1.61
-4.751 9.962 -1.627
-4.742 10.023 -1.635
-4.727 10.073 -1.642
-4.714 10.086 -1.643
-4.696 10.13 -1.648
-4.675 10.168 -1.652
-4.651 10.2 -1.655
-13.799 12.07 -1.6
-13.858 12.198 -1.613
-13.855 12.274 -1.618
-13.854 12.35 -1.623
-13.866 12.439 -1.629
-13.816 12.434 -1.626
-13.751 12.453 -1.622
-13.822 12.597 -1.637
-13.819 12.674 -1.642
-13.766 12.705 -1.64
-13.732 12.753 -1.641
-13.708 12.811 -1.643
-13.722 12.866 -1.647
-13.71 12.935 -1.651
-13.722 13.028 -1.658
