-4.82725 -0.086046 0.0167183 -0.000741334
-4.955 4.196 -1.641
-4.952 4.221 -1.645
-4.943 4.24 -1.646
-4.95 4.273 -1.654
-4.95 4.3 -1.658
-4.938 4.317 -1.659
-4.95 4.341 -1.666
-4.945 4.364 -1.669
-4.931 4.379 -1.669
-4.938 4.413 -1.676
-4.932 4.436 -1.679
-4.921 4.454 -1.68
-4.92 4.481 -1.685
-4.93 4.504 -1.692
-4.922 5.673 -1.617
-4.934 5.722 -1.627
-4.911 5.732 -1.625
-4.899 5.754 -1.627
-4.911 5.805 -1.638
-4.897 5.825 -1.64
-4.886 5.849 -1.642
-4.913 5.9 -1.655
-4.903 5.926 -1.659
-4.901 5.961 -1.664
-4.9 5.999 -1.671
-4.838 7.66 -1.63
-4.838 7.713 -1.638
-4.83 7.755 -1.644
-4.816 7.787 -1.648
-4.817 7.816 -1.653
-4.811 7.861 -1.66
-4.811 7.917 -1.669
-4.798 7.952 -1.674
-4.779 7.977 -1.676
-4.768 8.016 -1.681
-4.763 9.75 -1.598
-4.754 9.809 -1.606
-4.743 9.865 -1.613
-4.754 9.967 -1.628
-4.749 10.037 -1.638
-4.724 10.066 -1.641
-4.721 10.101 -1.645
-4.702 10.142 -1.65
-4.681 10.182 -1.654
-18.838 31.407 -1.635
-18.744 31.474 -1.636
-18.706 31.636 -1.642
-18.625 31.726 -1.644
-18.645 31.874 -1.65
-18.877 32.504 -1.684
-18.774 32.561 -1.684
-18.677 32.631 -1.684
-18.634 32.793 -1.69
