-4.99356 -0.0503814 0.00748415 -0.000191329
-5.087 2.508 -1.634
-5.088 2.528 -1.637
-5.092 2.55 -1.641
-5.086 2.557 -1.64
-5.086 2.577 -1.643
-5.092 2.6 -1.648
-5.096 2.622 -1.652
-5.077 2.633 -1.649
-5.088 2.659 -1.655
-5.083 2.667 -1.655
-5.08 2.685 -1.657
-5.078 2.705 -1.659
-5.085 2.729 -1.665
-5.087 2.75 -1.668
-5.081 2.768 -1.669
-5.076 2.786 -1.671
-5.08 2.798 -1.674
-5.066 2.812 -1.672
-5.076 2.838 -1.678
-5.073 2.857 -1.681
-5.069 2.876 -1.682
-5.067 2.896 -1.685
-5.055 2.91 -1.684
-5.063 2.925 -1.688
-5.102 3.81 -1.607
-5.104 3.837 -1.612
-5.102 3.861 -1.616
-5.089 3.876 -1.615
-5.089 3.901 -1.619
-5.084 3.923 -1.622
-5.095 3.956 -1.63
-5.099 3.973 -1.633
-5.093 3.993 -1.635
-5.08 4.009 -1.635
-5.086 4.04 -1.642
-5.087 4.066 -1.646
-5.081 4.088 -1.649
-5.08 4.114 -1.653
-5.085 4.131 -1.657
-5.085 4.157 -1.662
-5.086 5.35 -1.587
-5.082 5.378 -1.591
-5.083 5.414 -1.597
-5.086 5.434 -1.601
-5.075 5.457 -1.603
-5.081 5.497 -1.611
-5.069 5.518 -1.613
-5.071 5.556 -1.619
-5.067 5.586 -1.624
-5.066 5.621 -1.63
-5.062 5.634 -1.632
-5.066 5.674 -1.639
-5.027 7.212 -1.577
-5.045 7.261 -1.587
-5.035 7.296 -1.592
-5.007 7.304 -1.59
-4.992 7.331 -1.593
-4.976 7.358 -1.595
-4.972 7.401 -1.602
-4.943 7.409 -1.6
-4.95 7.444 -1.606
-4.951 7.496 -1.615
-4.945 7.539 -1.621
-4.941 7.584 -1.628
-4.984 9.126 -1.526
-4.98 9.187 -1.534
-4.976 9.248 -1.542
-4.982 9.294 -1.549
-4.974 9.349 -1.556
-4.967 9.407 -1.564
-4.964 9.473 -1.573
-4.957 9.532 -1.581
-4.804 12.367 -1.498
-4.787 12.44 -1.506
-4.795 12.579 -1.522
-4.789 12.683 -1.535
-4.778 12.774 -1.545
-4.753 12.832 -1.551
-4.743 12.866 -1.554
-4.767 16.369 -1.474
-4.766 16.556 -1.492
-4.772 16.676 -1.504
-4.766 16.854 -1.52
-4.735 16.945 -1.528
-4.689 16.987 -1.531
-4.63 16.98 -1.529
-13.759 17.253 -1.425
-13.79 17.404 -1.435
-13.8 17.528 -1.442
-13.808 17.595 -1.447
-13.734 17.615 -1.445
-13.746 17.745 -1.453
-13.696 17.796 -1.453
-13.667 17.873 -1.457
-13.711 18.048 -1.469
-13.731 18.193 -1.478
-31.236 23.686 -1.54
-31.245 23.77 -1.543
-31.537 24.149 -1.563
-31.96 24.634 -1.591
-9.524 60.05 -1.07
-9.403 60.514 -1.079
-9.217 60.575 -1.08
-9.092 61.039 -1.089
-8.959 61.473 -1.098
-8.816 61.855 -1.105
-8.754 62.122 -1.11
-8.606 62.494 -1.118
-8.467 62.949 -1.127
