-4.08066 -0.147861 0.00899794 -0.00017898
-5.071 1.191 -1.491
-5.136 1.223 -1.513
-5.147 1.243 -1.518
-5.207 1.274 -1.538
-5.227 1.296 -1.545
-5.247 1.31 -1.552
-5.247 1.327 -1.554
-5.25 1.346 -1.556
-5.242 1.361 -1.555
-4.656 4.296 -1.598
-4.68 4.332 -1.61
-4.671 4.35 -1.611
-4.668 4.375 -1.616
-4.665 4.399 -1.619
-4.673 4.435 -1.628
-4.659 4.45 -1.628
-4.663 4.482 -1.634
-4.672 4.504 -1.64
-4.669 4.529 -1.644
-4.677 4.565 -1.653
-4.675 4.592 -1.657
-4.738 5.747 -1.602
-4.744 5.772 -1.608
-4.754 5.822 -1.618
-4.745 5.847 -1.621
-4.741 5.88 -1.627
-4.751 5.93 -1.637
-4.737 5.951 -1.639
-4.735 5.987 -1.645
-4.746 6.02 -1.653
-4.815 7.495 -1.6
-4.809 7.536 -1.606
-4.808 7.588 -1.615
-4.808 7.639 -1.623
-4.814 7.677 -1.63
-4.822 7.742 -1.641
-4.813 7.782 -1.647
-4.811 7.834 -1.655
-4.883 9.537 -1.576
-4.88 9.605 -1.586
-4.879 9.677 -1.596
-4.892 9.741 -1.606
-4.889 9.811 -1.615
-4.878 9.867 -1.623
-4.857 9.902 -1.626
-4.834 9.933 -1.629
-4.893 12.775 -1.55
-4.907 12.874 -1.563
-4.902 12.984 -1.576
-4.897 13.094 -1.589
-4.889 13.201 -1.601
-4.854 13.233 -1.603
-4.823 13.278 -1.607
-4.79 13.317 -1.611
-4.924 16.709 -1.511
-4.916 16.877 -1.526
-4.901 17.022 -1.54
-4.888 17.181 -1.554
-4.868 17.315 -1.566
-4.865 17.409 -1.575
-4.814 17.438 -1.577
-29.695 13.519 -2.043
-29.681 13.626 -2.045
-29.716 13.699 -2.049
-29.709 13.809 -2.052
-29.7 13.918 -2.055
-29.678 14.022 -2.056
-29.684 14.139 -2.06
-29.668 14.246 -2.062
-29.68 14.367 -2.067
-29.713 14.441 -2.071
-29.715 14.557 -2.074
-29.703 14.667 -2.077
-29.696 14.78 -2.08
-29.678 14.887 -2.082
-29.789 15.061 -2.094
-12.593 32.855 -1.361
-12.562 33.085 -1.37
-12.412 33 -1.365
-12.386 33.089 -1.368
-12.338 33.282 -1.375
-12.304 33.511 -1.384
-12.261 33.723 -1.392
-12.223 33.949 -1.401
-12.161 34.114 -1.407
-12.112 34.317 -1.415
-9.323 55.928 -0.984
-9.322 57.032 -1.007
-9.153 57.124 -1.008
-9.031 57.52 -1.016
-8.957 57.637 -1.018
-8.841 58.092 -1.027
-8.712 58.484 -1.035
-8.563 58.748 -1.04
