6.5548 -0.581149 0.0883118 -0.00229851
5.611 5.286 -1.663
5.597 5.239 -1.653
5.587 5.198 -1.645
5.601 5.177 -1.644
5.591 5.136 -1.636
5.587 5.1 -1.629
5.58 5.077 -1.624
5.577 5.042 -1.618
5.582 5.015 -1.615
5.601 5 -1.616
5.605 4.972 -1.613
5.611 4.946 -1.609
8.412 2.111 -1.555
8.415 2.083 -1.554
8.34 2.051 -1.538
8.316 2.017 -1.532
8.286 1.982 -1.525
8.263 1.949 -1.519
8.287 1.927 -1.523
8.184 1.876 -1.501
6.18 30.29 -1.349
6.262 30.206 -1.345
6.344 30.122 -1.342
6.421 30.019 -1.338
6.504 29.95 -1.335
6.54 29.889 -1.333
6.627 29.837 -1.331
6.715 29.789 -1.33
6.802 29.741 -1.328
6.89 29.694 -1.327
6.986 29.684 -1.328
7.024 29.636 -1.326
7.123 29.639 -1.327
7.204 29.566 -1.324
7.293 29.529 -1.324
7.372 29.452 -1.321
7.45 29.371 -1.318
7.527 29.287 -1.315
7.563 29.237 -1.313
7.642 29.162 -1.31
7.73 29.127 -1.31
7.817 29.085 -1.309
7.911 29.068 -1.309
7.999 29.033 -1.309
8.086 28.993 -1.308
8.124 28.953 -1.306
8.189 28.835 -1.302
8.275 28.794 -1.301
8.368 28.775 -1.301
8.45 28.72 -1.3
8.528 28.655 -1.298
