-8.18506 1.71967 -0.273701 0.0136545
-4.947 4.217 -1.643
-4.956 4.251 -1.651
-4.949 4.272 -1.653
-4.946 4.296 -1.657
-4.947 4.324 -1.662
-4.94 4.346 -1.665
-4.944 4.363 -1.668
-4.944 4.391 -1.674
-4.935 4.41 -1.675
-4.935 4.439 -1.68
-4.929 4.461 -1.683
-4.925 4.485 -1.687
-4.915 4.504 -1.688
-4.922 4.525 -1.694
-4.913 5.644 -1.61
-4.931 5.701 -1.623
-4.926 5.713 -1.624
-4.909 5.73 -1.625
-4.915 5.774 -1.633
-4.905 5.798 -1.636
-4.9 5.83 -1.641
-4.908 5.876 -1.65
-4.899 5.902 -1.654
-4.903 5.926 -1.659
-4.909 5.972 -1.668
-4.844 7.67 -1.632
-4.836 7.712 -1.638
-4.834 7.762 -1.646
-4.824 7.8 -1.651
-4.801 7.817 -1.652
-4.81 7.86 -1.66
-4.818 7.928 -1.672
-4.8 7.955 -1.674
-4.782 7.982 -1.677
-4.774 8.026 -1.684
-4.791 9.692 -1.592
-4.767 9.719 -1.594
-4.762 9.748 -1.598
-4.756 9.813 -1.606
-4.753 9.886 -1.617
-4.752 9.963 -1.628
-4.745 10.03 -1.637
-4.73 10.079 -1.643
-18.776 31.528 -1.639
-18.727 31.672 -1.644
-18.652 31.772 -1.646
-18.625 31.955 -1.654
-18.945 32.621 -1.691
