-2.7055 -0.13383 0.000314584 7.73887e-05
-3.203 2.718 -1.654
-3.201 2.734 -1.658
-3.208 2.758 -1.666
-3.215 2.781 -1.675
-3.212 2.796 -1.678
-3.204 2.807 -1.679
-3.211 2.822 -1.685
-3.213 2.842 -1.691
-3.207 2.855 -1.692
-3.219 2.884 -1.705
-3.295 3.235 -1.635
-3.294 3.255 -1.64
-3.304 3.276 -1.648
-3.305 3.297 -1.654
-3.298 3.311 -1.656
-3.306 3.34 -1.666
-3.309 3.364 -1.673
-3.306 3.383 -1.677
-3.303 3.401 -1.681
-3.31 3.42 -1.689
-3.393 3.951 -1.653
-3.404 3.976 -1.662
-3.407 4.006 -1.671
-3.405 4.03 -1.676
-3.41 4.061 -1.685
-3.402 4.077 -1.688
-3.406 4.108 -1.697
-3.412 4.142 -1.707
-3.464 4.503 -1.637
-3.468 4.538 -1.646
-3.454 4.549 -1.646
-3.455 4.58 -1.654
-3.452 4.606 -1.66
-3.467 4.656 -1.675
-3.47 4.69 -1.684
-3.473 4.709 -1.689
-3.573 5.373 -1.63
-3.576 5.413 -1.64
-3.577 5.451 -1.649
-3.58 5.475 -1.654
-3.582 5.515 -1.664
-3.587 5.562 -1.675
-3.588 5.601 -1.684
-3.685 6.461 -1.6
-3.688 6.514 -1.611
-3.695 6.574 -1.624
-3.693 6.618 -1.632
-3.696 6.672 -1.644
-3.711 6.724 -1.656
-3.863 8.027 -1.6
-3.865 8.096 -1.612
-3.877 8.186 -1.629
-3.877 8.251 -1.641
-3.881 8.329 -1.655
-3.885 8.371 -1.662
-4.083 9.889 -1.574
-4.092 9.999 -1.59
-4.101 10.112 -1.608
-4.101 10.202 -1.621
-4.109 10.269 -1.631
-4.088 10.309 -1.636
-4.332 12.995 -1.553
-4.339 13.154 -1.572
-4.365 13.306 -1.592
-4.367 13.453 -1.61
-4.338 13.511 -1.616
-4.618 17.043 -1.534
-4.644 17.247 -1.554
-4.645 17.467 -1.575
-4.642 17.678 -1.595
-4.622 17.827 -1.609
-4.574 17.874 -1.612
-4.524 17.912 -1.614
-4.77 23.1 -1.537
-4.763 23.439 -1.561
-4.748 23.743 -1.583
-4.761 24.003 -1.602
-4.704 24.112 -1.609
-4.36 36.842 -1.446
-4.272 37.098 -1.457
-4.187 37.393 -1.47
-4.179 37.864 -1.491
-4.116 38.404 -1.514
-4.036 38.81 -1.532
-3.924 38.922 -1.536
-8.668 66.833 -1.208
-8.541 67.523 -1.222
-8.495 68.016 -1.232
-8.174 68.972 -1.251
-8.026 69.591 -1.264
