9.28577 -1.3376 0.137667 -0.00320885
5.71 2.606 -1.583
5.696 2.578 -1.576
5.677 2.548 -1.568
5.668 2.522 -1.563
5.681 2.506 -1.564
5.692 2.501 -1.566
5.691 2.479 -1.564
5.691 2.458 -1.562
5.687 2.435 -1.558
5.721 2.428 -1.566
5.759 2.423 -1.575
5.754 2.41 -1.572
5.751 2.388 -1.569
5.733 2.359 -1.562
5.676 2.315 -1.543
5.632 2.276 -1.527
5.613 5.338 -1.671
5.603 5.295 -1.663
5.604 5.263 -1.658
5.601 5.226 -1.651
5.587 5.198 -1.645
5.584 5.162 -1.638
5.596 5.14 -1.637
5.589 5.101 -1.63
5.582 5.063 -1.623
5.593 5.041 -1.621
5.591 5.023 -1.618
8.427 2.115 -1.558
8.417 2.084 -1.554
8.347 2.039 -1.539
8.332 2.007 -1.535
8.315 1.989 -1.531
8.242 1.944 -1.515
8.266 1.922 -1.519
8.163 1.871 -1.497
13.511 2.028 -1.548
13.313 1.956 -1.522
13.301 1.912 -1.519
13.262 1.863 -1.514
13.223 1.816 -1.508
13.279 1.802 -1.515
13.182 1.747 -1.501
13.195 1.706 -1.502
13.106 1.653 -1.49
5.945 30.353 -1.349
6.037 30.315 -1.348
6.129 30.28 -1.348
6.175 30.261 -1.347
6.257 30.182 -1.344
6.34 30.106 -1.341
6.417 30.002 -1.337
6.499 29.925 -1.334
6.584 29.861 -1.332
6.672 29.815 -1.331
6.711 29.772 -1.329
6.799 29.725 -1.328
6.891 29.698 -1.327
6.98 29.658 -1.326
7.073 29.636 -1.326
7.16 29.587 -1.325
7.2 29.55 -1.324
7.29 29.516 -1.323
7.363 29.413 -1.319
7.442 29.34 -1.316
7.524 29.276 -1.314
7.605 29.207 -1.312
7.684 29.137 -1.309
7.729 29.121 -1.309
7.812 29.068 -1.308
7.906 29.051 -1.308
7.998 29.028 -1.308
8.085 28.989 -1.308
8.164 28.919 -1.305
8.224 28.788 -1.3
8.272 28.784 -1.3
8.363 28.76 -1.3
8.442 28.695 -1.298
8.526 28.648 -1.297
8.611 28.603 -1.296
8.695 28.557 -1.295
