5.45073 0.0248866 -0.000473666 6.01575e-05
5.542 4.353 -1.792
5.543 4.326 -1.787
5.546 4.3 -1.784
5.542 4.268 -1.777
5.543 4.241 -1.773
5.556 4.224 -1.773
5.544 4.201 -1.767
5.547 4.176 -1.763
5.547 4.149 -1.759
5.548 4.122 -1.755
5.555 4.1 -1.753
5.56 4.077 -1.75
5.552 4.045 -1.743
5.554 4.032 -1.742
5.596 5.887 -1.758
5.576 5.847 -1.748
5.59 5.825 -1.747
5.607 5.806 -1.747
5.595 5.758 -1.737
5.602 5.729 -1.733
5.61 5.7 -1.729
5.596 5.651 -1.719
5.59 5.627 -1.714
5.605 5.606 -1.713
5.606 5.572 -1.708
5.659 7.885 -1.755
5.66 7.834 -1.747
5.663 7.787 -1.74
5.662 7.759 -1.735
5.658 7.704 -1.726
5.66 7.656 -1.719
5.659 7.603 -1.711
5.663 7.559 -1.704
5.694 10.108 -1.717
5.706 10.054 -1.71
5.706 9.981 -1.7
5.708 9.912 -1.691
5.708 9.841 -1.681
5.695 9.782 -1.672
5.7 9.72 -1.664
5.868 13.547 -1.689
5.852 13.394 -1.67
5.831 13.29 -1.657
5.813 13.136 -1.638
6.061 17.479 -1.617
6.104 17.426 -1.613
6.124 17.307 -1.603
6.111 17.098 -1.583
6.096 16.971 -1.571
6.118 16.867 -1.562
16.059 15.155 -1.426
16.037 15.039 -1.419
16.044 14.952 -1.415
16.033 14.847 -1.409
16.037 14.758 -1.405
16.028 14.703 -1.401
16.074 14.652 -1.401
16.102 14.586 -1.4
16.111 14.502 -1.396
16.144 14.44 -1.395
16.179 14.38 -1.394
16.184 14.294 -1.39
16.178 14.243 -1.387
16.158 14.136 -1.381
16.108 14.002 -1.371
7.619 33.568 -1.525
7.568 32.864 -1.49
7.543 32.29 -1.461
7.496 31.636 -1.429
7.509 31.471 -1.421
