-4.9923 -0.0328508 0.00774702 -0.000245384
-5.03 3.983 -1.62
-5.026 4.006 -1.623
-5.03 4.035 -1.629
-5.01 4.045 -1.627
-5.014 4.074 -1.632
-5.003 4.091 -1.633
-5 4.115 -1.636
-4.989 4.119 -1.635
-5.015 4.167 -1.649
-4.999 4.18 -1.647
-4.984 4.194 -1.647
-4.964 4.204 -1.644
-4.992 4.254 -1.659
-4.97 4.25 -1.654
-4.976 4.281 -1.661
-4.945 4.282 -1.654
-4.945 4.309 -1.659
-4.921 4.315 -1.655
-4.926 4.347 -1.662
-4.904 4.355 -1.659
-4.909 4.387 -1.666
-4.909 4.401 -1.668
-4.91 4.43 -1.674
-4.901 4.45 -1.676
-4.906 4.482 -1.683
-4.967 5.563 -1.604
-4.979 5.594 -1.612
-4.974 5.625 -1.616
-4.965 5.65 -1.619
-4.964 5.685 -1.625
-4.966 5.723 -1.632
-4.962 5.754 -1.637
-4.956 5.785 -1.641
-4.936 5.797 -1.641
-4.932 5.811 -1.642
-4.952 5.872 -1.656
-4.948 7.195 -1.566
-4.943 7.236 -1.572
-4.929 7.264 -1.575
-4.924 7.306 -1.581
-4.917 7.346 -1.587
-4.912 7.387 -1.593
-4.909 7.434 -1.6
-4.918 7.472 -1.608
-4.915 7.519 -1.615
-4.91 7.562 -1.621
-4.832 9.328 -1.543
-4.819 9.375 -1.549
-4.823 9.455 -1.56
-4.83 9.542 -1.573
-4.841 9.603 -1.582
-4.826 9.648 -1.588
-4.824 9.72 -1.598
-4.672 12.674 -1.528
-4.679 12.815 -1.546
-4.641 12.837 -1.547
-4.649 12.923 -1.557
-4.607 12.934 -1.557
-4.582 12.993 -1.563
-4.572 13.096 -1.575
-4.56 13.194 -1.586
-4.528 13.239 -1.59
-13.31 11.643 -1.537
-13.296 11.705 -1.54
-13.287 11.771 -1.543
-13.292 11.813 -1.547
-13.301 11.896 -1.553
-13.283 11.955 -1.555
-13.268 12.017 -1.558
-13.225 12.054 -1.557
-13.255 12.158 -1.566
-13.277 12.216 -1.572
-13.274 12.29 -1.577
-13.258 12.354 -1.58
-13.25 12.424 -1.584
-13.235 12.489 -1.587
-14.276 13.012 -1.222
-14.333 13.146 -1.232
-14.429 13.318 -1.245
-14.225 13.213 -1.229
-14.176 13.25 -1.228
-14.467 13.607 -1.262
-14.497 13.678 -1.267
-14.693 13.95 -1.292
-14.764 14.106 -1.303
-14.67 14.104 -1.298
-30.442 19.525 -1.612
-30.422 19.648 -1.615
-30.682 19.883 -1.632
-31.128 20.311 -1.663
