5.42763 -0.0580397 0.00561338 -7.58293e-05
5.235 4.483 -1.75
5.239 4.458 -1.746
5.194 4.391 -1.725
5.157 4.331 -1.707
5.176 4.32 -1.709
5.165 4.282 -1.7
5.16 4.251 -1.694
5.206 6.04 -1.724
5.215 6.012 -1.72
5.234 5.995 -1.72
5.231 5.954 -1.713
5.175 5.871 -1.69
5.192 5.853 -1.689
5.155 5.774 -1.67
5.37 7.841 -1.715
5.39 7.817 -1.714
5.393 7.768 -1.706
5.394 7.717 -1.698
5.389 7.684 -1.693
5.384 7.626 -1.683
5.391 7.585 -1.677
5.394 7.539 -1.67
5.388 7.48 -1.66
5.443 10.026 -1.686
5.437 9.939 -1.674
5.455 9.9 -1.67
5.46 9.834 -1.661
5.444 9.768 -1.651
5.446 9.701 -1.641
5.455 9.645 -1.634
5.414 13.784 -1.695
5.454 13.76 -1.694
5.473 13.682 -1.685
5.493 13.609 -1.678
5.536 13.592 -1.678
5.554 13.514 -1.669
5.563 13.416 -1.658
5.52 13.255 -1.637
5.791 17.587 -1.618
5.83 17.519 -1.613
5.865 17.441 -1.607
5.83 17.247 -1.588
5.826 17.057 -1.57
5.826 16.882 -1.554
6.178 23.247 -1.571
6.186 22.985 -1.553
6.187 22.705 -1.533
6.172 22.37 -1.509
6.172 22.099 -1.489
6.21 21.966 -1.481
6.805 32.323 -1.455
6.847 32.02 -1.441
6.923 31.887 -1.435
6.937 31.473 -1.415
6.868 30.924 -1.387
6.907 30.645 -1.374
6.909 30.21 -1.352
