-5.06774 -0.0325 0.00468461 -7.85543e-05
-5.125 2.577 -1.654
-5.127 2.598 -1.658
-5.123 2.616 -1.659
-5.121 2.635 -1.661
-5.125 2.658 -1.665
-5.12 2.675 -1.666
-5.11 2.691 -1.666
-5.122 2.707 -1.672
-5.119 2.726 -1.674
-5.115 2.745 -1.675
-5.11 2.763 -1.676
-5.113 2.785 -1.681
-5.103 2.8 -1.68
-5.091 2.815 -1.679
-5.081 2.82 -1.677
-5.084 2.842 -1.681
-5.077 2.859 -1.682
-5.066 2.874 -1.681
-5.062 2.893 -1.683
-5.058 2.912 -1.685
-5.06 2.934 -1.689
-5.057 2.943 -1.689
-5.058 2.965 -1.693
-5.054 2.983 -1.695
-5.049 3.002 -1.697
-5.063 3.032 -1.705
-5.121 3.9 -1.626
-5.119 3.924 -1.63
-5.127 3.956 -1.636
-5.121 3.976 -1.639
-5.122 3.99 -1.641
-5.122 4.016 -1.645
-5.12 4.04 -1.649
-5.121 4.067 -1.654
-5.118 4.092 -1.657
-5.119 4.119 -1.662
-5.112 4.139 -1.664
-5.118 4.157 -1.668
-5.113 4.181 -1.672
-5.118 4.211 -1.678
-5.118 5.451 -1.609
-5.12 5.47 -1.613
-5.124 5.509 -1.62
-5.119 5.538 -1.624
-5.114 5.567 -1.628
-5.108 5.596 -1.632
-5.088 5.609 -1.631
-5.079 5.635 -1.634
-5.074 5.648 -1.636
-5.072 5.681 -1.641
-5.078 5.723 -1.649
-5.066 5.746 -1.651
-5.052 5.766 -1.653
-5.057 5.809 -1.661
-5.115 7.145 -1.577
-5.115 7.193 -1.584
-5.11 7.233 -1.59
-5.121 7.297 -1.601
-5.096 7.31 -1.601
-5.104 7.347 -1.608
-5.103 7.393 -1.615
-5.094 7.43 -1.62
-5.098 7.487 -1.629
-5.05 9.178 -1.538
-5.051 9.247 -1.548
-5.053 9.321 -1.558
-5.052 9.388 -1.568
-5.06 9.438 -1.575
-5.048 9.487 -1.581
-5.04 9.545 -1.589
-5.024 9.587 -1.593
-4.893 12.539 -1.522
-4.902 12.621 -1.532
-4.895 12.721 -1.544
-4.887 12.82 -1.555
-4.86 12.871 -1.56
-4.844 12.953 -1.569
-4.811 12.988 -1.572
-4.731 16.435 -1.48
-4.728 16.521 -1.488
-4.714 16.67 -1.501
-4.686 16.771 -1.51
-4.659 16.879 -1.52
-4.625 16.965 -1.527
-4.586 17.029 -1.532
-13.337 18.2 -1.461
-13.321 18.298 -1.466
-13.313 18.408 -1.473
-13.334 18.498 -1.479
-13.315 18.595 -1.484
-13.3 18.697 -1.489
-13.296 18.817 -1.496
-13.281 18.921 -1.502
-13.262 19.021 -1.507
-13.263 19.086 -1.511
-26.07 17.575 -0.454
-26.119 17.727 -0.457
-26.408 18.045 -0.466
-26.93 18.465 -0.48
-27.343 18.875 -0.492
-27.587 19.172 -0.499
-27.762 19.424 -0.505
