-4.86226 -0.0613755 0.011592 -0.000412446
-4.969 2.851 -1.652
-4.967 2.87 -1.654
-4.965 2.89 -1.656
-4.97 2.903 -1.66
-4.958 2.917 -1.659
-4.963 2.941 -1.664
-4.96 2.961 -1.666
-4.964 2.984 -1.671
-4.947 2.995 -1.668
-4.944 3.014 -1.671
-4.957 3.033 -1.677
-4.957 3.054 -1.681
-4.953 3.073 -1.682
-4.956 3.096 -1.687
-4.932 3.103 -1.682
-4.936 3.127 -1.687
-4.928 3.144 -1.688
-4.936 3.16 -1.692
-4.941 3.185 -1.698
-4.947 3.21 -1.704
-4.953 4.168 -1.636
-4.956 4.197 -1.642
-4.952 4.221 -1.645
-4.953 4.235 -1.647
-4.955 4.264 -1.653
-4.952 4.288 -1.657
-4.942 4.306 -1.658
-4.947 4.338 -1.665
-4.939 4.359 -1.667
-4.944 4.377 -1.671
-4.949 4.409 -1.678
-4.938 4.427 -1.679
-4.931 4.449 -1.682
-4.93 4.476 -1.686
-4.928 4.502 -1.69
-4.916 5.665 -1.614
-4.926 5.713 -1.624
-4.913 5.716 -1.623
-4.904 5.742 -1.626
-4.92 5.798 -1.638
-4.912 5.825 -1.642
-4.901 5.849 -1.645
-4.91 5.897 -1.655
-4.899 5.922 -1.657
-4.907 5.951 -1.664
-4.906 5.987 -1.67
-4.845 7.618 -1.623
-4.845 7.646 -1.628
-4.843 7.696 -1.636
-4.843 7.749 -1.645
-4.823 7.771 -1.646
-4.82 7.821 -1.654
-4.807 7.855 -1.658
-4.808 7.912 -1.668
-4.814 7.949 -1.675
-4.798 7.98 -1.678
-4.742 9.784 -1.601
-4.752 9.845 -1.611
-4.769 9.959 -1.628
-4.759 10.017 -1.636
-4.745 10.07 -1.642
-4.715 10.088 -1.643
-4.703 10.146 -1.651
-4.679 10.177 -1.653
-4.681 10.223 -1.66
