5.56863 -0.0331442 0.00338595 -4.59658e-05
5.436 4.2 -1.743
5.439 4.189 -1.742
5.443 4.165 -1.739
5.446 4.14 -1.736
5.44 4.108 -1.729
5.442 4.083 -1.726
5.45 4.062 -1.724
5.465 4.046 -1.725
5.457 4.028 -1.72
5.464 4.006 -1.718
5.47 3.984 -1.716
5.481 3.966 -1.715
5.478 3.937 -1.71
5.477 3.911 -1.706
5.483 3.889 -1.704
5.477 3.872 -1.699
5.478 3.847 -1.696
5.485 3.826 -1.694
5.486 3.801 -1.69
5.421 5.866 -1.727
5.416 5.824 -1.719
5.419 5.791 -1.714
5.421 5.774 -1.711
5.443 5.761 -1.713
5.426 5.707 -1.701
5.434 5.68 -1.698
5.454 5.664 -1.698
5.451 5.626 -1.692
5.435 5.574 -1.68
5.435 5.557 -1.678
5.435 5.522 -1.672
5.509 7.7 -1.709
5.511 7.653 -1.701
5.504 7.617 -1.695
5.459 7.504 -1.672
5.472 7.473 -1.669
5.464 7.413 -1.658
5.491 9.855 -1.666
5.508 9.812 -1.662
5.513 9.748 -1.653
5.527 9.701 -1.648
5.53 9.636 -1.639
5.524 9.591 -1.632
5.528 9.528 -1.624
5.529 9.461 -1.615
5.598 13.093 -1.622
5.591 13.021 -1.613
5.597 12.923 -1.602
5.6 12.82 -1.59
5.599 12.71 -1.577
5.603 12.611 -1.566
5.664 16.931 -1.553
5.705 16.875 -1.549
5.715 16.733 -1.537
5.71 16.545 -1.519
5.708 16.371 -1.503
5.716 16.231 -1.49
5.69 16.075 -1.475
5.918 21.985 -1.476
5.942 21.802 -1.464
5.912 21.556 -1.446
5.91 21.284 -1.426
5.907 21.016 -1.407
5.91 20.774 -1.39
5.925 20.581 -1.377
6.219 29.997 -1.335
6.306 29.942 -1.333
6.345 29.897 -1.331
6.311 29.277 -1.3
6.311 28.837 -1.279
6.315 28.425 -1.259
6.383 28.312 -1.254
