-6.06609 0.485129 -0.0654055 0.00302164
-4.947 4.176 -1.636
-4.956 4.21 -1.644
-4.948 4.231 -1.646
-4.944 4.241 -1.647
-4.953 4.275 -1.655
-4.95 4.3 -1.658
-4.944 4.322 -1.661
-4.945 4.35 -1.666
-4.937 4.37 -1.668
-4.933 4.395 -1.672
-4.942 4.417 -1.678
-4.935 4.439 -1.68
-4.93 4.462 -1.684
-4.925 4.485 -1.687
-4.919 4.508 -1.69
-5.087 5.284 -1.576
-5.073 5.303 -1.577
-5.066 5.329 -1.58
-5.045 5.34 -1.579
-5.043 5.372 -1.584
-5.029 5.39 -1.585
-5.004 5.398 -1.582
-5.012 5.423 -1.587
-5.006 5.451 -1.591
-4.987 5.464 -1.59
-4.985 5.497 -1.596
-4.964 5.508 -1.595
-4.941 5.518 -1.593
-4.942 5.554 -1.599
-4.935 5.563 -1.6
-4.917 5.579 -1.6
-4.924 5.622 -1.608
-4.916 5.647 -1.611
-4.914 5.682 -1.617
-4.922 5.727 -1.626
-4.912 5.751 -1.629
-4.904 5.76 -1.629
-4.925 5.822 -1.643
-4.816 7.599 -1.617
-4.828 7.671 -1.63
-4.846 7.727 -1.641
-4.829 7.753 -1.644
-4.821 7.795 -1.65
-4.814 7.839 -1.657
-4.803 7.876 -1.661
-4.786 7.904 -1.665
-4.789 7.937 -1.67
-4.778 9.742 -1.598
-4.767 9.796 -1.605
-4.757 9.854 -1.612
-4.741 9.861 -1.612
-4.732 9.922 -1.62
-4.736 10.01 -1.633
-4.733 10.086 -1.644
-4.715 10.129 -1.649
-13.409 4.643 -1.616
-13.409 4.69 -1.618
-13.413 4.739 -1.62
-13.408 4.784 -1.621
-13.452 4.848 -1.63
-13.433 4.865 -1.628
-13.452 4.92 -1.633
-13.499 4.985 -1.641
-13.443 5.012 -1.636
-13.423 5.053 -1.635
-13.415 5.098 -1.636
-13.428 5.152 -1.64
-13.463 5.189 -1.646
-13.422 5.222 -1.643
-13.444 5.28 -1.648
-13.402 5.312 -1.645
-13.452 5.38 -1.654
-13.424 5.418 -1.652
-13.458 5.481 -1.659
-13.469 5.511 -1.662
-13.41 5.535 -1.656
-13.402 5.581 -1.657
-13.406 5.633 -1.661
-13.399 5.679 -1.662
-13.398 5.729 -1.664
-13.387 5.774 -1.665
-13.392 5.801 -1.667
-13.387 5.849 -1.669
-13.381 5.896 -1.671
-13.359 5.937 -1.67
-31.523 18.116 -1.622
-31.609 18.297 -1.63
-31.772 18.525 -1.643
-31.964 18.772 -1.658
-32.332 19.056 -1.681
