5.36153 0.0197816 -0.0011816 7.05058e-05
5.406 4.109 -1.722
5.411 4.086 -1.719
5.421 4.067 -1.718
5.417 4.037 -1.712
5.411 4.019 -1.708
5.405 3.988 -1.702
5.417 3.971 -1.702
5.42 3.947 -1.699
5.428 3.927 -1.697
5.425 3.899 -1.692
5.429 3.876 -1.689
5.424 3.86 -1.686
5.425 3.835 -1.682
5.431 3.813 -1.68
5.422 3.782 -1.673
5.428 3.76 -1.671
5.455 5.63 -1.693
5.446 5.585 -1.684
5.441 5.563 -1.679
5.457 5.544 -1.679
5.454 5.506 -1.672
5.448 5.466 -1.664
5.461 5.444 -1.663
5.457 5.406 -1.656
5.447 5.362 -1.647
5.452 5.351 -1.646
5.447 5.312 -1.639
5.441 7.43 -1.658
5.445 7.387 -1.652
5.442 7.334 -1.644
5.459 7.309 -1.642
5.447 7.269 -1.634
5.457 7.234 -1.63
5.472 7.208 -1.628
5.48 7.17 -1.623
5.484 7.13 -1.617
5.491 7.092 -1.612
5.484 7.06 -1.606
5.445 9.557 -1.621
5.442 9.517 -1.616
5.449 9.459 -1.608
5.458 9.406 -1.602
5.485 9.385 -1.601
5.483 9.314 -1.591
5.492 9.262 -1.585
5.5 9.209 -1.578
5.482 9.146 -1.568
5.563 12.955 -1.604
5.572 12.867 -1.594
5.574 12.76 -1.582
5.578 12.661 -1.57
5.581 12.562 -1.559
5.585 12.466 -1.548
5.59 12.373 -1.537
5.682 16.807 -1.542
5.703 16.697 -1.533
5.714 16.558 -1.52
5.711 16.38 -1.504
5.687 16.229 -1.489
