4.58142 -0.722649 0.0677383 -0.00114717
2.342 3.541 -1.672
2.329 3.498 -1.654
2.325 3.468 -1.643
2.323 3.442 -1.633
2.344 3.462 -1.645
2.336 3.427 -1.631
2.345 3.417 -1.63
2.341 3.388 -1.619
4.133 0.855 -1.529
4.12 0.838 -1.523
4.1 0.821 -1.514
4.071 0.788 -1.5
4.02 0.765 -1.479
2.365 5.181 -1.641
2.371 5.15 -1.633
2.372 5.11 -1.622
2.367 5.057 -1.607
2.379 5.043 -1.604
2.397 5.039 -1.606
2.402 5.009 -1.598
2.399 4.983 -1.59
2.495 5.986 -1.639
2.499 5.945 -1.629
2.497 5.887 -1.614
2.5 5.842 -1.603
2.492 5.799 -1.592
2.491 5.746 -1.579
2.617 8.439 -1.586
2.609 8.318 -1.563
2.626 8.282 -1.558
2.643 8.244 -1.552
2.645 8.206 -1.545
2.663 8.173 -1.54
2.684 8.15 -1.537
2.699 8.112 -1.531
2.731 10.06 -1.53
2.743 10.043 -1.528
2.763 9.99 -1.521
2.795 9.985 -1.521
2.808 9.91 -1.51
2.831 9.872 -1.506
2.828 9.746 -1.486
2.831 9.64 -1.47
0.324999 21.985 -1.419
0.393999 21.948 -1.416
0.462999 21.935 -1.415
0.530999 21.905 -1.413
0.598999 21.889 -1.412
0.667999 21.871 -1.411
0.735999 21.851 -1.41
0.768999 21.828 -1.408
0.836999 21.798 -1.406
0.903999 21.771 -1.404
0.972999 21.768 -1.404
1.041 21.753 -1.403
1.108 21.73 -1.402
1.142 21.722 -1.401
1.209 21.692 -1.4
1.276 21.673 -1.398
1.344 21.668 -1.398
1.41 21.634 -1.396
1.477 21.62 -1.395
1.544 21.593 -1.394
1.577 21.585 -1.393
1.643 21.556 -1.392
1.711 21.551 -1.392
1.777 21.521 -1.39
1.843 21.5 -1.389
1.91 21.488 -1.388
1.977 21.476 -1.388
2.009 21.453 -1.386
2.075 21.432 -1.385
2.142 21.426 -1.385
2.207 21.395 -1.384
2.272 21.364 -1.382
2.338 21.347 -1.381
2.403 21.324 -1.38
2.434 21.296 -1.378
2.497 21.257 -1.376
2.565 21.257 -1.376
2.626 21.203 -1.373
2.69 21.177 -1.372
2.756 21.158 -1.371
2.82 21.132 -1.37
2.849 21.1 -1.368
20.968 14.528 -1.077
20.959 14.425 -1.074
20.973 14.337 -1.072
20.944 14.269 -1.069
20.878 14.128 -1.062
20.908 14.053 -1.061
20.955 13.989 -1.062
21.017 13.935 -1.063
21.026 13.846 -1.061
21.031 13.802 -1.06
21.062 13.728 -1.059
21.063 13.635 -1.056
21.088 13.557 -1.055
21.085 13.462 -1.053
21.088 13.371 -1.05
21.155 13.32 -1.052
21.164 13.28 -1.051
21.187 13.201 -1.05
21.208 13.122 -1.049
21.224 13.04 -1.047
21.248 12.963 -1.046
21.251 12.873 -1.044
21.238 12.774 -1.041
21.269 12.747 -1.042
21.312 12.682 -1.042
21.341 12.609 -1.041
21.336 12.516 -1.039
21.36 12.439 -1.038
21.378 12.36 -1.036
21.396 12.281 -1.035
21.387 12.231 -1.034
21.403 12.151 -1.032
21.433 12.079 -1.032
21.451 12.001 -1.031
21.482 11.93 -1.03
21.493 11.848 -1.029
21.506 11.767 -1.027
15.856 50.738 -0.91
15.866 50.492 -0.905
15.941 50.179 -0.899
16.019 49.881 -0.893
16.106 49.618 -0.889
16.231 49.472 -0.887
16.355 49.328 -0.885
16.436 49.056 -0.88
16.455 48.856 -0.876
16.611 48.812 -0.876
16.781 48.808 -0.877
16.873 48.58 -0.873
16.607 47.334 -0.847
