-3.77561 -1.19396 0.0829986 -0.00120345
-7.841 13.071 -1.672
-7.82 13.13 -1.677
-7.802 13.194 -1.683
-7.759 13.215 -1.682
-7.745 13.287 -1.689
-7.729 13.356 -1.695
-7.703 13.408 -1.699
-7.704 13.458 -1.705
-7.655 13.47 -1.703
-7.601 13.473 -1.7
-7.545 13.473 -1.696
-7.561 13.602 -1.711
-7.551 13.685 -1.72
-7.532 13.752 -1.726
-7.547 13.83 -1.735
-7.508 13.862 -1.736
-6.331 17.203 -1.6
-6.322 17.263 -1.606
-6.293 17.352 -1.613
-6.257 17.422 -1.618
-6.217 17.483 -1.622
-6.179 17.551 -1.627
-6.149 17.642 -1.635
-6.122 17.742 -1.643
-6.116 17.816 -1.65
-6.073 17.873 -1.654
-19.147 25.583 -1.996
-19.145 25.665 -2.001
-19.11 25.786 -2.006
-19.068 25.899 -2.011
-19.031 26.02 -2.016
-18.99 26.136 -2.021
-18.954 26.26 -2.026
-18.915 26.38 -2.031
-18.914 26.466 -2.036
-18.872 26.584 -2.041
-18.832 26.705 -2.046
-18.781 26.812 -2.05
-15.791 43.881 -1.871
-15.725 44.134 -1.88
-15.678 44.445 -1.893
-15.688 44.696 -1.903
-15.572 44.815 -1.907
-15.479 45.003 -1.913
-15.393 45.215 -1.921
-15.311 45.443 -1.929
