-18.2607 1.53225 -0.0696508 0.00132068
-7.66 11.912 -1.612
-7.64 11.965 -1.616
-7.617 12.01 -1.62
-7.605 12.034 -1.621
-7.588 12.091 -1.627
-7.541 12.1 -1.624
-7.511 12.137 -1.626
-7.531 12.255 -1.64
-7.504 12.298 -1.643
-7.48 12.347 -1.647
-7.477 12.386 -1.651
-7.447 12.423 -1.653
-7.431 12.485 -1.659
-7.406 12.533 -1.663
-5.984 16.585 -1.532
-5.956 16.67 -1.539
-5.926 16.752 -1.545
-5.902 16.851 -1.554
-5.882 16.964 -1.563
-5.86 16.988 -1.565
-5.834 17.085 -1.573
-5.797 17.155 -1.578
-5.756 17.209 -1.582
-4.289 21.817 -1.437
-4.242 21.94 -1.445
-4.187 22.028 -1.451
-4.137 22.141 -1.458
-4.124 22.265 -1.467
-4.074 22.386 -1.475
-4.027 22.526 -1.485
-3.958 22.552 -1.486
-3.899 22.633 -1.491
-3.83 22.657 -1.492
-15.82 42.084 -1.796
-15.766 42.344 -1.806
-15.712 42.608 -1.816
-15.658 42.877 -1.827
-15.604 43.148 -1.837
-15.538 43.392 -1.846
-15.46 43.607 -1.854
