-16.4114 1.88947 -0.121194 0.00285281
-7.232 8.485 -1.645
-7.218 8.523 -1.648
-7.212 8.57 -1.653
-7.187 8.596 -1.654
-7.171 8.604 -1.653
-7.152 8.635 -1.655
-7.151 8.69 -1.662
-7.161 8.758 -1.671
-7.125 8.77 -1.669
-7.101 8.797 -1.67
-7.104 8.857 -1.678
-7.109 8.892 -1.683
-7.113 8.954 -1.691
-7.102 8.998 -1.695
-7.081 9.03 -1.697
-5.847 14.118 -1.677
-5.833 14.209 -1.686
-5.835 14.277 -1.694
-5.811 14.347 -1.701
-5.791 14.428 -1.709
-5.765 14.494 -1.716
-5.74 14.565 -1.723
-5.72 14.648 -1.731
-4.832 18.634 -1.691
-4.796 18.738 -1.7
-4.749 18.799 -1.704
-4.721 18.937 -1.717
-4.719 19.057 -1.728
-4.678 19.149 -1.736
-4.637 19.241 -1.744
-19.864 25.196 -2.005
-19.881 25.3 -2.012
-19.866 25.444 -2.019
-19.828 25.561 -2.024
-19.832 25.732 -2.033
-19.799 25.858 -2.039
-19.782 26.004 -2.046
-19.799 26.112 -2.052
-19.737 26.201 -2.055
-19.696 26.317 -2.059
-19.192 48.953 -2.135
-19.309 49.711 -2.168
-19.301 50.159 -2.187
-19.407 50.671 -2.21
