1.51038 0.243722 -0.0135377 0.000234454
2.377 4.002 -1.649
2.376 3.972 -1.639
2.372 3.937 -1.627
2.379 3.92 -1.623
2.379 3.894 -1.614
2.38 3.867 -1.606
2.385 3.849 -1.601
2.38 3.828 -1.593
2.392 5.219 -1.655
2.397 5.208 -1.653
2.398 5.167 -1.642
2.373 5.071 -1.611
2.369 5.02 -1.597
2.471 6.01 -1.643
2.478 5.999 -1.641
2.491 5.977 -1.636
2.497 5.939 -1.628
2.494 5.88 -1.612
2.499 5.84 -1.603
2.498 5.788 -1.59
2.495 7.142 -1.629
2.501 7.084 -1.617
2.505 7.026 -1.605
2.519 6.995 -1.599
2.521 6.965 -1.593
2.531 6.924 -1.585
2.548 6.905 -1.582
2.555 6.857 -1.572
2.638 8.507 -1.6
2.654 8.465 -1.593
2.658 8.383 -1.578
2.64 8.236 -1.55
2.654 8.191 -1.543
2.663 8.173 -1.54
2.752 10.267 -1.563
2.761 10.171 -1.548
2.762 10.05 -1.53
2.788 10.018 -1.526
2.783 9.939 -1.514
2.804 9.895 -1.508
3.211 13.092 -1.525
3.251 13.074 -1.524
3.258 12.933 -1.507
3.222 12.623 -1.467
3.211 12.421 -1.442
3.187 12.247 -1.419
0.472999 22.457 -1.454
0.542999 22.42 -1.451
0.612999 22.402 -1.45
0.681999 22.368 -1.448
0.751999 22.362 -1.447
0.821999 22.333 -1.445
0.890999 22.309 -1.444
0.925999 22.295 -1.443
0.993999 22.266 -1.441
1.064 22.247 -1.44
1.133 22.232 -1.439
1.202 22.214 -1.438
1.27 22.18 -1.436
1.304 22.16 -1.434
1.373 22.146 -1.434
1.442 22.13 -1.433
1.51 22.107 -1.431
1.579 22.089 -1.43
1.646 22.062 -1.429
1.715 22.046 -1.428
1.749 22.032 -1.427
1.816 22.004 -1.426
1.884 21.987 -1.425
1.952 21.969 -1.424
2.019 21.937 -1.422
2.088 21.938 -1.422
2.156 21.914 -1.421
2.19 21.91 -1.421
2.258 21.899 -1.421
2.325 21.866 -1.419
2.391 21.837 -1.417
2.459 21.823 -1.417
2.526 21.802 -1.416
2.591 21.77 -1.414
2.623 21.746 -1.413
2.688 21.712 -1.411
2.753 21.674 -1.409
2.819 21.653 -1.408
2.889 21.658 -1.409
2.951 21.599 -1.405
3.016 21.574 -1.404
3.047 21.55 -1.402
0.595999 31.246 -1.366
0.643999 31.215 -1.364
0.740999 31.177 -1.362
0.837999 31.113 -1.359
0.934999 31.094 -1.358
1.031 31.035 -1.356
1.127 30.984 -1.353
1.222 30.936 -1.351
1.269 30.882 -1.348
1.363 30.826 -1.346
1.457 30.754 -1.342
1.552 30.709 -1.34
1.646 30.656 -1.338
1.74 30.615 -1.336
1.834 30.57 -1.334
1.879 30.513 -1.331
1.972 30.469 -1.33
2.064 30.413 -1.327
2.156 30.352 -1.324
2.245 30.252 -1.32
2.339 30.235 -1.319
2.437 30.273 -1.321
2.48 30.209 -1.318
2.573 30.173 -1.317
2.666 30.151 -1.316
22.213 49.437 -0.931
22.284 49.181 -0.927
22.338 48.893 -0.922
22.322 48.656 -0.917
22.397 48.417 -0.913
22.452 48.14 -0.909
22.514 47.879 -0.904
22.586 47.642 -0.9
22.646 47.385 -0.896
22.731 47.18 -0.893
22.7 46.929 -0.888
22.781 46.72 -0.885
22.861 46.514 -0.882
22.95 46.327 -0.879
