1.89636 0.135717 -0.00546482 0.000100696
2.336 3.692 -1.724
2.322 3.646 -1.705
2.327 3.641 -1.704
2.336 3.629 -1.702
2.336 3.604 -1.693
2.336 3.58 -1.685
2.355 3.585 -1.691
2.335 3.53 -1.667
2.31 4.274 -1.726
2.319 4.259 -1.723
2.331 4.25 -1.722
2.346 4.244 -1.723
2.352 4.241 -1.723
2.361 4.225 -1.719
2.384 4.236 -1.727
2.362 4.166 -1.7
2.322 4.067 -1.659
2.339 4.066 -1.662
2.348 4.054 -1.66
2.355 4.05 -1.66
2.362 4.033 -1.656
2.372 4.021 -1.654
2.364 3.98 -1.639
2.438 4.834 -1.723
2.453 4.826 -1.723
2.444 4.79 -1.711
2.444 4.753 -1.7
2.445 4.72 -1.69
2.453 4.699 -1.685
2.447 4.651 -1.669
2.448 4.618 -1.66
2.426 5.431 -1.72
2.433 5.422 -1.718
2.45 5.415 -1.718
2.455 5.381 -1.709
2.459 5.345 -1.7
2.448 5.277 -1.679
2.457 5.252 -1.673
2.464 5.225 -1.666
2.488 6.247 -1.704
2.504 6.231 -1.701
2.472 6.096 -1.664
2.493 6.091 -1.665
2.509 6.076 -1.663
2.525 6.059 -1.661
2.529 6.016 -1.65
2.567 7.502 -1.714
2.573 7.442 -1.701
2.589 7.412 -1.696
2.565 7.305 -1.67
2.564 7.229 -1.654
2.584 7.214 -1.652
2.697 9.002 -1.695
2.712 8.946 -1.685
2.731 8.91 -1.68
2.748 8.865 -1.673
2.76 8.806 -1.662
2.752 8.73 -1.648
2.759 8.658 -1.635
2.91 11.002 -1.682
2.908 10.923 -1.67
2.918 10.824 -1.655
2.936 10.754 -1.645
2.954 10.687 -1.635
2.981 10.655 -1.632
3.244 14.278 -1.673
3.265 14.266 -1.672
3.322 14.307 -1.679
3.364 14.283 -1.678
3.401 14.242 -1.673
3.431 14.171 -1.666
3.418 13.926 -1.635
3.384 13.607 -1.594
8.459 11.591 -1.297
8.416 11.494 -1.287
8.375 11.364 -1.273
8.432 11.366 -1.277
8.449 11.314 -1.274
8.447 11.238 -1.267
8.41 11.116 -1.255
8.501 11.163 -1.264
8.482 11.102 -1.258
8.54 11.105 -1.262
8.555 11.053 -1.259
8.525 10.943 -1.248
8.519 10.865 -1.241
12.699 9.797 -1.086
12.652 9.698 -1.078
12.604 9.629 -1.071
12.569 9.54 -1.065
12.464 9.399 -1.051
12.404 9.293 -1.042
12.462 9.275 -1.045
12.425 9.188 -1.039
12.251 9 -1.018
4.74 38.475 -1.743
4.849 38.365 -1.738
4.906 38.336 -1.737
5.023 38.294 -1.736
5.463 37.94 -1.721
5.569 37.835 -1.717
5.618 37.755 -1.713
5.725 37.664 -1.709
5.832 37.573 -1.706
5.943 37.509 -1.703
6.056 37.457 -1.702
6.165 37.384 -1.699
6.273 37.314 -1.696
6.326 37.266 -1.694
6.439 37.227 -1.693
31.642 71.292 -1.43
31.778 70.997 -1.426
31.939 70.759 -1.423
32.08 70.48 -1.419
32.222 70.206 -1.415
32.315 69.83 -1.408
32.423 69.489 -1.403
32.408 69.174 -1.397
32.445 68.69 -1.388
32.565 68.388 -1.383
32.727 68.177 -1.381
32.879 67.944 -1.378
