-4.02341 0.316959 -0.0231378 0.000763284
-2.86 4.847 -1.62
-2.86 4.882 -1.63
-2.855 4.908 -1.636
-2.859 4.932 -1.643
-2.856 4.964 -1.651
-2.848 4.986 -1.656
-2.842 5.012 -1.662
-2.844 5.05 -1.672
-2.797 5.787 -1.623
-2.798 5.812 -1.63
-2.791 5.845 -1.637
-2.791 5.892 -1.649
-2.782 5.92 -1.654
-2.772 5.948 -1.66
-2.765 5.981 -1.667
-2.76 6.02 -1.676
-2.691 6.989 -1.612
-2.682 7.032 -1.62
-2.668 7.06 -1.625
-2.655 7.094 -1.632
-2.631 7.097 -1.63
-2.613 7.083 -1.626
-2.599 7.115 -1.632
-2.58 7.132 -1.634
-2.577 7.193 -1.647
-2.585 7.288 -1.668
-2.521 8.405 -1.574
-2.503 8.441 -1.58
-2.482 8.466 -1.584
-2.507 8.6 -1.61
-2.496 8.664 -1.621
-2.479 8.708 -1.628
-2.511 10.51 -1.591
-2.482 10.537 -1.594
-2.472 10.568 -1.598
-2.452 10.631 -1.607
-2.425 10.666 -1.612
-2.401 10.718 -1.619
-2.374 10.756 -1.624
-2.345 10.785 -1.627
-2.314 10.803 -1.629
-2.3 10.823 -1.632
-2.27 10.849 -1.635
-2.243 10.891 -1.641
-9.923 1.122 -1.148
-10.016 1.164 -1.161
-9.997 1.193 -1.159
-9.983 1.224 -1.157
-9.983 1.255 -1.158
-10.18 1.312 -1.185
-10.223 1.334 -1.191
-10.284 1.375 -1.2
-1.647 17.887 -1.564
-1.595 17.933 -1.568
-1.539 17.948 -1.569
-1.488 18.009 -1.575
-1.434 18.049 -1.578
-1.379 18.077 -1.581
-1.326 18.123 -1.585
-1.301 18.185 -1.591
-1.248 18.244 -1.596
-1.195 18.308 -1.602
-1.14 18.361 -1.607
-1.085 18.404 -1.611
-1.029 18.439 -1.614
-0.973001 18.468 -1.616
