158.092 -30.8451 1.9072 -0.0388423
-8.933 7.79 -1.757
-8.93 7.838 -1.762
-8.91 7.87 -1.763
-8.89 7.902 -1.764
-8.904 7.939 -1.769
-8.882 7.97 -1.77
-8.873 8.012 -1.773
-8.857 8.048 -1.775
-8.826 8.07 -1.774
-8.813 8.11 -1.777
-8.808 8.131 -1.778
-8.768 8.145 -1.775
-8.746 8.176 -1.776
-8.732 8.215 -1.779
-8.703 8.239 -1.778
-8.688 8.276 -1.78
-8.687 8.328 -1.786
-8.724 8.389 -1.797
-8.719 8.437 -1.801
-8.705 8.477 -1.804
-8.674 8.5 -1.803
-8.659 8.538 -1.806
-8.638 8.571 -1.807
-8.629 8.616 -1.811
-6.63 14.561 -1.765
-6.607 14.632 -1.772
-6.577 14.687 -1.776
-6.574 14.743 -1.782
-6.545 14.801 -1.788
-6.521 14.873 -1.794
-6.496 14.944 -1.801
-6.448 14.963 -1.801
-6.406 14.994 -1.802
-6.402 15.116 -1.816
-6.393 15.161 -1.821
-5.01 19.194 -1.748
-5.009 19.314 -1.76
-4.965 19.393 -1.766
-4.925 19.49 -1.774
-4.883 19.582 -1.782
-4.84 19.673 -1.79
-4.799 19.775 -1.799
-17.846 30.839 -2.249
-17.795 30.975 -2.256
-17.802 31.1 -2.263
-17.763 31.259 -2.272
-17.733 31.437 -2.281
-17.683 31.579 -2.288
-17.632 31.722 -2.295
-17.569 31.844 -2.3
