-11.4027 0.640024 -0.02594 0.000571781
-7.43 8.339 -1.648
-7.43 8.392 -1.655
-7.423 8.437 -1.659
-7.397 8.461 -1.659
-7.375 8.49 -1.661
-7.36 8.526 -1.663
-7.374 8.569 -1.67
-7.366 8.615 -1.675
-7.349 8.65 -1.677
-7.341 8.696 -1.682
-7.31 8.714 -1.681
-7.308 8.767 -1.687
-7.287 8.798 -1.689
-7.255 8.788 -1.684
-7.242 8.828 -1.688
-7.253 8.898 -1.698
-7.243 8.943 -1.702
-5.874 14.246 -1.693
-5.864 14.347 -1.704
-5.861 14.406 -1.71
-5.83 14.459 -1.715
-5.809 14.538 -1.723
-5.782 14.602 -1.729
-5.754 14.667 -1.735
-5.714 14.701 -1.737
-5.678 14.745 -1.741
-5.664 14.778 -1.744
-4.797 18.618 -1.688
-4.769 18.755 -1.701
-4.732 18.857 -1.709
-4.695 18.958 -1.718
-4.692 19.076 -1.729
-4.649 19.158 -1.736
-4.6 19.219 -1.741
-19.594 25.341 -2.002
-19.578 25.485 -2.009
-19.551 25.616 -2.015
-19.533 25.76 -2.022
-19.503 25.89 -2.028
-19.521 25.999 -2.035
-19.496 26.135 -2.041
-19.466 26.267 -2.047
-19.415 26.371 -2.051
-19.367 26.481 -2.055
-18.364 50.546 -2.188
-18.489 51.141 -2.215
-18.496 51.667 -2.237
-18.46 52.083 -2.254
