3.23161 -0.115974 0.00397854 -3.10629e-05
2.377 4.044 -1.662
2.371 4.019 -1.653
2.375 3.997 -1.647
2.378 3.975 -1.64
2.376 3.944 -1.63
2.379 3.92 -1.623
2.385 3.903 -1.618
2.381 3.869 -1.606
3.463 3.065 -1.502
3.457 3.04 -1.495
3.461 3.024 -1.492
3.489 3.029 -1.501
3.451 2.978 -1.479
3.481 2.984 -1.488
3.47 2.965 -1.481
3.46 2.938 -1.472
3.455 2.915 -1.466
3.431 2.876 -1.451
2.361 5.174 -1.639
2.376 5.163 -1.637
2.371 5.108 -1.622
2.368 5.061 -1.608
2.378 5.04 -1.603
2.398 5.042 -1.607
2.403 5.011 -1.598
2.398 4.981 -1.59
2.403 4.951 -1.582
2.492 5.981 -1.638
2.498 5.941 -1.628
2.495 5.883 -1.613
2.5 5.843 -1.604
2.491 5.797 -1.591
2.488 5.738 -1.576
2.536 7.009 -1.604
2.545 6.963 -1.594
2.551 6.912 -1.584
2.565 6.882 -1.578
2.554 6.787 -1.557
2.578 6.788 -1.559
2.572 6.738 -1.548
2.577 8.497 -1.595
2.599 8.476 -1.592
2.615 8.432 -1.585
2.606 8.309 -1.562
2.621 8.267 -1.555
2.642 8.24 -1.551
2.651 8.225 -1.549
2.668 8.188 -1.543
2.795 9.983 -1.521
2.811 9.921 -1.512
2.834 9.882 -1.507
2.828 9.746 -1.486
2.835 9.655 -1.473
2.818 9.539 -1.454
3.499 11.833 -1.379
3.516 11.821 -1.378
3.526 11.723 -1.366
3.54 11.636 -1.356
3.544 11.521 -1.342
3.623 11.646 -1.361
3.631 11.543 -1.348
3.656 11.496 -1.344
3.598 11.254 -1.312
0.462999 21.943 -1.416
0.530999 21.923 -1.415
0.598999 21.893 -1.413
0.666999 21.862 -1.41
0.735999 21.847 -1.409
0.768999 21.828 -1.408
0.836999 21.804 -1.406
0.904999 21.777 -1.405
0.972999 21.768 -1.404
1.041 21.769 -1.405
1.109 21.746 -1.403
1.143 21.746 -1.403
1.211 21.734 -1.403
1.278 21.712 -1.401
1.345 21.688 -1.4
1.413 21.676 -1.399
1.479 21.644 -1.397
1.546 21.629 -1.396
1.579 21.611 -1.395
1.645 21.58 -1.393
1.712 21.566 -1.393
1.778 21.543 -1.391
1.843 21.5 -1.389
1.911 21.502 -1.389
1.977 21.472 -1.388
2.009 21.453 -1.386
2.076 21.448 -1.386
2.141 21.416 -1.385
2.208 21.403 -1.384
2.272 21.37 -1.382
2.337 21.341 -1.381
2.403 21.328 -1.38
2.434 21.298 -1.378
2.497 21.253 -1.375
2.561 21.227 -1.374
2.629 21.229 -1.375
2.69 21.177 -1.372
2.755 21.151 -1.37
2.82 21.136 -1.37
2.851 21.116 -1.369
2.915 21.089 -1.367
2.979 21.066 -1.366
3.041 21.027 -1.364
1.042 29.927 -1.3
1.133 29.856 -1.297
1.225 29.808 -1.294
1.318 29.766 -1.293
1.409 29.716 -1.29
1.501 29.678 -1.289
1.591 29.623 -1.286
1.634 29.557 -1.283
1.724 29.502 -1.28
1.815 29.462 -1.279
1.908 29.47 -1.279
1.995 29.374 -1.275
2.088 29.376 -1.275
2.183 29.409 -1.277
2.226 29.37 -1.275
2.315 29.315 -1.273
2.405 29.283 -1.272
2.497 29.274 -1.272
2.588 29.256 -1.271
2.679 29.242 -1.271
2.768 29.199 -1.269
2.809 29.141 -1.266
2.894 29.067 -1.263
2.982 29.024 -1.261
3.069 28.98 -1.26
3.155 28.919 -1.257
3.24 28.855 -1.254
3.281 28.818 -1.253
3.366 28.756 -1.25
3.452 28.714 -1.249
