-0.837835 -0.632976 0.0616407 -0.00157698
-2.891 4.899 -1.639
-2.913 4.953 -1.657
-2.898 4.964 -1.658
-2.897 4.998 -1.666
-2.895 5.03 -1.675
-2.884 5.047 -1.678
-2.875 5.068 -1.682
-2.888 5.109 -1.695
-2.833 5.791 -1.629
-2.83 5.831 -1.638
-2.823 5.862 -1.645
-2.816 5.896 -1.652
-2.812 5.936 -1.662
-2.802 5.962 -1.667
-2.8 6.007 -1.678
-2.806 6.043 -1.687
-2.715 7.051 -1.627
-2.709 7.101 -1.637
-2.696 7.135 -1.644
-2.707 7.197 -1.658
-2.696 7.237 -1.666
-2.685 7.276 -1.674
-2.677 7.325 -1.683
-2.655 7.337 -1.684
-2.55 8.548 -1.603
-2.542 8.618 -1.615
-2.53 8.677 -1.625
-2.521 8.749 -1.638
-2.507 8.804 -1.648
-2.5 8.83 -1.652
-2.484 8.882 -1.661
-2.461 8.906 -1.665
-2.334 10.498 -1.582
-2.319 10.586 -1.596
-2.304 10.676 -1.609
-2.285 10.753 -1.62
-2.271 10.853 -1.635
-2.246 10.901 -1.642
-10.002 2.295 -1.185
-10.039 2.337 -1.191
-10.219 2.412 -1.217
-10.31 2.468 -1.231
-10.131 2.459 -1.207
-10.152 2.498 -1.211
-10.153 2.515 -1.212
-10.228 2.567 -1.223
-10.268 2.612 -1.23
-10.304 2.655 -1.236
-1.601 17.995 -1.574
-1.549 18.055 -1.58
-1.523 18.088 -1.583
-1.468 18.12 -1.585
-1.414 18.158 -1.589
-1.359 18.184 -1.591
-1.304 18.216 -1.594
-1.251 18.282 -1.6
-1.196 18.331 -1.604
-1.171 18.381 -1.609
-1.117 18.452 -1.616
-1.064 18.541 -1.624
-1.01 18.61 -1.63
-4.128 22.094 -1.455
-4.064 22.138 -1.457
-4.007 22.219 -1.462
-3.945 22.271 -1.465
-3.913 22.295 -1.467
-3.845 22.323 -1.468
-3.78 22.364 -1.47
-3.714 22.402 -1.472
-3.652 22.46 -1.475
-3.58 22.464 -1.475
-3.554 22.533 -1.48
-3.487 22.565 -1.481
-3.415 22.566 -1.48
-3.345 22.589 -1.481
-3.275 22.603 -1.482
-3.206 22.625 -1.482
-3.136 22.647 -1.483
-3.104 22.677 -1.485
-3.034 22.691 -1.486
-2.966 22.726 -1.487
-2.898 22.763 -1.49
-2.826 22.768 -1.489
-2.758 22.805 -1.491
-2.685 22.809 -1.491
-2.653 22.839 -1.493
-2.582 22.857 -1.494
-2.512 22.881 -1.495
-2.443 22.919 -1.497
-2.371 22.928 -1.497
-2.302 22.965 -1.499
-2.236 23.034 -1.504
-2.202 23.057 -1.505
-2.131 23.08 -1.507
