4.71071 -0.955717 0.114612 -0.00353024
2.373 4.022 -1.654
2.379 4.005 -1.65
2.379 3.977 -1.641
2.374 3.954 -1.632
2.38 3.937 -1.628
2.376 3.902 -1.616
2.38 3.881 -1.61
2.381 3.856 -1.602
2.338 5.209 -1.646
2.351 5.195 -1.643
2.351 5.151 -1.631
2.372 5.154 -1.635
2.374 5.115 -1.624
2.36 5.063 -1.607
2.37 5.043 -1.603
2.394 5.053 -1.609
2.4 5.025 -1.602
2.393 4.969 -1.585
2.47 5.98 -1.635
2.483 5.985 -1.638
2.498 5.968 -1.635
2.493 5.903 -1.618
2.493 5.853 -1.606
2.496 5.807 -1.595
2.5 5.766 -1.585
2.482 5.7 -1.566
2.514 7.015 -1.603
2.532 6.996 -1.6
2.532 6.963 -1.593
2.547 6.935 -1.588
2.548 6.872 -1.575
2.546 6.798 -1.558
2.564 6.781 -1.556
2.574 6.744 -1.549
2.595 8.461 -1.589
2.605 8.447 -1.587
2.602 8.343 -1.568
2.613 8.286 -1.558
2.626 8.235 -1.549
2.641 8.195 -1.543
2.664 8.177 -1.541
2.669 8.149 -1.536
2.746 10.052 -1.529
2.767 10.005 -1.523
2.778 9.982 -1.52
2.796 9.926 -1.512
2.825 9.911 -1.511
2.819 9.771 -1.49
2.833 9.705 -1.48
2.831 9.584 -1.462
3.959 11.389 -1.343
3.977 11.326 -1.336
4.005 11.291 -1.333
4.045 11.291 -1.335
4.067 11.241 -1.33
4.102 11.228 -1.33
4.052 10.987 -1.298
4.043 10.908 -1.289
4.166 11.133 -1.321
4.222 11.175 -1.329
4.24 11.116 -1.322
4.262 11.071 -1.318
4.296 11.055 -1.318
4.324 11.023 -1.315
4.311 10.941 -1.305
4.36 10.964 -1.31
4.386 10.928 -1.307
4.416 10.905 -1.306
4.46 10.915 -1.309
4.479 10.863 -1.304
4.442 10.726 -1.286
0.496999 21.91 -1.414
0.564999 21.884 -1.412
0.632999 21.867 -1.411
0.700999 21.85 -1.41
0.768999 21.828 -1.408
0.836999 21.806 -1.407
0.870999 21.794 -1.406
0.938999 21.774 -1.405
1.006 21.747 -1.403
1.074 21.737 -1.402
1.143 21.744 -1.403
1.211 21.73 -1.402
1.279 21.72 -1.402
1.311 21.69 -1.4
1.378 21.674 -1.399
1.446 21.658 -1.398
1.512 21.623 -1.396
1.579 21.607 -1.395
1.646 21.596 -1.395
1.679 21.579 -1.394
1.745 21.548 -1.392
1.81 21.51 -1.389
1.877 21.495 -1.389
1.944 21.485 -1.388
2.01 21.465 -1.387
2.076 21.44 -1.386
2.108 21.427 -1.385
2.174 21.409 -1.384
2.24 21.384 -1.383
2.304 21.353 -1.381
2.372 21.345 -1.381
2.436 21.314 -1.379
2.499 21.273 -1.377
2.531 21.261 -1.376
2.594 21.215 -1.374
2.659 21.195 -1.373
2.724 21.177 -1.372
2.787 21.142 -1.37
2.853 21.125 -1.369
2.918 21.107 -1.369
2.947 21.078 -1.367
3.01 21.045 -1.365
3.074 21.018 -1.364
7.808 21.87 -0.963
7.808 21.653 -0.952
7.869 21.61 -0.951
7.925 21.553 -0.95
7.979 21.489 -0.947
7.99 21.416 -0.944
8.125 21.573 -0.954
8.224 21.629 -0.958
8.196 21.351 -0.945
8.3 21.422 -0.95
8.247 21.087 -0.933
8.294 21.011 -0.931
8.496 21.231 -0.945
8.513 21.081 -0.938
8.624 21.165 -0.944
8.697 21.152 -0.945
8.681 20.927 -0.934
8.731 20.861 -0.932
8.735 20.779 -0.928
8.81 20.774 -0.93
8.815 20.606 -0.922
8.838 20.481 -0.917
8.895 20.437 -0.916
8.97 20.433 -0.917
8.938 20.187 -0.905
