-3.21955 0.128157 -0.0126 0.000661931
-2.861 2.998 -1.63
-2.857 3.014 -1.633
-2.862 3.038 -1.642
-2.847 3.041 -1.639
-2.825 3.036 -1.631
-2.827 3.058 -1.638
-2.836 3.077 -1.647
-2.831 3.091 -1.65
-2.826 3.106 -1.653
-2.819 3.117 -1.654
-2.813 3.13 -1.657
-2.808 3.145 -1.66
-2.798 3.153 -1.66
-2.79 3.165 -1.661
-2.791 3.176 -1.665
-2.783 3.186 -1.666
-2.775 3.198 -1.668
-2.764 3.205 -1.667
-2.766 3.228 -1.675
-2.765 3.248 -1.681
-2.849 3.558 -1.612
-2.849 3.581 -1.619
-2.846 3.601 -1.624
-2.841 3.618 -1.628
-2.84 3.641 -1.635
-2.845 3.658 -1.641
-2.842 3.679 -1.647
-2.841 3.702 -1.653
-2.837 3.721 -1.658
-2.833 3.74 -1.663
-2.825 3.754 -1.665
-2.836 4.859 -1.62
-2.833 4.871 -1.623
-2.822 4.887 -1.625
-2.832 4.94 -1.641
-2.821 4.956 -1.643
-2.816 4.985 -1.65
-2.814 5.017 -1.659
-2.811 5.049 -1.667
-2.804 5.055 -1.668
-2.793 5.072 -1.671
-2.804 5.689 -1.6
-2.799 5.722 -1.608
-2.8 5.77 -1.62
-2.802 5.797 -1.627
-2.796 5.832 -1.634
-2.792 5.869 -1.643
-2.786 5.905 -1.651
-2.776 5.931 -1.656
-2.746 6.873 -1.591
-2.738 6.918 -1.6
-2.746 6.969 -1.612
-2.74 7.018 -1.622
-2.726 7.046 -1.627
-2.718 7.091 -1.636
-2.705 7.125 -1.642
-2.684 7.137 -1.643
-2.666 7.157 -1.646
-2.595 8.271 -1.554
-2.597 8.324 -1.564
-2.616 8.479 -1.593
-2.625 8.599 -1.616
-4.494 8.143 -1.352
-4.548 8.302 -1.378
-4.535 8.339 -1.382
-4.547 8.424 -1.395
-4.485 8.372 -1.383
-4.498 8.428 -1.392
-4.521 8.535 -1.408
-2.257 13.32 -1.529
-2.23 13.415 -1.54
-2.215 13.59 -1.562
-2.182 13.66 -1.57
-2.154 13.763 -1.582
-1.847 17.113 -1.49
-1.819 17.368 -1.515
-1.771 17.435 -1.521
-1.712 17.403 -1.517
-1.665 17.485 -1.525
-1.626 17.661 -1.542
-1.601 17.687 -1.544
-10.436 29.735 -1.379
-10.358 29.813 -1.381
-10.289 29.917 -1.385
-10.216 30.01 -1.388
-10.133 30.076 -1.39
-10.085 30.092 -1.39
-9.981 30.093 -1.388
-9.888 30.13 -1.389
-9.837 30.294 -1.396
-9.818 30.562 -1.408
-9.749 30.679 -1.413
-9.699 30.686 -1.412
-9.64 30.839 -1.419
-9.568 30.947 -1.423
-9.477 31 -1.424
-9.408 31.123 -1.429
