1.41608 0.271122 -0.017061 0.000300927
3.11 2.828 -1.523
3.089 2.791 -1.507
3.063 2.759 -1.491
3.066 2.744 -1.488
3.112 2.768 -1.507
3.094 2.734 -1.494
3.096 2.719 -1.49
3.086 2.693 -1.48
3.085 2.674 -1.475
3.098 2.677 -1.48
3.072 2.638 -1.462
2.33 5.236 -1.652
2.34 5.214 -1.648
2.349 5.211 -1.648
2.349 5.169 -1.636
2.37 5.172 -1.639
2.374 5.136 -1.63
2.372 5.089 -1.616
2.372 5.048 -1.605
2.39 5.044 -1.606
2.4 5.046 -1.608
2.386 4.976 -1.587
2.404 4.972 -1.588
2.404 4.932 -1.577
2.412 4.909 -1.571
2.412 4.87 -1.561
2.416 4.86 -1.558
2.417 4.823 -1.548
2.486 5.992 -1.64
2.497 5.966 -1.634
2.498 5.916 -1.622
2.488 5.865 -1.608
2.494 5.827 -1.599
2.495 5.779 -1.587
2.497 5.734 -1.576
2.536 6.974 -1.596
2.552 6.949 -1.592
2.563 6.91 -1.584
2.551 6.846 -1.569
2.551 6.779 -1.555
2.577 6.784 -1.558
2.571 6.705 -1.54
2.588 8.485 -1.593
2.609 8.46 -1.59
2.618 8.396 -1.578
2.615 8.292 -1.559
2.624 8.275 -1.556
2.638 8.229 -1.549
2.664 8.222 -1.549
2.676 8.169 -1.54
2.759 10.038 -1.528
2.779 9.988 -1.521
2.802 9.946 -1.516
2.824 9.907 -1.511
2.836 9.832 -1.5
2.822 9.725 -1.483
2.817 9.593 -1.462
0.565999 21.922 -1.415
0.598999 21.893 -1.413
0.667999 21.877 -1.411
0.736999 21.877 -1.412
0.803999 21.833 -1.409
0.870999 21.804 -1.407
0.939999 21.804 -1.407
1.008 21.783 -1.405
1.041 21.763 -1.404
1.11 21.778 -1.405
1.178 21.756 -1.404
1.245 21.734 -1.403
1.313 21.718 -1.402
1.38 21.702 -1.401
1.447 21.674 -1.399
1.48 21.656 -1.398
1.547 21.635 -1.397
1.614 21.624 -1.396
1.681 21.605 -1.395
1.748 21.584 -1.394
1.814 21.564 -1.393
1.847 21.551 -1.393
1.914 21.53 -1.391
1.981 21.519 -1.391
2.045 21.471 -1.388
2.11 21.445 -1.386
2.176 21.422 -1.385
2.243 21.411 -1.385
2.274 21.384 -1.383
2.34 21.365 -1.382
2.404 21.336 -1.381
2.469 21.304 -1.379
2.531 21.261 -1.376
2.6 21.269 -1.378
2.66 21.203 -1.373
2.693 21.197 -1.373
2.757 21.17 -1.372
2.821 21.142 -1.37
2.886 21.121 -1.369
2.95 21.1 -1.369
3.013 21.065 -1.367
3.077 21.042 -1.366
3.107 21.011 -1.364
0.763999 30.123 -1.309
0.810999 30.082 -1.307
0.902999 30.006 -1.304
0.995999 29.975 -1.302
1.089 29.932 -1.3
1.181 29.868 -1.297
1.273 29.816 -1.295
1.364 29.75 -1.292
1.409 29.716 -1.29
1.5 29.668 -1.288
1.591 29.617 -1.286
1.68 29.548 -1.282
1.771 29.513 -1.281
1.863 29.483 -1.28
1.955 29.479 -1.28
1.995 29.382 -1.275
2.091 29.428 -1.278
2.184 29.429 -1.278
2.274 29.38 -1.276
2.364 29.347 -1.275
2.455 29.327 -1.274
2.544 29.28 -1.272
2.588 29.254 -1.271
2.679 29.236 -1.271
2.768 29.205 -1.269
2.852 29.115 -1.265
2.941 29.074 -1.264
3.026 29.009 -1.261
3.113 28.958 -1.259
15.731 50.899 -0.912
15.83 50.654 -0.908
15.923 50.397 -0.903
16.011 50.125 -0.898
16.118 49.921 -0.895
16.213 49.68 -0.891
16.243 49.508 -0.887
16.351 49.314 -0.884
16.407 48.967 -0.878
16.542 48.862 -0.877
16.715 48.865 -0.878
16.859 48.788 -0.877
16.898 48.406 -0.87
16.587 47.278 -0.845
