2.80649 -0.26409 0.047224 -0.00212017
4.115 0.851 -1.522
4.107 0.836 -1.518
4.1 0.821 -1.514
4.082 0.79 -1.504
4.011 0.763 -1.475
4.019 0.752 -1.478
4.012 0.737 -1.474
3.999 0.728 -1.468
2.379 5.191 -1.646
2.377 5.143 -1.632
2.368 5.101 -1.619
2.368 5.059 -1.607
2.38 5.045 -1.605
2.393 5.03 -1.603
2.393 4.99 -1.591
2.476 5.994 -1.639
2.494 5.984 -1.639
2.493 5.93 -1.625
2.5 5.894 -1.617
2.499 5.84 -1.603
2.501 5.793 -1.591
2.5 5.741 -1.578
2.531 6.994 -1.6
2.541 6.953 -1.592
2.55 6.911 -1.583
2.565 6.882 -1.578
2.55 6.776 -1.554
2.576 6.782 -1.558
2.581 6.73 -1.547
2.592 8.5 -1.596
2.602 8.483 -1.593
2.612 8.422 -1.583
2.616 8.341 -1.568
2.627 8.286 -1.558
2.643 8.244 -1.552
2.66 8.207 -1.546
2.676 8.171 -1.54
2.734 10.07 -1.532
2.76 10.04 -1.528
2.777 9.978 -1.519
2.792 9.974 -1.519
2.809 9.914 -1.511
2.826 9.853 -1.502
2.826 9.738 -1.485
2.821 9.608 -1.465
3.5 11.836 -1.379
3.527 11.793 -1.375
3.537 11.693 -1.363
3.535 11.621 -1.354
3.562 11.579 -1.35
3.616 11.623 -1.358
3.625 11.525 -1.346
3.646 11.468 -1.34
3.594 11.185 -1.303
0.461999 21.927 -1.415
0.530999 21.897 -1.413
0.598999 21.887 -1.412
0.666999 21.863 -1.41
0.735999 21.845 -1.409
0.802999 21.823 -1.408
0.836999 21.81 -1.407
0.904999 21.789 -1.406
0.972999 21.762 -1.404
1.042 21.779 -1.405
1.108 21.726 -1.402
1.177 21.742 -1.403
1.245 21.724 -1.402
1.277 21.693 -1.4
1.345 21.68 -1.399
1.412 21.658 -1.398
1.479 21.64 -1.397
1.546 21.631 -1.397
1.614 21.616 -1.396
1.68 21.597 -1.395
1.713 21.582 -1.394
1.779 21.553 -1.392
1.844 21.512 -1.39
1.911 21.5 -1.389
1.976 21.47 -1.387
2.043 21.452 -1.386
2.109 21.435 -1.386
2.14 21.408 -1.384
2.207 21.393 -1.383
2.272 21.364 -1.382
2.338 21.345 -1.381
2.403 21.326 -1.38
2.467 21.29 -1.378
2.532 21.263 -1.376
2.564 21.253 -1.376
2.626 21.205 -1.373
2.69 21.177 -1.372
2.756 21.158 -1.371
2.819 21.13 -1.369
2.886 21.119 -1.369
2.917 21.101 -1.368
2.981 21.077 -1.367
3.043 21.036 -1.365
3.105 21.001 -1.363
20.935 14.505 -1.075
20.939 14.411 -1.073
20.951 14.323 -1.071
20.942 14.22 -1.068
20.876 14.127 -1.062
20.912 14.056 -1.062
20.985 14.009 -1.063
21.014 13.933 -1.062
21.036 13.853 -1.061
21.049 13.767 -1.059
21.067 13.684 -1.058
21.082 13.647 -1.057
21.076 13.549 -1.055
21.073 13.454 -1.052
21.093 13.374 -1.051
21.159 13.322 -1.052
21.184 13.245 -1.051
21.187 13.201 -1.05
21.198 13.116 -1.048
21.227 13.042 -1.047
21.238 12.956 -1.046
21.249 12.872 -1.044
21.231 12.77 -1.041
21.295 12.718 -1.042
21.328 12.647 -1.042
21.322 12.598 -1.04
21.338 12.517 -1.039
21.356 12.437 -1.037
21.375 12.358 -1.036
21.38 12.272 -1.034
21.422 12.207 -1.035
21.414 12.113 -1.032
21.424 12.074 -1.031
21.453 12.002 -1.031
21.468 11.922 -1.03
21.488 11.845 -1.028
21.506 11.767 -1.027
21.537 11.696 -1.027
21.539 11.609 -1.025
15.743 50.939 -0.913
15.848 50.714 -0.909
15.939 50.448 -0.904
16.025 50.169 -0.899
16.036 49.933 -0.895
16.135 49.707 -0.891
16.244 49.512 -0.888
16.354 49.322 -0.884
16.412 48.984 -0.878
16.529 48.823 -0.876
16.689 48.791 -0.876
16.78 48.805 -0.877
16.832 48.461 -0.871
16.59 47.287 -0.846
