-16.205 1.15139 -0.0468189 0.000876645
-7.675 11.895 -1.611
-7.657 11.949 -1.616
-7.642 12.008 -1.621
-7.603 12.031 -1.621
-7.577 12.073 -1.624
-7.575 12.112 -1.628
-7.518 12.105 -1.623
-7.518 12.191 -1.633
-7.518 12.277 -1.642
-7.494 12.325 -1.646
-7.471 12.375 -1.65
-7.455 12.392 -1.65
-7.438 12.453 -1.656
-7.419 12.511 -1.661
-6.004 16.559 -1.53
-5.973 16.634 -1.536
-5.952 16.741 -1.545
-5.91 16.789 -1.548
-5.892 16.908 -1.558
-5.863 16.996 -1.566
-5.85 17.044 -1.57
-5.814 17.115 -1.575
-5.78 17.192 -1.581
-4.266 21.881 -1.441
-4.217 21.998 -1.449
-4.164 22.095 -1.455
-4.115 22.214 -1.463
-4.102 22.34 -1.472
-4.053 22.47 -1.481
-3.993 22.54 -1.485
-3.93 22.598 -1.489
-3.869 22.673 -1.494
-1.682 29.844 -1.297
-1.6 30.067 -1.308
-1.517 30.303 -1.32
-1.433 30.533 -1.331
-1.348 30.779 -1.343
-1.308 30.982 -1.353
-1.216 31.118 -1.36
