-0.781989 -0.401403 -0.000353179 9.02636e-05
-7.998 13.62 -1.74
-8.03 13.774 -1.758
-8.124 14.036 -1.792
-8.098 17.747 -1.716
-8.047 17.781 -1.717
-8.032 17.897 -1.727
-8.024 18.031 -1.738
-8.062 18.193 -1.754
-8.058 18.338 -1.767
-8.027 18.424 -1.774
-8.542 24.859 -1.736
-8.509 24.891 -1.737
-8.416 24.875 -1.734
-8.333 24.886 -1.733
-8.309 25.075 -1.745
-8.322 25.381 -1.767
-8.337 25.697 -1.789
-8.345 26 -1.811
-8.356 26.175 -1.823
-13.126 34.574 -1.441
-13.181 35.051 -1.462
-13.277 35.646 -1.488
-13.256 35.937 -1.5
