-17.5262 1.34504 -0.0541529 0.000903645
-7.696 11.846 -1.607
-7.678 11.9 -1.612
-7.658 11.951 -1.616
-7.632 11.993 -1.619
-7.603 12.031 -1.621
-7.581 12.08 -1.625
-7.547 12.11 -1.626
-7.519 12.107 -1.623
-7.541 12.228 -1.638
-7.521 12.283 -1.643
-7.492 12.321 -1.645
-7.475 12.382 -1.651
-7.436 12.406 -1.651
-7.424 12.473 -1.657
-7.42 12.512 -1.661
-5.978 16.569 -1.53
-5.953 16.662 -1.538
-5.953 16.745 -1.545
-5.921 16.821 -1.551
-5.903 16.939 -1.562
-5.857 16.979 -1.564
-5.824 17.057 -1.57
-5.796 17.149 -1.578
-5.756 17.209 -1.582
-33.222 4.144 -2.101
-33.304 4.261 -2.108
-33.38 4.324 -2.114
-33.456 4.44 -2.12
-33.526 4.557 -2.126
-33.627 4.678 -2.134
-33.689 4.795 -2.139
-33.753 4.912 -2.145
-33.79 5.026 -2.148
-33.814 5.084 -2.151
-33.821 5.194 -2.152
-33.255 13.166 -1.387
-33.332 13.318 -1.393
-33.361 13.451 -1.396
-33.468 13.617 -1.403
-33.959 13.942 -1.429
-33.958 14.066 -1.431
-33.891 14.101 -1.429
-33.932 14.243 -1.433
-34.043 14.416 -1.441
