-15.7846 0.975652 -0.0311207 0.000480922
-7.855 11.41 -1.572
-7.863 11.499 -1.582
-7.826 11.522 -1.582
-7.804 11.568 -1.585
-7.771 11.597 -1.586
-7.749 11.645 -1.59
-7.739 11.668 -1.592
-7.679 11.658 -1.586
-7.659 11.707 -1.59
-7.652 11.778 -1.597
-7.652 11.858 -1.606
-7.658 11.951 -1.616
-7.639 12.003 -1.62
-7.629 12.03 -1.623
-7.611 12.086 -1.628
-7.558 12.085 -1.624
-4.642 20.834 -1.371
-4.605 20.979 -1.381
-4.556 21.07 -1.387
-4.514 21.201 -1.396
-4.457 21.258 -1.399
-4.412 21.375 -1.407
-4.401 21.492 -1.415
-4.351 21.593 -1.422
-4.301 21.695 -1.428
-33.469 13.679 -1.405
-33.928 13.991 -1.429
-33.984 14.139 -1.433
-33.884 14.223 -1.431
-33.887 14.349 -1.433
-34.01 14.528 -1.441
-34.145 14.649 -1.449
-34.228 14.812 -1.455
-34.355 14.996 -1.464
-6.634 37.215 -0.588
-6.572 37.555 -0.594
-6.57 37.89 -0.601
-6.511 38.267 -0.609
-6.452 38.657 -0.617
-6.397 39.085 -0.625
-6.394 39.851 -0.641
