-10.4732 0.910447 -0.0600049 0.000970033
-9.076 4.503 -1.837
-9.083 4.542 -1.842
-9.083 4.56 -1.843
-9.07 4.589 -1.844
-9.043 4.612 -1.841
-9.066 4.659 -1.849
-9.06 4.692 -1.851
-9.048 4.722 -1.852
-9.056 4.762 -1.857
-9.064 4.785 -1.86
-9.068 4.823 -1.864
-9.055 4.853 -1.864
-9.06 4.892 -1.869
-9.052 4.924 -1.871
-9.038 4.954 -1.871
-9.036 4.99 -1.874
-9.042 5.011 -1.877
-9.045 5.05 -1.881
-9.026 5.077 -1.88
-9.001 5.1 -1.879
-8.995 5.134 -1.881
-8.988 5.167 -1.883
-8.961 5.19 -1.88
-8.962 5.209 -1.882
-8.944 5.236 -1.882
-8.939 5.271 -1.885
-8.919 5.297 -1.884
-8.906 5.327 -1.885
-8.896 5.359 -1.886
-8.896 5.397 -1.89
-7.918 18.021 -1.733
-7.873 18.072 -1.736
-7.851 18.178 -1.745
-7.852 18.338 -1.759
-7.857 18.509 -1.775
-7.852 18.659 -1.788
-7.839 18.711 -1.793
-8.229 25.099 -1.745
-8.158 25.147 -1.747
-8.078 25.171 -1.747
-8.106 25.394 -1.763
-8.12 25.714 -1.786
-8.124 26.01 -1.807
-8.119 26.283 -1.826
-10.568 34.558 -1.611
-10.487 35.077 -1.635
-10.468 35.216 -1.641
-10.407 35.417 -1.65
-10.319 35.528 -1.654
-10.242 35.681 -1.66
-10.166 35.842 -1.667
-10.078 35.961 -1.672
-9.991 36.084 -1.676
-9.952 36.164 -1.68
-11.511 40.03 -0.668
-11.581 40.512 -0.678
-11.594 41.049 -0.689
-11.598 41.561 -0.7
-11.603 42.09 -0.71
-11.601 42.607 -0.721
