-15.9228 1.56829 -0.093948 0.00223782
-8.154 8.018 -1.691
-8.144 8.059 -1.694
-8.137 8.102 -1.698
-8.144 8.16 -1.705
-8.142 8.184 -1.708
-8.115 8.208 -1.708
-8.091 8.235 -1.708
-8.069 8.264 -1.709
-8.066 8.314 -1.714
-8.006 8.303 -1.706
-7.969 8.317 -1.704
-7.978 8.353 -1.709
-7.973 8.4 -1.714
-7.979 8.46 -1.721
-7.961 8.493 -1.723
-7.967 8.553 -1.731
-7.972 8.613 -1.738
-7.97 8.665 -1.744
-6.105 14.479 -1.73
-6.104 14.542 -1.737
-6.075 14.601 -1.742
-6.049 14.668 -1.749
-6.014 14.712 -1.752
-5.989 14.785 -1.759
-5.964 14.857 -1.766
-5.942 14.936 -1.774
-5.939 14.999 -1.781
-5.911 15.064 -1.787
-4.585 19.29 -1.747
-4.569 19.359 -1.754
-4.527 19.455 -1.762
-4.49 19.572 -1.772
-4.448 19.671 -1.781
-4.408 19.782 -1.791
-4.361 19.866 -1.798
-28.139 18.295 -2.107
-28.312 18.471 -2.124
-28.828 18.937 -2.171
-28.828 19.067 -2.176
-28.954 19.282 -2.191
-29.108 19.517 -2.209
-28.877 19.493 -2.195
-28.97 19.623 -2.205
