-5.83944 0.0534801 -0.00464989 6.37446e-05
-5.683 3.128 -1.64
-5.692 3.156 -1.645
-5.687 3.177 -1.647
-5.692 3.192 -1.65
-5.692 3.215 -1.653
-5.684 3.234 -1.654
-5.683 3.258 -1.657
-5.693 3.287 -1.663
-5.688 3.308 -1.665
-5.683 3.328 -1.666
-5.689 3.344 -1.67
-5.687 3.367 -1.673
-5.683 3.389 -1.675
-5.682 3.412 -1.678
-5.683 3.437 -1.682
-5.672 3.455 -1.682
-5.67 3.478 -1.684
-5.662 3.486 -1.684
-5.663 3.511 -1.687
-5.655 3.53 -1.688
-5.662 3.559 -1.694
-5.659 5.053 -1.634
-5.663 5.089 -1.641
-5.663 5.121 -1.646
-5.66 5.15 -1.65
-5.666 5.188 -1.656
-5.654 5.209 -1.658
-5.659 5.247 -1.664
-5.662 5.266 -1.668
-5.67 5.307 -1.676
-5.656 5.327 -1.677
-5.659 5.364 -1.683
-5.649 5.388 -1.685
-5.639 5.412 -1.688
-5.624 5.431 -1.688
-5.657 6.892 -1.602
-5.655 6.934 -1.608
-5.665 6.99 -1.617
-5.656 7.024 -1.622
-5.665 7.08 -1.631
-5.666 7.127 -1.638
-5.651 7.154 -1.641
-5.675 7.208 -1.652
-5.664 7.241 -1.655
-5.729 9.082 -1.58
-5.731 9.149 -1.589
-5.72 9.195 -1.594
-5.72 9.258 -1.603
-5.724 9.298 -1.609
-5.699 9.322 -1.61
-5.671 9.343 -1.61
-5.665 9.398 -1.617
-5.686 9.501 -1.633
-5.67 9.542 -1.637
-5.782 12.551 -1.568
-5.807 12.658 -1.582
-5.799 12.746 -1.592
-5.797 12.85 -1.604
-5.787 12.935 -1.613
-5.739 13.049 -1.624
-5.969 16.544 -1.527
-5.98 16.737 -1.546
-5.983 16.913 -1.562
-6.019 17.186 -1.588
-6.042 17.338 -1.603
-6.037 17.5 -1.618
-6.003 17.579 -1.624
-3.817 24.686 -1.639
-3.743 24.719 -1.641
-3.705 24.729 -1.641
-3.631 24.77 -1.643
-3.556 24.797 -1.645
-3.483 24.842 -1.647
-3.405 24.853 -1.647
-3.329 24.881 -1.648
-3.255 24.925 -1.651
-3.222 24.98 -1.655
-3.147 25.011 -1.656
-3.08 25.116 -1.663
-3.031 25.377 -1.682
-2.966 25.508 -1.691
-14.615 35.765 -1.515
-14.561 35.953 -1.522
-14.577 36.156 -1.53
-14.39 36.018 -1.521
-14.341 36.226 -1.529
-14.268 36.375 -1.534
-14.186 36.504 -1.538
-14.311 37.171 -1.568
-33.599 44.435 -0.963
-33.775 44.961 -0.974
-34.029 45.597 -0.988
-34.353 46.184 -1.002
-34.613 46.84 -1.016
