1.29752 0.303906 -0.0199456 0.00036385
3.105 2.823 -1.52
3.088 2.79 -1.506
3.073 2.767 -1.496
3.07 2.748 -1.49
3.112 2.768 -1.507
3.104 2.743 -1.499
3.106 2.727 -1.495
3.091 2.696 -1.483
3.088 2.677 -1.477
3.102 2.681 -1.482
3.078 2.643 -1.465
2.325 5.224 -1.648
2.343 5.22 -1.649
2.351 5.193 -1.643
2.346 5.162 -1.633
2.374 5.18 -1.642
2.371 5.129 -1.627
2.368 5.08 -1.613
2.372 5.048 -1.605
2.385 5.034 -1.603
2.398 5.041 -1.606
2.386 4.974 -1.586
2.466 5.996 -1.639
2.484 5.987 -1.638
2.498 5.968 -1.635
2.491 5.9 -1.617
2.499 5.867 -1.61
2.488 5.813 -1.595
2.492 5.773 -1.586
2.523 7.008 -1.602
2.536 6.972 -1.595
2.549 6.942 -1.59
2.56 6.903 -1.582
2.556 6.825 -1.565
2.554 6.789 -1.557
2.578 6.788 -1.559
2.566 6.69 -1.537
2.612 8.468 -1.591
2.617 8.392 -1.577
2.625 8.324 -1.565
2.634 8.263 -1.555
2.637 8.227 -1.548
2.66 8.209 -1.546
2.674 8.165 -1.539
2.782 9.997 -1.523
2.802 9.948 -1.516
2.825 9.909 -1.511
2.835 9.826 -1.499
2.836 9.717 -1.482
2.817 9.595 -1.463
0.359999 21.98 -1.419
0.427999 21.937 -1.415
0.496999 21.914 -1.414
0.564999 21.896 -1.413
0.632999 21.876 -1.411
0.701999 21.86 -1.41
0.735999 21.853 -1.41
0.803999 21.827 -1.408
0.870999 21.79 -1.406
0.938999 21.78 -1.405
1.007 21.759 -1.404
1.074 21.739 -1.403
1.109 21.754 -1.404
1.177 21.738 -1.403
1.244 21.716 -1.401
1.311 21.69 -1.4
1.379 21.682 -1.4
1.446 21.66 -1.398
1.513 21.637 -1.397
1.546 21.619 -1.396
1.612 21.594 -1.394
1.68 21.589 -1.394
1.746 21.558 -1.392
1.809 21.503 -1.389
1.877 21.501 -1.389
1.944 21.485 -1.388
1.975 21.456 -1.386
2.042 21.446 -1.386
2.107 21.413 -1.384
2.174 21.403 -1.384
2.24 21.39 -1.383
2.306 21.363 -1.382
2.371 21.341 -1.381
2.402 21.318 -1.379
2.467 21.29 -1.378
2.529 21.243 -1.375
2.597 21.247 -1.376
2.659 21.193 -1.373
2.722 21.163 -1.371
2.788 21.15 -1.371
2.819 21.124 -1.369
0.669999 30.136 -1.31
0.763999 30.109 -1.309
0.857999 30.067 -1.307
0.949999 30.002 -1.304
0.995999 29.949 -1.301
1.088 29.908 -1.299
1.18 29.85 -1.296
1.272 29.804 -1.294
1.363 29.74 -1.291
1.454 29.688 -1.289
1.546 29.651 -1.287
1.59 29.593 -1.284
1.68 29.536 -1.282
1.771 29.503 -1.28
1.862 29.477 -1.279
1.953 29.451 -1.278
2.041 29.379 -1.275
2.135 29.396 -1.276
2.182 29.401 -1.277
2.273 29.378 -1.276
2.362 29.331 -1.274
2.453 29.302 -1.273
2.544 29.288 -1.273
2.635 29.268 -1.272
2.725 29.231 -1.271
2.768 29.197 -1.269
2.853 29.125 -1.266
2.94 29.072 -1.264
3.028 29.027 -1.262
3.113 28.956 -1.259
15.807 50.861 -0.912
15.821 50.628 -0.907
15.915 50.37 -0.903
16.006 50.112 -0.898
16.108 49.888 -0.894
16.2 49.64 -0.89
16.322 49.488 -0.888
16.434 49.306 -0.885
16.4 48.946 -0.877
16.536 48.843 -0.876
16.716 48.869 -0.878
16.864 48.801 -0.878
16.637 47.66 -0.853
