-6.83137 0.127241 -0.00368905 4.54152e-05
-6.281 4.355 -1.647
-6.282 4.371 -1.65
-6.274 4.395 -1.651
-6.286 4.432 -1.659
-6.282 4.459 -1.661
-6.282 4.489 -1.665
-6.274 4.513 -1.667
-6.271 4.541 -1.67
-6.27 4.555 -1.672
-6.264 4.58 -1.674
-6.271 4.616 -1.681
-6.258 4.637 -1.681
-6.252 4.662 -1.683
-6.259 4.698 -1.69
-6.249 4.721 -1.691
-6.26 4.745 -1.697
-6.073 6.875 -1.652
-6.065 6.909 -1.655
-6.052 6.938 -1.658
-6.057 6.988 -1.666
-6.057 7.033 -1.673
-6.051 7.048 -1.674
-6.06 7.103 -1.683
-6.058 7.146 -1.689
-6.04 7.171 -1.691
-6.037 7.212 -1.696
-6.037 7.258 -1.703
-5.931 9.599 -1.667
-5.93 9.665 -1.675
-5.926 9.727 -1.683
-5.917 9.781 -1.69
-5.912 9.842 -1.698
-5.91 9.908 -1.707
-5.893 9.95 -1.711
-5.901 10 -1.719
-5.696 14.256 -1.686
-5.694 14.381 -1.7
-5.683 14.486 -1.711
-5.673 14.596 -1.723
-5.67 14.723 -1.738
-5.667 14.786 -1.745
-5.472 19.109 -1.752
-5.467 19.32 -1.772
-5.448 19.484 -1.787
-5.421 19.626 -1.8
-5.383 19.727 -1.808
-5.388 26.286 -1.776
-5.374 26.641 -1.801
-5.328 26.845 -1.815
-5.362 27.465 -1.861
-5.363 27.702 -1.878
-12.027 50.143 -2.09
-11.905 50.33 -2.097
-11.782 50.519 -2.104
-11.798 50.952 -2.123
-11.741 51.439 -2.143
-11.642 51.756 -2.156
