1.08765 0.374303 -0.0248541 0.000453225
2.245 3.551 -1.654
2.232 3.518 -1.639
2.243 3.511 -1.639
2.231 3.468 -1.621
2.234 3.449 -1.615
2.259 3.463 -1.626
2.256 3.436 -1.616
2.254 3.409 -1.605
2.22 3.347 -1.576
2.311 5.169 -1.631
2.316 5.16 -1.629
2.324 5.134 -1.623
2.351 5.151 -1.631
2.359 5.124 -1.624
2.372 5.11 -1.622
2.356 5.035 -1.599
2.351 4.982 -1.584
2.352 4.963 -1.578
2.463 5.884 -1.61
2.486 5.887 -1.613
2.487 5.837 -1.601
2.485 5.783 -1.587
2.488 5.738 -1.576
2.485 5.682 -1.562
2.484 5.63 -1.549
2.497 6.969 -1.592
2.497 6.899 -1.576
2.506 6.856 -1.568
2.53 6.856 -1.57
2.536 6.837 -1.566
2.539 6.78 -1.554
2.545 6.73 -1.544
2.57 6.733 -1.546
2.565 6.657 -1.53
2.591 8.353 -1.569
2.592 8.311 -1.561
2.6 8.243 -1.549
2.621 8.22 -1.546
2.633 8.169 -1.537
2.652 8.14 -1.533
2.656 8.066 -1.52
2.666 8.009 -1.51
2.755 9.96 -1.516
2.783 9.939 -1.514
2.793 9.855 -1.501
2.773 9.727 -1.481
2.772 9.606 -1.462
4.94 9.563 -1.253
4.955 9.519 -1.248
4.999 9.53 -1.252
5.009 9.478 -1.247
5.022 9.43 -1.242
5.022 9.394 -1.238
5.022 9.323 -1.229
5.035 9.277 -1.225
5.067 9.266 -1.225
5.102 9.261 -1.227
5.156 9.29 -1.234
5.162 9.266 -1.231
5.175 9.222 -1.227
5.226 9.244 -1.233
5.229 9.183 -1.226
5.212 9.085 -1.214
5.23 9.05 -1.211
5.224 8.975 -1.202
0.322999 28.659 -1.236
0.412999 28.608 -1.233
0.501999 28.557 -1.231
0.589999 28.497 -1.228
0.633999 28.46 -1.226
0.722999 28.418 -1.224
0.810999 28.376 -1.222
0.898999 28.345 -1.22
0.986999 28.308 -1.219
1.074 28.259 -1.216
1.161 28.208 -1.214
1.204 28.174 -1.212
1.291 28.128 -1.21
1.378 28.1 -1.209
1.465 28.073 -1.208
1.55 28.017 -1.205
1.637 27.986 -1.204
1.723 27.943 -1.202
1.765 27.914 -1.201
1.851 27.887 -1.2
1.937 27.853 -1.198
2.022 27.817 -1.197
2.108 27.788 -1.196
2.193 27.757 -1.195
2.278 27.719 -1.193
2.319 27.685 -1.191
2.402 27.628 -1.189
2.483 27.563 -1.186
2.565 27.505 -1.184
15.477 47.682 -0.846
15.47 47.409 -0.841
15.543 47.13 -0.836
15.614 46.85 -0.83
15.679 46.556 -0.825
15.749 46.285 -0.82
15.819 46.016 -0.815
15.873 45.705 -0.809
15.871 45.469 -0.805
15.938 45.206 -0.8
16.004 44.943 -0.795
