4.63137 -1.18104 0.173749 -0.00671317
2.211 4.349 -1.734
2.212 4.318 -1.723
2.217 4.294 -1.716
2.216 4.261 -1.705
2.208 4.229 -1.693
2.215 4.211 -1.688
2.213 4.176 -1.676
2.235 4.962 -1.733
2.243 4.94 -1.727
2.246 4.905 -1.717
2.252 4.878 -1.709
2.25 4.833 -1.695
2.248 4.792 -1.682
2.287 5.535 -1.732
2.278 5.489 -1.718
2.287 5.461 -1.711
2.285 5.408 -1.695
2.288 5.367 -1.684
2.285 5.314 -1.669
2.288 5.275 -1.658
5.199 5.331 -1.602
5.204 5.302 -1.598
5.206 5.271 -1.593
5.229 5.261 -1.595
5.215 5.214 -1.585
5.224 5.207 -1.586
5.234 5.184 -1.583
5.228 5.145 -1.576
5.225 5.11 -1.57
5.278 5.13 -1.582
5.273 5.093 -1.575
5.277 5.064 -1.571
5.283 5.054 -1.571
5.279 5.019 -1.564
5.282 4.99 -1.56
5.281 4.958 -1.555
5.309 4.953 -1.559
5.324 4.935 -1.558
5.338 4.933 -1.561
5.335 4.899 -1.555
5.344 4.876 -1.553
5.337 4.839 -1.546
6.336 6.229 -1.596
6.33 6.204 -1.592
6.334 6.168 -1.587
6.341 6.136 -1.584
6.294 6.052 -1.566
6.272 5.993 -1.555
6.255 5.939 -1.546
6.245 5.91 -1.54
5.596 9.304 -1.599
5.612 9.266 -1.595
5.629 9.228 -1.591
5.644 9.187 -1.587
5.652 9.168 -1.585
5.643 9.089 -1.574
5.689 9.098 -1.579
5.691 9.039 -1.571
5.704 8.996 -1.566
5.716 8.953 -1.561
5.724 8.934 -1.56
5.747 8.909 -1.558
5.766 8.876 -1.555
5.8 8.868 -1.557
5.812 8.825 -1.553
5.818 8.774 -1.546
6.094 12.48 -1.577
6.099 12.44 -1.573
6.109 12.362 -1.564
6.122 12.292 -1.557
6.174 12.299 -1.561
6.217 12.288 -1.562
6.222 12.203 -1.553
6.217 12.148 -1.546
6.243 12.104 -1.543
6.354 12.225 -1.563
6.376 12.173 -1.558
6.406 12.137 -1.556
6.335 11.912 -1.526
6.564 16.311 -1.527
6.621 16.307 -1.529
6.647 16.297 -1.529
6.644 16.143 -1.514
6.67 16.063 -1.508
6.687 15.961 -1.5
6.702 15.858 -1.491
6.683 15.674 -1.473
6.734 15.658 -1.474
6.798 15.737 -1.484
6.875 15.781 -1.491
6.929 15.769 -1.492
6.9 15.568 -1.472
6.897 15.43 -1.46
6.931 15.376 -1.456
6.99 15.379 -1.459
6.953 15.233 -1.444
6.99 15.187 -1.442
7.044 15.18 -1.443
7.126 15.231 -1.451
7.121 15.095 -1.439
7.122 14.976 -1.429
7.151 14.916 -1.425
7.952 20.807 -1.44
7.956 20.62 -1.427
8.001 20.546 -1.423
8.04 20.454 -1.418
8.025 20.323 -1.409
8.146 20.44 -1.42
8.13 20.214 -1.404
8.142 20.061 -1.394
8.148 19.897 -1.383
30.844 11.982 -1.458
30.829 11.865 -1.455
30.838 11.758 -1.454
30.823 11.641 -1.451
30.844 11.539 -1.45
30.804 11.468 -1.447
30.812 11.361 -1.445
30.797 11.246 -1.443
30.796 11.136 -1.441
30.797 11.027 -1.439
30.79 10.916 -1.437
30.774 10.801 -1.434
30.764 10.743 -1.433
30.756 10.632 -1.43
30.752 10.523 -1.428
30.754 10.416 -1.427
30.749 10.306 -1.425
30.76 10.203 -1.424
30.754 10.093 -1.422
30.728 10.031 -1.419
30.716 9.921 -1.417
30.719 9.815 -1.416
30.709 9.706 -1.414
30.726 9.605 -1.413
30.722 9.498 -1.411
30.693 9.436 -1.409
30.68 9.327 -1.407
41.957 64.11 -1.401
41.963 63.682 -1.394
42.063 63.399 -1.39
42.035 63.141 -1.385
42.098 62.808 -1.38
41.635 61.698 -1.356
41.85 61.598 -1.356
41.894 61.248 -1.351
