1.92865 0.0946481 -0.000388454 -5.24942e-05
4.109 0.836 -1.518
4.102 0.821 -1.515
4.101 0.808 -1.513
4.054 0.785 -1.494
4.011 0.763 -1.475
4.024 0.753 -1.48
4.036 0.742 -1.483
4.008 0.73 -1.472
3.992 0.714 -1.464
2.562 4.752 -1.549
2.551 4.714 -1.538
2.553 4.683 -1.529
2.558 4.656 -1.523
2.564 4.633 -1.518
2.569 4.607 -1.511
2.59 4.61 -1.515
2.584 4.583 -1.507
2.593 4.565 -1.503
2.595 4.535 -1.496
2.493 5.983 -1.638
2.491 5.925 -1.623
2.498 5.889 -1.615
2.497 5.835 -1.601
2.499 5.789 -1.59
2.496 5.732 -1.576
2.488 5.689 -1.564
2.527 6.983 -1.597
2.545 6.964 -1.595
2.548 6.905 -1.582
2.561 6.872 -1.576
2.556 6.792 -1.558
2.577 6.784 -1.558
2.574 6.712 -1.542
2.588 8.485 -1.593
2.599 8.474 -1.592
2.612 8.42 -1.582
2.614 8.333 -1.566
2.629 8.29 -1.559
2.64 8.235 -1.55
2.659 8.206 -1.546
2.676 8.169 -1.54
2.759 10.036 -1.528
2.777 9.98 -1.52
2.791 9.97 -1.519
2.81 9.917 -1.512
2.826 9.855 -1.503
2.823 9.729 -1.483
2.825 9.621 -1.467
3.167 12.913 -1.501
3.202 12.881 -1.498
3.234 12.837 -1.494
3.194 12.513 -1.452
3.14 12.224 -1.415
1.345 21.686 -1.4
1.412 21.67 -1.399
1.48 21.658 -1.398
1.547 21.635 -1.397
1.614 21.622 -1.396
1.647 21.606 -1.395
1.713 21.582 -1.394
1.78 21.563 -1.393
1.843 21.502 -1.389
1.91 21.494 -1.389
1.977 21.476 -1.388
2.043 21.459 -1.387
2.075 21.434 -1.385
2.143 21.432 -1.386
2.207 21.397 -1.384
2.273 21.376 -1.383
2.34 21.367 -1.383
2.404 21.336 -1.381
2.468 21.302 -1.379
2.499 21.275 -1.377
2.563 21.245 -1.375
2.63 21.233 -1.375
2.691 21.185 -1.372
2.757 21.168 -1.372
2.82 21.132 -1.37
2.885 21.117 -1.369
2.916 21.095 -1.368
2.98 21.072 -1.367
3.044 21.046 -1.366
3.104 20.995 -1.363
3.168 20.968 -1.361
3.23 20.936 -1.36
3.26 20.909 -1.358
3.326 20.903 -1.358
3.391 20.886 -1.358
3.452 20.85 -1.356
3.516 20.831 -1.355
3.579 20.802 -1.354
3.641 20.777 -1.353
3.671 20.756 -1.352
3.733 20.722 -1.35
3.795 20.693 -1.349
1.318 29.782 -1.293
1.409 29.716 -1.29
1.501 29.684 -1.289
1.592 29.637 -1.287
1.681 29.564 -1.283
1.725 29.513 -1.281
1.815 29.47 -1.279
1.909 29.486 -1.28
1.996 29.398 -1.276
2.088 29.388 -1.276
2.184 29.423 -1.278
2.273 29.376 -1.276
2.316 29.335 -1.274
2.407 29.305 -1.273
2.499 29.298 -1.273
2.588 29.256 -1.271
2.68 29.25 -1.271
2.766 29.181 -1.268
2.855 29.141 -1.267
2.895 29.084 -1.264
2.982 29.032 -1.262
3.069 28.978 -1.26
3.155 28.927 -1.258
3.239 28.853 -1.254
3.326 28.811 -1.253
3.368 28.774 -1.251
3.454 28.726 -1.249
3.538 28.667 -1.247
3.624 28.62 -1.245
3.707 28.557 -1.242
