2.50841 -1.84019 0.110978 -0.00187314
-6.159 16.343 -1.515
-6.128 16.416 -1.521
-6.101 16.501 -1.528
-6.063 16.559 -1.532
-6.022 16.608 -1.535
-5.979 16.651 -1.538
-5.98 16.737 -1.546
-5.934 16.775 -1.547
-5.919 16.9 -1.559
-5.895 17.001 -1.567
-4.332 21.674 -1.427
-4.294 21.841 -1.439
-4.25 21.983 -1.449
-4.19 22.041 -1.452
-4.142 22.17 -1.461
-4.094 22.299 -1.469
-4.044 22.421 -1.477
-4.03 22.548 -1.486
-15.77 42.15 -1.798
-15.715 42.409 -1.808
-15.663 42.682 -1.819
-15.676 42.924 -1.829
-15.618 43.187 -1.839
-15.566 43.47 -1.85
-15.471 43.637 -1.856
