4.08736 -0.717535 0.0900267 -0.00277588
2.383 3.968 -1.639
2.377 3.931 -1.625
2.379 3.907 -1.618
2.38 3.895 -1.615
2.374 3.858 -1.601
2.375 3.833 -1.593
2.383 3.819 -1.591
2.37 3.772 -1.573
2.559 4.747 -1.548
2.557 4.707 -1.536
2.56 4.677 -1.529
2.558 4.656 -1.523
2.554 4.615 -1.511
2.573 4.615 -1.514
2.579 4.592 -1.509
2.59 4.577 -1.506
2.608 4.575 -1.509
2.6 4.527 -1.494
2.486 5.992 -1.64
2.498 5.968 -1.635
2.493 5.903 -1.618
2.496 5.885 -1.614
2.496 5.833 -1.601
2.493 5.775 -1.586
2.544 6.996 -1.601
2.554 6.955 -1.593
2.555 6.89 -1.579
2.567 6.855 -1.572
2.556 6.792 -1.558
2.569 6.764 -1.553
2.573 6.71 -1.542
2.564 8.503 -1.595
2.585 8.478 -1.592
2.61 8.464 -1.59
2.618 8.396 -1.578
2.628 8.333 -1.567
2.62 8.263 -1.554
2.637 8.227 -1.548
2.661 8.213 -1.547
2.673 8.16 -1.538
2.734 10.07 -1.532
2.758 10.032 -1.527
2.778 9.984 -1.52
2.803 9.95 -1.516
2.821 9.898 -1.509
2.832 9.819 -1.497
2.822 9.725 -1.483
2.819 9.598 -1.463
3.503 11.846 -1.381
3.529 11.799 -1.376
3.531 11.672 -1.36
3.555 11.621 -1.355
3.606 11.655 -1.361
3.606 11.593 -1.354
3.625 11.525 -1.346
3.637 11.439 -1.336
3.615 11.247 -1.312
0.496999 21.922 -1.414
0.564999 21.9 -1.413
0.632999 21.869 -1.411
0.667999 21.867 -1.411
0.734999 21.841 -1.409
0.803999 21.825 -1.408
0.870999 21.806 -1.407
0.938999 21.782 -1.405
1.007 21.761 -1.404
1.04 21.751 -1.403
1.109 21.742 -1.403
1.177 21.742 -1.403
1.244 21.72 -1.402
1.312 21.7 -1.401
1.379 21.688 -1.4
1.446 21.658 -1.398
1.479 21.644 -1.397
1.546 21.627 -1.396
1.612 21.592 -1.394
1.679 21.583 -1.394
1.747 21.57 -1.393
1.812 21.542 -1.392
1.879 21.529 -1.391
1.913 21.518 -1.39
1.978 21.488 -1.389
2.046 21.483 -1.389
2.111 21.455 -1.387
2.178 21.446 -1.387
2.243 21.413 -1.385
2.305 21.359 -1.382
2.338 21.347 -1.381
2.401 21.306 -1.379
2.466 21.284 -1.378
2.53 21.251 -1.376
2.598 21.253 -1.376
2.659 21.199 -1.373
2.723 21.167 -1.371
2.756 21.158 -1.371
2.82 21.132 -1.37
2.884 21.109 -1.369
2.948 21.08 -1.367
3.013 21.063 -1.366
3.075 21.028 -1.365
3.102 20.981 -1.361
15.727 50.885 -0.912
15.819 50.62 -0.907
15.915 50.37 -0.903
15.997 50.084 -0.897
16.08 49.803 -0.892
16.171 49.551 -0.888
16.227 49.461 -0.886
16.343 49.29 -0.884
16.393 48.927 -0.877
16.525 48.811 -0.875
16.701 48.825 -0.877
16.848 48.755 -0.877
16.615 47.596 -0.852
