2.50945 -0.316694 0.0349494 -0.000999016
1.707 3.993 -1.713
1.703 3.967 -1.703
1.707 3.943 -1.694
1.716 3.931 -1.691
1.725 3.917 -1.687
1.731 3.898 -1.681
1.735 3.874 -1.672
1.745 3.864 -1.67
1.749 3.858 -1.668
1.758 3.846 -1.665
1.771 3.842 -1.666
1.783 3.836 -1.666
1.791 3.822 -1.662
1.785 4.342 -1.664
1.796 4.331 -1.662
1.8 4.301 -1.652
1.807 4.282 -1.646
1.809 4.25 -1.635
1.812 4.237 -1.631
1.813 4.204 -1.62
1.822 4.19 -1.616
1.832 4.177 -1.613
1.61 5.082 -1.695
1.618 5.077 -1.694
1.631 5.063 -1.691
1.651 5.071 -1.696
1.661 5.048 -1.689
1.673 5.033 -1.686
1.692 5.037 -1.689
1.695 4.994 -1.676
1.685 4.94 -1.657
1.702 4.938 -1.658
1.71 4.913 -1.651
1.714 4.874 -1.639
4.02 11.832 -1.859
4.049 11.795 -1.855
4.084 11.777 -1.854
4.104 11.715 -1.846
4.113 11.683 -1.842
4.143 11.649 -1.838
4.164 11.593 -1.831
4.188 11.547 -1.825
4.213 11.5 -1.82
4.239 11.461 -1.815
4.245 11.423 -1.81
4.268 11.372 -1.804
5.416 14.45 -1.774
5.445 14.391 -1.769
5.488 14.368 -1.768
5.517 14.308 -1.762
5.55 14.259 -1.758
5.554 14.14 -1.744
5.618 14.171 -1.75
5.634 14.147 -1.748
5.68 14.133 -1.749
5.733 14.137 -1.752
5.775 14.113 -1.751
5.818 14.09 -1.75
5.856 14.057 -1.748
5.872 14.033 -1.746
5.899 13.974 -1.741
5.945 13.961 -1.741
5.98 13.922 -1.739
6.021 13.896 -1.738
6.07 13.89 -1.739
6.116 13.876 -1.74
6.17 13.88 -1.743
6.18 13.845 -1.74
6.227 13.833 -1.741
6.268 13.808 -1.74
6.305 13.774 -1.738
6.342 13.741 -1.736
6.378 13.705 -1.734
6.416 13.674 -1.733
6.431 13.652 -1.731
6.447 13.576 -1.723
2.883 19.289 -1.715
2.932 19.203 -1.708
2.954 19.143 -1.702
3.01 19.106 -1.7
3.069 19.095 -1.699
3.123 19.044 -1.695
3.175 18.991 -1.691
3.233 18.967 -1.69
3.283 18.902 -1.684
3.306 18.859 -1.68
3.35 18.762 -1.672
3.395 18.675 -1.664
0.816999 25.6 -1.686
0.894999 25.522 -1.681
0.952999 24.923 -1.637
0.976999 24.535 -1.608
1.051 24.462 -1.603
1.122 24.329 -1.593
4.715 40.907 -1.628
4.822 40.717 -1.62
4.923 40.476 -1.61
5.02 40.226 -1.599
5.045 39.915 -1.586
5.137 39.643 -1.574
5.238 39.449 -1.566
1.287 68.845 -1.239
1.495 68.495 -1.231
1.705 68.26 -1.227
1.909 67.886 -1.219
2.115 67.67 -1.215
2.212 67.377 -1.208
2.417 67.184 -1.205
2.615 66.842 -1.198
2.816 66.632 -1.193
3.017 66.429 -1.189
3.214 66.197 -1.185
