-5.23304 -0.204638 0.0211047 -0.000607551
-6.169 3.17 -1.484
-6.167 3.194 -1.486
-6.166 3.218 -1.488
-6.166 3.243 -1.491
-6.168 3.256 -1.493
-6.158 3.275 -1.493
-6.144 3.293 -1.492
-6.14 3.316 -1.493
-6.145 3.343 -1.498
-6.14 3.365 -1.499
-6.135 3.387 -1.5
-6.126 3.408 -1.501
-6.117 3.415 -1.5
-6.11 3.436 -1.501
-6.109 3.461 -1.503
-6.113 3.489 -1.507
-6.106 3.51 -1.508
-6.111 3.539 -1.513
-6.104 3.56 -1.514
-6.113 3.579 -1.518
-6.1 3.597 -1.517
-6.102 3.624 -1.521
-6.106 3.652 -1.525
-6.093 3.67 -1.525
-6.086 3.692 -1.526
-6.091 3.708 -1.529
-6.082 3.729 -1.53
-6.08 3.754 -1.532
-6.07 3.774 -1.533
-6.067 3.799 -1.535
-5.847 6.579 -1.58
-5.846 6.62 -1.585
-5.846 6.662 -1.592
-5.841 6.698 -1.596
-5.819 6.715 -1.596
-5.828 6.768 -1.605
-5.811 6.791 -1.606
-5.81 6.812 -1.609
-5.804 6.848 -1.614
-5.825 6.916 -1.626
-5.81 6.943 -1.628
-5.797 6.972 -1.631
-5.783 6.999 -1.633
-5.817 8.909 -1.564
-5.803 8.948 -1.568
-5.8 9.005 -1.576
-5.804 9.042 -1.581
-5.799 9.097 -1.588
-5.797 9.157 -1.596
-5.796 9.22 -1.604
-5.792 9.276 -1.611
-5.779 9.321 -1.616
-5.681 12.538 -1.561
-5.68 12.641 -1.573
-5.668 12.723 -1.582
-5.669 12.833 -1.595
-5.66 12.923 -1.605
-5.642 12.992 -1.612
-5.624 13.008 -1.613
-5.68 16.722 -1.534
-5.68 16.896 -1.551
-5.668 17.036 -1.563
-5.672 17.228 -1.581
-5.684 17.356 -1.594
-5.644 17.419 -1.598
-5.848 22.253 -1.494
-5.848 22.539 -1.515
-5.848 22.83 -1.535
-5.843 22.963 -1.545
-5.781 23.328 -1.57
-26.385 30.314 -1.584
-26.419 30.546 -1.593
-26.469 30.799 -1.603
-26.512 31.046 -1.612
-26.538 31.276 -1.621
-26.613 31.464 -1.629
-26.602 31.653 -1.635
