-4.8424 -0.530848 0.0419836 -0.000714704
-7.543 8.6 -1.691
-7.528 8.637 -1.694
-7.51 8.671 -1.696
-7.502 8.717 -1.701
-7.469 8.735 -1.7
-7.458 8.75 -1.7
-7.443 8.788 -1.704
-7.459 8.863 -1.714
-7.448 8.906 -1.718
-7.417 8.926 -1.718
-7.409 8.974 -1.723
-7.385 9.001 -1.724
-7.382 9.027 -1.726
-7.375 9.076 -1.732
-7.367 9.125 -1.737
-7.364 9.179 -1.743
-5.818 14.761 -1.749
-5.787 14.818 -1.754
-5.759 14.884 -1.76
-5.736 14.963 -1.768
-5.716 15.054 -1.778
-5.707 15.1 -1.782
-5.693 15.209 -1.794
-5.66 15.266 -1.8
-5.617 15.296 -1.801
-4.558 19.446 -1.762
-4.524 19.578 -1.774
-4.485 19.691 -1.784
-4.446 19.804 -1.793
-4.409 19.933 -1.805
-4.396 20.023 -1.813
-4.349 20.111 -1.821
-18.926 28.519 -2.153
-18.903 28.68 -2.161
-18.915 28.797 -2.168
-18.89 28.956 -2.177
-18.854 29.101 -2.184
-18.843 29.286 -2.194
-18.802 29.424 -2.2
-18.748 29.544 -2.205
-18.692 29.662 -2.21
-17.531 61.491 -2.64
-17.526 62.215 -2.671
-17.531 62.992 -2.705
