-79.797 16.3624 -1.19406 0.0277326
-7.674 11.893 -1.611
-7.646 11.932 -1.613
-7.634 11.997 -1.619
-7.623 12.02 -1.621
-7.595 12.059 -1.623
-7.58 12.12 -1.629
-7.522 12.112 -1.624
-7.495 12.154 -1.627
-7.515 12.272 -1.641
-7.489 12.316 -1.644
-7.487 12.357 -1.649
-7.456 12.394 -1.651
-7.437 12.451 -1.656
-7.413 12.5 -1.659
-7.383 12.539 -1.662
-6.128 16.339 -1.514
-6.093 16.401 -1.518
-6.085 16.459 -1.523
-6.054 16.535 -1.529
-6.008 16.57 -1.531
-5.976 16.643 -1.537
-5.947 16.728 -1.544
-5.904 16.774 -1.547
-5.892 16.908 -1.558
-5.887 16.981 -1.565
-10.528 16.794 -1.259
-10.526 17.026 -1.274
-10.477 17.067 -1.274
-10.474 17.182 -1.281
-10.466 17.291 -1.288
-10.463 17.347 -1.291
-10.45 17.45 -1.297
-10.416 17.517 -1.3
-10.42 17.649 -1.309
-10.405 17.751 -1.315
-18.077 32.524 -1.665
-18.176 32.944 -1.686
-18.028 32.798 -1.676
-17.954 32.909 -1.679
-17.903 33.062 -1.684
-17.903 33.311 -1.695
-17.818 33.404 -1.697
-17.688 33.412 -1.695
-17.655 33.604 -1.702
-17.655 33.732 -1.708
-17.577 33.843 -1.711
-17.54 34.031 -1.719
-17.487 34.192 -1.725
