-13.5265 0.640839 -0.0150873 0.000231644
-7.668 11.883 -1.61
-7.65 11.937 -1.614
-7.646 11.973 -1.618
-7.626 12.025 -1.622
-7.589 12.051 -1.622
-7.571 12.107 -1.627
-7.525 12.117 -1.625
-7.498 12.159 -1.628
-7.512 12.267 -1.64
-7.509 12.306 -1.645
-7.49 12.362 -1.649
-7.454 12.391 -1.65
-7.432 12.443 -1.654
-7.414 12.502 -1.66
-7.377 12.529 -1.66
-7.349 12.572 -1.663
-6.123 16.324 -1.512
-6.117 16.388 -1.518
-6.083 16.454 -1.523
-6.05 16.523 -1.528
-6.006 16.563 -1.53
-5.968 16.623 -1.535
-5.944 16.72 -1.543
-5.927 16.756 -1.546
-5.911 16.878 -1.556
-5.886 16.977 -1.565
-4.264 21.869 -1.44
-4.251 21.985 -1.449
-4.194 22.063 -1.454
-4.145 22.184 -1.462
-4.097 22.314 -1.47
-4.048 22.441 -1.479
-3.996 22.56 -1.487
-3.927 22.584 -1.488
-3.903 22.655 -1.493
-15.787 42.197 -1.8
-15.733 42.46 -1.81
-15.682 42.733 -1.821
-15.626 42.999 -1.831
-15.564 43.25 -1.841
-15.578 43.505 -1.852
-15.484 43.673 -1.857
