2.18064 -0.0313547 0.00351299 -6.19462e-05
2.098 3.857 -1.734
2.106 3.842 -1.73
2.093 3.805 -1.713
2.094 3.779 -1.704
2.093 3.75 -1.693
2.094 3.725 -1.684
2.109 3.724 -1.687
2.103 3.687 -1.672
2.067 4.351 -1.711
2.068 4.318 -1.699
2.078 4.305 -1.696
2.079 4.273 -1.686
2.083 4.246 -1.677
2.083 4.213 -1.666
2.082 4.195 -1.659
2.078 5.03 -1.733
2.082 4.996 -1.723
2.081 4.951 -1.709
2.087 4.922 -1.7
2.093 4.892 -1.692
2.081 4.844 -1.675
2.065 5.64 -1.737
2.066 5.587 -1.722
2.06 5.544 -1.709
2.071 5.521 -1.704
2.075 5.477 -1.691
2.077 5.431 -1.678
2.085 5.4 -1.67
2.076 6.522 -1.737
2.079 6.458 -1.72
2.074 6.409 -1.707
2.045 6.25 -1.664
2.048 6.192 -1.649
2.067 6.186 -1.649
2.093 6.199 -1.655
2.091 6.129 -1.636
2.049 7.781 -1.741
2.064 7.739 -1.732
2.07 7.665 -1.716
2.073 7.627 -1.708
2.098 7.625 -1.709
2.103 7.548 -1.692
2.105 7.467 -1.674
2.094 9.417 -1.743
2.115 9.372 -1.736
2.127 9.288 -1.72
2.132 9.175 -1.699
2.14 9.078 -1.681
2.144 8.97 -1.661
2.148 8.86 -1.641
2.027 11.55 -1.737
2.062 11.537 -1.736
2.094 11.507 -1.732
2.129 11.495 -1.731
2.153 11.42 -1.72
2.167 11.301 -1.702
2.153 11.131 -1.675
8.102 9.336 -1.382
8.079 9.25 -1.372
8.121 9.24 -1.374
8.091 9.148 -1.363
8.054 9.05 -1.35
8.104 9.048 -1.354
7.993 8.897 -1.33
8.013 8.863 -1.329
8.057 8.855 -1.332
8.062 8.805 -1.328
8.049 8.736 -1.32
6.41 16.075 -1.5
6.429 15.975 -1.491
6.389 15.731 -1.468
6.491 15.84 -1.481
6.474 15.729 -1.47
6.542 15.752 -1.475
6.567 15.675 -1.469
6.591 15.594 -1.463
6.632 15.555 -1.461
6.633 15.422 -1.449
6.153 25.578 -1.737
6.207 25.45 -1.729
6.206 25.101 -1.704
6.182 24.667 -1.673
22.862 29.374 -1.665
22.981 29.336 -1.668
22.85 28.98 -1.649
22.879 28.83 -1.644
22.887 28.655 -1.638
22.994 28.604 -1.639
23.015 28.539 -1.637
23.08 28.435 -1.635
23.153 28.342 -1.634
23.187 28.203 -1.63
23.363 28.236 -1.637
23.328 28.014 -1.627
23.378 27.985 -1.627
23.466 27.911 -1.627
23.485 27.757 -1.622
23.464 27.555 -1.614
23.731 27.692 -1.628
23.798 27.595 -1.626
23.872 27.505 -1.625
23.856 27.399 -1.621
23.841 27.208 -1.613
