58.4454 -35.6141 9.89555 -0.904258
5.027 10.381 -1.004
5.029 10.345 -1
5.037 10.279 -0.995
4.998 10.119 -0.978
5.032 10.029 -0.971
5.018 9.924 -0.961
5.015 9.841 -0.953
8.37 30.763 -1.397
8.425 30.586 -1.389
8.494 30.459 -1.384
8.544 30.273 -1.376
8.598 30.1 -1.368
8.619 29.819 -1.355
8.663 29.621 -1.346
12.716 44.875 -0.773
12.729 44.391 -0.763
12.789 44.076 -0.757
12.856 43.796 -0.752
12.944 43.588 -0.748
13.014 43.324 -0.743
13.09 43.085 -0.739
13.121 42.946 -0.737
13.225 42.806 -0.734
13.32 42.638 -0.732
13.422 42.495 -0.729
13.514 42.321 -0.726
13.614 42.177 -0.724
13.699 41.99 -0.721
