2.05346 0.00659463 0.00152508 0.00011985
2.101 3.82 -1.72
2.1 3.791 -1.71
2.11 3.781 -1.708
2.106 3.745 -1.694
2.122 3.747 -1.698
2.115 3.707 -1.682
2.112 3.676 -1.67
2.085 4.387 -1.725
2.096 4.375 -1.723
2.103 4.355 -1.718
2.108 4.332 -1.711
2.11 4.302 -1.701
2.116 4.28 -1.694
2.12 4.255 -1.686
2.116 4.23 -1.677
2.111 4.187 -1.662
2.134 4.986 -1.727
2.137 4.972 -1.723
2.134 4.924 -1.707
2.141 4.898 -1.7
2.14 4.854 -1.686
2.145 4.824 -1.678
2.145 4.785 -1.665
2.109 5.517 -1.707
2.125 5.505 -1.705
2.138 5.488 -1.701
2.137 5.435 -1.686
2.14 5.417 -1.681
2.145 5.378 -1.671
2.145 5.329 -1.656
2.179 6.388 -1.711
2.19 6.356 -1.704
2.182 6.299 -1.688
2.189 6.256 -1.678
2.19 6.196 -1.663
2.193 6.14 -1.649
2.23 7.546 -1.7
2.236 7.522 -1.695
2.243 7.461 -1.682
2.252 7.405 -1.67
2.244 7.294 -1.645
2.249 7.229 -1.631
2.32 9.135 -1.7
2.343 9.107 -1.696
2.345 8.995 -1.675
2.347 8.888 -1.655
2.332 8.773 -1.633
2.361 11.082 -1.674
2.374 11.057 -1.671
2.405 11.03 -1.667
2.435 11.005 -1.665
2.448 10.899 -1.649
2.453 10.763 -1.628
2.448 10.583 -1.6
7.717 7.56 -1.258
7.68 7.476 -1.246
7.7 7.449 -1.246
7.712 7.414 -1.244
7.734 7.412 -1.246
7.74 7.371 -1.242
7.76 7.344 -1.242
7.772 7.309 -1.24
7.767 7.258 -1.235
7.735 7.183 -1.225
7.769 7.169 -1.227
7.773 7.15 -1.225
7.847 7.172 -1.235
7.812 7.096 -1.224
7.768 7.011 -1.212
7.84 7.032 -1.221
7.794 6.946 -1.209
7.775 6.885 -1.202
7.78 6.867 -1.2
3.642 23.629 -1.56
3.688 23.434 -1.547
3.646 22.93 -1.51
3.718 22.92 -1.51
3.707 22.405 -1.472
3.714 22.013 -1.444
7.174 27.908 -1.243
7.253 27.852 -1.242
7.281 27.605 -1.23
7.365 27.746 -1.238
7.457 27.742 -1.239
7.459 27.404 -1.223
7.442 27.003 -1.203
7.485 26.831 -1.195
7.475 26.471 -1.178
24.221 62.06 -1.192
24.269 61.612 -1.183
24.308 61.147 -1.175
24.362 60.725 -1.167
24.446 60.385 -1.161
24.488 59.947 -1.153
24.456 59.603 -1.146
24.492 59.16 -1.138
