-16.7915 1.34663 -0.0654932 0.00142071
-7.679 11.86 -1.608
-7.684 11.908 -1.613
-7.657 11.949 -1.616
-7.64 12.005 -1.621
-7.608 12.039 -1.622
-7.582 12.081 -1.625
-7.551 12.117 -1.627
-7.505 12.127 -1.625
-7.538 12.223 -1.637
-7.527 12.293 -1.644
-7.5 12.335 -1.647
-7.473 12.379 -1.65
-7.443 12.416 -1.652
-7.429 12.482 -1.658
-7.398 12.519 -1.661
-7.381 12.536 -1.661
-5.982 16.58 -1.531
-5.958 16.675 -1.539
-5.955 16.75 -1.546
-5.921 16.821 -1.551
-5.905 16.945 -1.562
-5.859 16.984 -1.565
-5.829 17.072 -1.572
-5.799 17.16 -1.579
-5.754 17.203 -1.582
-4.28 21.77 -1.434
-4.275 21.926 -1.445
-4.22 22.013 -1.45
-4.168 22.117 -1.457
-4.121 22.249 -1.466
-4.072 22.374 -1.474
-4.023 22.508 -1.484
-3.959 22.558 -1.486
-3.93 22.602 -1.489
-3.868 22.667 -1.493
-15.755 42.314 -1.805
-15.701 42.577 -1.815
-15.648 42.849 -1.825
-15.656 43.082 -1.835
-15.592 43.329 -1.844
-15.527 43.577 -1.854
-15.404 43.665 -1.856
