1.24895 0.322261 -0.0173888 0.000250834
2.248 4.193 -1.688
2.25 4.165 -1.679
2.261 4.154 -1.677
2.26 4.123 -1.667
2.272 4.114 -1.666
2.276 4.105 -1.664
2.292 4.103 -1.666
2.295 4.08 -1.659
2.298 4.055 -1.651
2.308 4.042 -1.649
2.31 4.017 -1.641
2.306 3.996 -1.633
2.319 4.804 -1.696
2.323 4.792 -1.693
2.327 4.762 -1.685
2.338 4.747 -1.682
2.355 4.744 -1.683
2.362 4.722 -1.678
2.375 4.711 -1.676
2.344 4.614 -1.642
2.442 5.309 -1.687
2.456 5.294 -1.685
2.459 5.257 -1.675
2.456 5.208 -1.661
2.455 5.183 -1.653
2.451 5.134 -1.639
2.46 5.11 -1.634
2.457 6.17 -1.682
2.478 6.164 -1.682
2.49 6.14 -1.677
2.501 6.111 -1.671
2.476 5.996 -1.64
2.487 5.968 -1.634
2.51 5.97 -1.636
2.497 5.914 -1.621
2.505 5.879 -1.613
2.555 7.313 -1.671
2.558 7.285 -1.665
2.543 7.168 -1.639
2.539 7.087 -1.621
2.551 7.049 -1.613
2.566 7.021 -1.609
2.829 8.034 -1.525
2.831 7.959 -1.511
2.83 7.917 -1.503
2.85 7.893 -1.5
2.872 7.877 -1.499
2.888 7.844 -1.494
2.882 7.752 -1.477
2.899 7.724 -1.473
2.9 10.622 -1.623
2.93 10.602 -1.621
2.925 10.451 -1.598
2.906 10.26 -1.568
3.284 13.568 -1.586
3.267 13.315 -1.554
3.278 13.182 -1.538
3.275 13.082 -1.526
3.27 12.895 -1.502
0.203999 24.238 -1.585
0.279999 24.214 -1.583
0.354999 24.179 -1.581
0.430999 24.174 -1.58
0.507999 24.202 -1.582
0.582999 24.18 -1.581
0.658999 24.17 -1.58
0.696999 24.171 -1.581
0.771999 24.143 -1.579
0.847999 24.133 -1.578
0.923999 24.136 -1.578
0.998999 24.121 -1.578
1.075 24.116 -1.577
1.15 24.096 -1.576
1.187 24.074 -1.575
1.261 24.043 -1.573
1.335 24.005 -1.57
1.409 23.982 -1.569
1.482 23.944 -1.566
1.556 23.911 -1.564
1.592 23.889 -1.563
1.665 23.856 -1.561
1.739 23.837 -1.56
1.813 23.825 -1.559
1.887 23.8 -1.558
1.961 23.786 -1.557
2.034 23.757 -1.556
2.069 23.734 -1.554
2.142 23.712 -1.553
2.215 23.685 -1.552
2.288 23.662 -1.55
2.361 23.639 -1.549
2.433 23.616 -1.548
2.507 23.6 -1.547
2.541 23.57 -1.546
2.615 23.558 -1.545
2.687 23.536 -1.544
2.758 23.498 -1.542
2.83 23.479 -1.541
2.902 23.456 -1.54
2.976 23.447 -1.54
3.012 23.434 -1.54
3.081 23.395 -1.537
3.151 23.354 -1.535
0.726998 35.415 -1.575
0.836998 35.345 -1.572
0.945998 35.284 -1.569
1.001 35.252 -1.567
1.11 35.203 -1.565
1.219 35.136 -1.562
1.327 35.068 -1.558
1.435 35.008 -1.556
1.542 34.943 -1.553
1.651 34.91 -1.551
1.703 34.862 -1.549
1.81 34.794 -1.546
1.917 34.75 -1.544
2.025 34.722 -1.543
2.13 34.648 -1.539
2.235 34.585 -1.537
2.34 34.522 -1.534
2.388 34.429 -1.529
2.492 34.361 -1.526
2.595 34.288 -1.523
15.741 75.459 -1.411
15.838 74.748 -1.397
15.938 74.074 -1.384
16.087 73.643 -1.375
16.241 73.244 -1.368
16.296 72.949 -1.362
16.471 72.658 -1.357
