5.13133 -0.990855 0.102789 -0.00243698
4.119 0.852 -1.523
4.116 0.838 -1.521
4.109 0.823 -1.518
4.047 0.783 -1.491
4.013 0.763 -1.476
4.019 0.752 -1.478
4.022 0.746 -1.478
4.021 0.732 -1.477
4.01 0.717 -1.472
2.366 5.161 -1.636
2.379 5.147 -1.633
2.368 5.103 -1.62
2.366 5.056 -1.606
2.382 5.048 -1.606
2.394 5.034 -1.604
2.391 4.987 -1.59
2.407 4.979 -1.59
2.408 4.94 -1.58
2.474 5.989 -1.638
2.493 5.983 -1.638
2.494 5.932 -1.625
2.502 5.899 -1.618
2.5 5.842 -1.603
2.498 5.786 -1.589
2.493 5.725 -1.574
2.545 6.964 -1.595
2.55 6.909 -1.583
2.56 6.87 -1.575
2.557 6.796 -1.559
2.576 6.781 -1.557
2.579 6.725 -1.545
2.601 8.481 -1.593
2.612 8.42 -1.582
2.611 8.324 -1.565
2.627 8.286 -1.558
2.639 8.233 -1.549
2.661 8.211 -1.547
2.677 8.175 -1.541
2.762 10.05 -1.53
2.775 9.972 -1.518
2.791 9.968 -1.518
2.813 9.929 -1.513
2.829 9.867 -1.505
2.828 9.744 -1.486
2.825 9.621 -1.467
3.498 11.831 -1.379
3.529 11.799 -1.376
3.521 11.704 -1.364
3.536 11.623 -1.355
3.566 11.591 -1.352
3.615 11.621 -1.357
3.627 11.532 -1.347
3.64 11.449 -1.337
3.595 11.186 -1.304
15.757 50.983 -0.914
15.864 50.763 -0.91
15.945 50.467 -0.905
15.954 50.221 -0.9
16.06 50.009 -0.896
16.17 49.814 -0.893
16.272 49.597 -0.889
16.355 49.328 -0.885
16.417 48.999 -0.878
16.533 48.836 -0.876
16.613 48.817 -0.876
16.782 48.812 -0.877
16.85 48.514 -0.872
16.595 47.302 -0.846
