2.95479 -0.0783469 0.0042657 -7.40436e-05
2.354 4.048 -1.659
2.365 4.038 -1.658
2.373 4.024 -1.655
2.378 4.004 -1.65
2.377 3.974 -1.64
2.379 3.962 -1.636
2.374 3.926 -1.623
2.371 3.894 -1.613
2.38 3.881 -1.61
2.378 3.851 -1.6
2.305 5.245 -1.652
2.308 5.231 -1.648
2.328 5.231 -1.65
2.348 5.232 -1.653
2.354 5.202 -1.646
2.359 5.168 -1.637
2.384 5.18 -1.643
2.37 5.106 -1.621
2.354 5.051 -1.603
2.372 5.048 -1.605
2.395 5.057 -1.61
2.397 5.02 -1.6
2.395 4.974 -1.587
2.41 4.965 -1.587
2.399 4.921 -1.573
2.419 4.924 -1.577
2.414 4.875 -1.562
2.417 4.842 -1.554
2.427 4.824 -1.55
2.478 5.999 -1.641
2.49 6.003 -1.643
2.495 5.961 -1.633
2.477 5.866 -1.607
2.49 5.846 -1.603
2.496 5.807 -1.595
2.498 5.761 -1.583
2.495 5.705 -1.569
2.549 6.974 -1.597
2.549 6.94 -1.59
2.552 6.883 -1.577
2.558 6.831 -1.567
2.57 6.799 -1.561
2.58 6.76 -1.553
2.578 6.692 -1.538
2.618 8.488 -1.595
2.625 8.418 -1.583
2.635 8.357 -1.572
2.637 8.27 -1.556
2.646 8.208 -1.545
2.68 10.188 -1.548
2.706 10.157 -1.544
2.719 10.08 -1.533
2.752 10.073 -1.533
2.776 10.038 -1.528
2.801 10.006 -1.525
2.8 9.941 -1.515
2.83 9.926 -1.514
2.822 9.781 -1.491
5.447 9.948 -1.251
5.45 9.88 -1.244
5.451 9.809 -1.236
5.478 9.785 -1.235
5.497 9.747 -1.232
5.482 9.685 -1.224
5.557 9.745 -1.236
5.571 9.7 -1.232
5.586 9.655 -1.227
5.607 9.622 -1.225
5.577 9.502 -1.21
5.589 9.456 -1.206
5.62 9.474 -1.21
5.681 9.508 -1.217
5.717 9.5 -1.219
5.696 9.399 -1.206
5.71 9.355 -1.203
5.736 9.332 -1.202
5.722 9.276 -1.195
5.761 9.275 -1.197
5.795 9.264 -1.198
5.854 9.294 -1.206
5.88 9.27 -1.205
5.944 9.305 -1.213
5.926 9.213 -1.202
5.899 9.141 -1.192
5.955 9.164 -1.199
5.941 9.08 -1.189
5.941 9.019 -1.182
5.943 8.96 -1.176
4.698 13.223 -1.264
4.734 13.193 -1.263
4.756 13.188 -1.263
4.809 13.204 -1.267
4.836 13.15 -1.262
4.865 13.103 -1.259
4.883 13.024 -1.252
4.915 12.987 -1.249
4.951 12.96 -1.248
4.963 12.93 -1.245
5.015 12.944 -1.249
5.076 12.98 -1.254
5.106 12.936 -1.251
5.114 12.839 -1.242
5.135 12.775 -1.237
5.217 12.86 -1.248
5.22 12.811 -1.244
5.254 12.778 -1.242
5.288 12.749 -1.24
5.309 12.686 -1.235
5.334 12.635 -1.231
5.377 12.625 -1.232
5.375 12.566 -1.226
5.393 12.499 -1.221
5.415 12.444 -1.216
5.454 12.427 -1.216
5.434 12.275 -1.201
0.630999 30.552 -1.331
0.725999 30.524 -1.33
0.772999 30.487 -1.328
0.867999 30.448 -1.326
0.961999 30.398 -1.324
1.056 30.342 -1.321
1.15 30.289 -1.318
1.243 30.239 -1.316
1.335 30.174 -1.313
1.381 30.145 -1.312
1.473 30.071 -1.308
1.566 30.038 -1.307
1.658 29.999 -1.305
1.749 29.938 -1.302
1.841 29.899 -1.301
1.885 29.85 -1.298
1.979 29.84 -1.298
2.069 29.774 -1.295
2.16 29.739 -1.294
2.256 29.77 -1.296
2.346 29.709 -1.293
2.438 29.688 -1.292
2.482 29.658 -1.291
2.573 29.626 -1.29
2.665 29.604 -1.289
2.758 29.591 -1.289
2.846 29.535 -1.286
2.936 29.494 -1.285
3.026 29.457 -1.283
3.066 29.396 -1.28
16 50.917 -0.914
16.105 50.695 -0.91
16.207 50.466 -0.906
16.233 50.277 -0.903
16.369 50.159 -0.901
16.423 49.794 -0.894
16.494 49.484 -0.889
16.609 49.313 -0.886
16.687 49.037 -0.881
16.826 48.941 -0.88
16.898 48.899 -0.88
16.949 48.551 -0.873
16.686 47.321 -0.847
