4.28815 2.00039 -0.707148 0.0760184
6.203 0.73 -1.574
6.177 0.707 -1.566
6.157 0.695 -1.561
6.122 0.671 -1.551
6.067 0.646 -1.535
6.063 0.626 -1.533
6.052 0.605 -1.53
6.04 0.585 -1.526
6.025 0.564 -1.521
5.178 5.275 -1.589
5.179 5.244 -1.584
5.181 5.212 -1.579
5.211 5.21 -1.584
5.22 5.186 -1.581
5.223 5.156 -1.577
5.229 5.146 -1.576
5.237 5.122 -1.574
5.236 5.089 -1.568
5.28 5.1 -1.577
5.284 5.071 -1.573
5.287 5.042 -1.569
5.279 5.003 -1.562
5.281 4.989 -1.56
5.288 4.964 -1.557
5.298 4.942 -1.555
5.302 4.915 -1.552
5.308 4.889 -1.549
5.327 4.876 -1.55
5.318 4.837 -1.542
5.306 4.81 -1.536
5.834 6.341 -1.544
5.831 6.298 -1.537
5.82 6.246 -1.528
5.846 6.235 -1.53
5.829 6.178 -1.52
5.846 6.157 -1.519
5.842 6.114 -1.513
5.844 6.096 -1.511
5.851 6.065 -1.507
5.858 6.034 -1.504
5.881 6.02 -1.505
5.915 6.017 -1.509
5.909 5.973 -1.502
5.883 5.91 -1.49
2.489 10.922 -1.654
2.522 10.907 -1.652
2.55 10.872 -1.648
2.584 10.864 -1.648
2.61 10.823 -1.643
2.59 10.665 -1.618
2.585 10.498 -1.592
2.58 10.336 -1.566
2.879 13.988 -1.627
2.922 13.977 -1.627
2.955 13.915 -1.62
2.933 13.606 -1.581
2.91 13.3 -1.542
2.926 13.173 -1.527
7.087 12.778 -1.325
7.097 12.702 -1.318
7.104 12.668 -1.316
7.159 12.672 -1.319
7.227 12.699 -1.325
7.2 12.559 -1.311
7.217 12.499 -1.306
7.189 12.361 -1.292
7.216 12.318 -1.29
7.284 12.388 -1.3
7.299 12.326 -1.295
7.332 12.293 -1.294
7.395 12.311 -1.299
7.388 12.213 -1.29
7.391 12.132 -1.283
7.398 12.058 -1.276
7.434 12.073 -1.28
7.448 12.012 -1.275
8.456 19.172 -1.343
8.419 18.925 -1.325
8.366 18.647 -1.305
8.353 18.541 -1.297
8.424 18.542 -1.299
8.361 18.25 -1.278
8.324 18.019 -1.261
8.381 17.993 -1.261
8.47 18.037 -1.267
8.458 17.864 -1.255
8.508 17.898 -1.259
8.507 17.75 -1.249
8.534 17.664 -1.244
8.579 17.616 -1.242
30.272 60.136 -1.207
30.311 59.746 -1.2
30.287 59.238 -1.19
30.303 58.812 -1.182
30.255 58.494 -1.176
30.3 58.133 -1.169
30.26 57.614 -1.159
30.227 57.114 -1.15
