-2.70851 -0.229121 -0.136786 0.00877031
-2.865 2.937 -1.612
-2.87 2.961 -1.621
-2.871 2.98 -1.627
-2.867 2.995 -1.63
-2.863 3.011 -1.634
-2.859 3.025 -1.637
-2.851 3.035 -1.638
-2.861 3.056 -1.647
-2.855 3.069 -1.65
-2.85 3.083 -1.653
-2.848 3.101 -1.658
-2.841 3.112 -1.659
-2.848 3.14 -1.67
-2.839 3.58 -1.616
-2.846 3.601 -1.624
-2.844 3.621 -1.63
-2.843 3.644 -1.636
-2.839 3.663 -1.641
-2.837 3.684 -1.647
-2.831 3.7 -1.65
-2.83 3.724 -1.657
-2.828 3.733 -1.659
-2.828 3.758 -1.667
-2.821 3.773 -1.67
-3.117 4.596 -1.597
-3.168 4.702 -1.633
-3.16 4.723 -1.637
-3.168 4.767 -1.65
-3.185 4.824 -1.668
-3.159 4.818 -1.662
-9.714 12.283 -1.723
-9.7 12.344 -1.728
-9.691 12.412 -1.734
-9.642 12.43 -1.732
-9.638 12.506 -1.739
-9.613 12.555 -1.742
-9.595 12.613 -1.746
-9.594 12.652 -1.75
-9.567 12.7 -1.753
-9.528 12.731 -1.753
-9.531 12.818 -1.762
-9.497 12.856 -1.763
-9.486 12.926 -1.769
-9.424 12.927 -1.765
-9.374 12.902 -1.759
-9.358 12.965 -1.764
-9.33 13.012 -1.766
-9.306 13.065 -1.77
-9.27 13.101 -1.771
-9.231 13.133 -1.772
-9.215 13.198 -1.777
-9.194 13.212 -1.777
-9.141 13.225 -1.774
-8.056 16.676 -1.619
-8.026 16.748 -1.624
-7.989 16.805 -1.627
-7.957 16.875 -1.632
-7.954 16.936 -1.638
-7.91 16.981 -1.64
-7.895 17.089 -1.649
-7.85 17.133 -1.651
-7.805 17.178 -1.653
-7.793 17.295 -1.663
-7.748 17.339 -1.665
-7.754 17.426 -1.673
-21.641 24.702 -2.057
-21.579 24.788 -2.059
-21.498 24.853 -2.059
-21.432 24.934 -2.06
-21.401 24.977 -2.061
-21.336 25.06 -2.062
-21.27 25.143 -2.064
-21.196 25.215 -2.064
-21.137 25.306 -2.066
-21.077 25.396 -2.069
-21.007 25.474 -2.07
-20.991 25.536 -2.072
-20.925 25.619 -2.074
-20.867 25.713 -2.076
-20.798 25.794 -2.078
-20.74 25.887 -2.08
-20.681 25.98 -2.083
-20.61 26.059 -2.084
-20.593 26.121 -2.086
-20.546 26.231 -2.09
-20.483 26.321 -2.093
-20.423 26.415 -2.095
-20.145 26.831 -2.106
-20.071 26.908 -2.108
-20.001 26.99 -2.109
-2.791 31.167 -1.368
-2.71 31.367 -1.377
-2.628 31.566 -1.387
-2.545 31.779 -1.397
-2.46 31.976 -1.407
-2.372 32.149 -1.415
-2.276 32.228 -1.419
