2.14652 -0.0353787 0.00728658 -0.000110307
2.111 3.81 -1.719
2.12 3.799 -1.717
2.112 3.757 -1.699
2.128 3.756 -1.703
2.127 3.742 -1.697
2.107 3.681 -1.671
2.121 3.677 -1.672
2.122 3.653 -1.664
2.113 4.34 -1.714
2.119 4.32 -1.708
2.119 4.285 -1.696
2.119 4.268 -1.691
2.124 4.245 -1.684
2.12 4.205 -1.669
2.13 4.192 -1.667
2.129 4.158 -1.655
2.128 4.952 -1.715
2.13 4.914 -1.703
2.144 4.904 -1.702
2.149 4.874 -1.694
2.146 4.828 -1.679
2.142 4.799 -1.669
2.151 4.778 -1.664
2.122 5.549 -1.717
2.134 5.528 -1.713
2.15 5.518 -1.711
2.149 5.492 -1.704
2.148 5.438 -1.688
2.152 5.396 -1.676
2.155 5.356 -1.665
2.179 6.39 -1.711
2.186 6.376 -1.708
2.193 6.33 -1.697
2.19 6.26 -1.679
2.198 6.218 -1.669
2.2 6.162 -1.655
2.22 7.557 -1.701
2.242 7.543 -1.7
2.251 7.487 -1.688
2.26 7.432 -1.676
2.253 7.326 -1.652
2.243 7.251 -1.635
2.334 9.07 -1.689
2.341 9.038 -1.683
2.346 8.941 -1.665
2.347 8.832 -1.645
2.35 8.729 -1.626
2.347 8.608 -1.603
2.486 11.069 -1.676
2.477 10.869 -1.645
2.474 10.699 -1.619
2.454 10.533 -1.592
2.456 10.395 -1.571
2.742 14.224 -1.653
2.774 14.153 -1.645
2.759 13.846 -1.606
2.747 13.566 -1.571
2.761 13.421 -1.553
8.389 11.842 -1.314
8.405 11.786 -1.311
8.428 11.741 -1.308
8.428 11.702 -1.305
8.407 11.596 -1.295
8.364 11.461 -1.281
8.37 11.394 -1.275
8.414 11.379 -1.277
8.366 11.239 -1.262
3.704 23.781 -1.572
3.768 23.7 -1.567
3.764 23.202 -1.531
3.768 22.775 -1.5
3.808 22.572 -1.485
3.863 22.469 -1.479
3.853 22.198 -1.459
6.754 28.493 -1.267
6.776 28.19 -1.252
6.853 28.12 -1.25
6.932 28.061 -1.248
6.978 27.873 -1.239
7.055 27.808 -1.237
7.038 27.557 -1.225
7.118 27.511 -1.223
7.171 27.359 -1.217
7.154 26.948 -1.196
25.144 63.829 -1.233
25.2 63.387 -1.225
25.24 62.913 -1.216
25.178 62.474 -1.207
25.242 62.071 -1.2
25.325 61.717 -1.194
25.362 61.259 -1.185
25.392 60.792 -1.176
