2.38804 -0.0303084 0.00336849 -5.65133e-05
4.588 0.545 -1.501
4.579 0.529 -1.497
4.558 0.512 -1.489
4.565 0.498 -1.491
4.529 0.48 -1.478
4.519 0.464 -1.474
4.551 0.453 -1.484
4.51 0.442 -1.47
4.489 0.425 -1.462
4.494 0.411 -1.463
4.473 0.395 -1.455
4.448 0.379 -1.446
2.206 5.51 -1.716
2.226 5.508 -1.717
2.239 5.491 -1.714
2.25 5.47 -1.709
2.255 5.432 -1.699
2.256 5.386 -1.686
2.255 5.36 -1.678
2.265 5.335 -1.672
2.279 5.323 -1.671
2.297 5.319 -1.672
2.31 5.303 -1.669
2.324 5.289 -1.666
2.34 5.281 -1.666
2.353 5.265 -1.663
4.134 4.881 -1.615
4.144 4.862 -1.613
4.142 4.828 -1.606
4.151 4.808 -1.603
4.181 4.812 -1.609
4.176 4.776 -1.601
4.184 4.769 -1.601
4.191 4.748 -1.598
4.196 4.723 -1.594
4.208 4.707 -1.592
4.216 4.686 -1.59
4.221 4.661 -1.586
4.237 4.65 -1.586
4.215 4.611 -1.575
4.23 4.598 -1.575
4.235 4.575 -1.571
4.218 4.528 -1.558
2.213 7.486 -1.685
2.237 7.483 -1.686
2.259 7.471 -1.685
2.275 7.437 -1.678
2.279 7.367 -1.663
2.285 7.306 -1.65
2.288 7.276 -1.644
2.308 7.258 -1.641
2.327 7.239 -1.638
2.352 7.239 -1.64
2.37 7.217 -1.637
2.389 7.198 -1.634
2.266 8.978 -1.668
2.291 8.962 -1.666
2.3 8.878 -1.651
2.312 8.81 -1.639
2.323 8.738 -1.626
2.33 8.708 -1.621
2.36 8.71 -1.623
2.385 8.695 -1.621
2.411 8.684 -1.62
2.438 8.676 -1.62
2.462 8.655 -1.618
2.478 8.61 -1.61
2.381 14.005 -1.618
2.397 13.841 -1.597
2.401 13.607 -1.568
2.419 13.467 -1.551
2.457 13.436 -1.548
2.497 13.416 -1.546
2.514 17.964 -1.582
2.535 17.704 -1.556
2.534 17.306 -1.518
2.567 17.156 -1.504
2.591 17.129 -1.501
2.641 17.097 -1.499
4.444 21.56 -1.421
4.493 21.456 -1.414
4.519 21.245 -1.399
4.578 21.193 -1.396
4.578 21.032 -1.385
4.603 20.831 -1.371
4.602 20.518 -1.348
4.063 30.559 -1.344
4.152 30.495 -1.342
4.242 30.442 -1.34
4.328 30.358 -1.336
4.419 30.32 -1.335
4.511 30.278 -1.334
4.601 30.236 -1.332
4.687 30.163 -1.329
4.728 30.116 -1.327
4.818 30.069 -1.326
4.897 29.961 -1.321
4.98 29.879 -1.317
5.055 29.749 -1.312
5.084 29.359 -1.293
