3.32316 -0.149177 0.00752839 -0.000127666
2.381 3.98 -1.642
2.375 3.942 -1.629
2.374 3.912 -1.619
2.382 3.899 -1.616
2.377 3.863 -1.603
2.374 3.845 -1.597
2.385 3.835 -1.596
2.357 3.765 -1.568
3.461 3.063 -1.502
3.457 3.04 -1.495
3.458 3.022 -1.491
3.489 3.029 -1.501
3.456 2.981 -1.481
3.479 2.983 -1.488
3.477 2.971 -1.484
3.46 2.938 -1.472
3.458 2.917 -1.467
3.43 2.875 -1.45
2.368 5.189 -1.644
2.371 5.15 -1.633
2.364 5.094 -1.617
2.37 5.064 -1.609
2.38 5.045 -1.605
2.396 5.037 -1.605
2.4 5.004 -1.596
2.396 4.976 -1.588
2.472 5.985 -1.636
2.49 5.976 -1.636
2.495 5.934 -1.626
2.498 5.889 -1.615
2.5 5.842 -1.603
2.493 5.8 -1.592
2.492 5.748 -1.579
2.488 5.689 -1.564
2.532 6.996 -1.6
2.543 6.957 -1.593
2.551 6.912 -1.584
2.566 6.886 -1.579
2.555 6.79 -1.558
2.578 6.786 -1.558
2.575 6.745 -1.549
2.599 8.476 -1.592
2.616 8.434 -1.585
2.612 8.328 -1.565
2.629 8.29 -1.559
2.643 8.244 -1.552
2.646 8.208 -1.545
2.665 8.181 -1.541
2.793 9.977 -1.52
2.808 9.908 -1.51
2.833 9.878 -1.507
2.829 9.748 -1.486
2.831 9.64 -1.47
2.816 9.533 -1.453
4.334 10.947 -1.307
4.375 10.952 -1.309
4.41 10.94 -1.309
4.434 10.9 -1.306
4.448 10.884 -1.305
4.474 10.852 -1.302
4.492 10.799 -1.297
4.501 10.725 -1.288
4.54 10.725 -1.29
4.573 10.709 -1.29
4.609 10.7 -1.291
4.603 10.64 -1.284
4.649 10.655 -1.288
4.674 10.62 -1.285
4.699 10.587 -1.282
4.708 10.518 -1.275
4.75 10.523 -1.277
4.794 10.532 -1.281
4.802 10.506 -1.278
4.824 10.468 -1.275
4.86 10.459 -1.276
4.876 10.408 -1.271
4.901 10.377 -1.269
4.949 10.394 -1.273
4.978 10.369 -1.272
4.977 10.325 -1.267
4.972 10.233 -1.256
8.209 9.852 -1.138
8.197 9.807 -1.134
8.187 9.733 -1.127
8.204 9.692 -1.125
8.168 9.587 -1.114
8.215 9.581 -1.117
8.271 9.585 -1.121
8.234 9.483 -1.111
8.191 9.404 -1.101
8.122 9.266 -1.086
0.462999 21.941 -1.416
0.530999 21.913 -1.414
0.598999 21.883 -1.412
0.666999 21.863 -1.41
0.734999 21.837 -1.409
0.768999 21.824 -1.408
0.836999 21.79 -1.405
0.904999 21.779 -1.405
0.971999 21.758 -1.404
1.042 21.775 -1.405
1.11 21.766 -1.405
1.176 21.716 -1.401
1.21 21.72 -1.402
1.278 21.704 -1.401
1.345 21.68 -1.399
1.412 21.664 -1.398
1.478 21.63 -1.396
1.546 21.625 -1.396
1.578 21.601 -1.395
1.646 21.59 -1.394
1.713 21.576 -1.394
1.779 21.549 -1.392
1.843 21.502 -1.389
1.91 21.488 -1.388
1.976 21.468 -1.387
2.008 21.447 -1.386
2.074 21.424 -1.385
2.141 21.412 -1.384
2.207 21.397 -1.384
2.273 21.38 -1.383
2.338 21.353 -1.381
2.403 21.326 -1.38
2.434 21.298 -1.378
2.498 21.261 -1.376
2.561 21.225 -1.374
2.63 21.235 -1.375
2.691 21.179 -1.372
2.755 21.153 -1.37
2.822 21.15 -1.371
2.85 21.106 -1.368
2.914 21.079 -1.367
2.979 21.062 -1.366
3.042 21.029 -1.364
0.622999 30.141 -1.31
0.716999 30.109 -1.309
0.809999 30.07 -1.307
0.902999 30.012 -1.304
0.995999 29.961 -1.302
1.042 29.921 -1.3
1.134 29.868 -1.297
1.225 29.806 -1.294
1.317 29.754 -1.292
1.408 29.706 -1.29
1.5 29.658 -1.288
1.59 29.605 -1.285
1.634 29.557 -1.283
1.725 29.507 -1.281
1.815 29.47 -1.279
1.908 29.46 -1.279
1.995 29.378 -1.275
2.086 29.36 -1.274
2.182 29.403 -1.277
2.225 29.35 -1.274
2.315 29.311 -1.273
2.404 29.276 -1.271
2.496 29.27 -1.271
2.586 29.24 -1.27
2.679 29.234 -1.27
2.767 29.187 -1.269
2.807 29.123 -1.266
2.894 29.073 -1.263
2.982 29.026 -1.262
3.068 28.97 -1.259
15.85 50.717 -0.909
15.854 50.452 -0.904
15.954 50.221 -0.9
16.038 49.94 -0.895
16.144 49.734 -0.891
16.255 49.546 -0.888
16.355 49.326 -0.885
16.433 49.045 -0.879
16.459 48.869 -0.876
16.609 48.806 -0.876
16.784 48.818 -0.877
16.873 48.58 -0.873
16.605 47.329 -0.847
