-8.62101 -0.153193 0.00477859 -0.000165642
-9.339 4.334 -2.171
-9.356 4.378 -2.178
-9.345 4.409 -2.179
-9.367 4.455 -2.188
-9.361 4.47 -2.188
-9.374 4.513 -2.195
-9.366 4.545 -2.197
-9.378 4.588 -2.203
-9.371 4.621 -2.205
-9.377 4.661 -2.21
-9.378 4.698 -2.214
-9.39 4.722 -2.219
-9.387 4.758 -2.222
-9.617 6.692 -2.144
-9.633 6.725 -2.15
-9.626 6.765 -2.153
-9.63 6.813 -2.159
-9.636 6.863 -2.166
-9.634 6.907 -2.171
-9.644 6.96 -2.178
-9.641 7.004 -2.183
-9.635 7.046 -2.186
-9.651 7.081 -2.193
-9.652 7.128 -2.199
-9.945 9.925 -2.106
-9.958 10 -2.116
-9.977 10.051 -2.124
-9.981 10.118 -2.132
-9.991 10.192 -2.141
-9.985 10.25 -2.147
-9.986 10.315 -2.155
-9.992 10.386 -2.164
-10.656 14.757 -2.035
-10.662 14.863 -2.046
-10.655 14.952 -2.055
-10.667 15.069 -2.067
-10.666 15.167 -2.077
-10.696 15.26 -2.089
-10.674 15.331 -2.094
-11.067 18.941 -1.955
-11.076 19.093 -1.968
-11.089 19.255 -1.982
-11.085 19.388 -1.994
-11.113 19.508 -2.005
-11.069 19.574 -2.009
-11.033 19.653 -2.014
-10.968 19.683 -2.013
-14.081 24.265 -1.866
-14.085 24.448 -1.878
-14.127 24.699 -1.895
-14.115 24.86 -1.905
-14.085 24.989 -1.913
-14.089 25.088 -1.919
-14.378 40.55 -1.71
-14.58 41.534 -1.754
-14.529 41.81 -1.765
-14.445 41.991 -1.771
