1.78008 0.204595 -0.0143444 0.000291719
3.082 2.856 -1.522
3.097 2.852 -1.525
3.067 2.815 -1.507
3.099 2.827 -1.519
3.096 2.806 -1.512
3.067 2.762 -1.493
3.066 2.744 -1.488
3.087 2.745 -1.494
3.117 2.754 -1.505
3.097 2.728 -1.493
3.088 2.703 -1.483
3.092 2.689 -1.481
3.099 2.678 -1.48
3.078 2.643 -1.465
3.473 3.064 -1.505
3.45 3.034 -1.492
3.468 3.03 -1.496
3.493 3.033 -1.503
3.456 2.981 -1.481
3.479 2.983 -1.488
3.476 2.961 -1.482
3.474 2.94 -1.476
3.458 2.917 -1.467
3.424 2.87 -1.447
3.473 2.893 -1.466
3.526 2.919 -1.486
3.544 2.915 -1.49
3.55 2.901 -1.488
3.53 2.875 -1.477
3.534 2.86 -1.475
3.571 2.872 -1.488
3.561 2.845 -1.479
3.57 2.834 -1.479
3.566 2.812 -1.473
3.548 2.78 -1.461
3.534 2.76 -1.453
2.368 5.166 -1.637
2.375 5.161 -1.637
2.368 5.101 -1.619
2.367 5.057 -1.607
2.386 5.057 -1.609
2.398 5.041 -1.606
2.395 4.993 -1.593
2.409 4.982 -1.591
2.402 4.948 -1.581
2.492 5.981 -1.638
2.5 5.946 -1.63
2.501 5.896 -1.617
2.498 5.838 -1.602
2.498 5.788 -1.59
2.485 5.73 -1.574
2.533 6.998 -1.601
2.547 6.968 -1.595
2.549 6.907 -1.582
2.557 6.861 -1.573
2.557 6.796 -1.559
2.579 6.79 -1.559
2.566 6.724 -1.544
2.564 8.505 -1.595
2.576 8.495 -1.594
2.599 8.474 -1.592
2.61 8.417 -1.582
2.61 8.322 -1.564
2.629 8.29 -1.559
2.639 8.233 -1.549
2.657 8.198 -1.544
2.793 9.977 -1.52
2.812 9.925 -1.513
2.829 9.867 -1.505
2.827 9.742 -1.486
2.833 9.648 -1.471
2.831 9.531 -1.454
4.335 10.951 -1.307
4.368 10.933 -1.307
4.407 10.931 -1.308
4.434 10.9 -1.306
4.465 10.877 -1.305
4.471 10.844 -1.301
4.494 10.805 -1.297
4.491 10.703 -1.285
4.538 10.72 -1.29
4.574 10.711 -1.29
4.603 10.686 -1.289
4.62 10.633 -1.284
4.65 10.656 -1.288
4.671 10.613 -1.284
4.696 10.58 -1.281
4.703 10.507 -1.273
4.752 10.527 -1.278
4.796 10.537 -1.281
4.818 10.497 -1.278
4.825 10.469 -1.275
4.864 10.467 -1.277
4.875 10.405 -1.27
4.902 10.379 -1.269
4.945 10.385 -1.272
4.974 10.362 -1.271
4.987 10.305 -1.265
4.972 10.235 -1.256
2.766 29.175 -1.268
2.808 29.137 -1.266
2.896 29.088 -1.264
2.982 29.028 -1.262
3.069 28.98 -1.26
3.154 28.909 -1.257
3.24 28.857 -1.255
3.325 28.801 -1.252
3.367 28.764 -1.251
3.451 28.702 -1.248
3.538 28.665 -1.247
3.621 28.596 -1.244
3.706 28.551 -1.242
3.792 28.512 -1.241
3.878 28.47 -1.239
3.915 28.41 -1.236
4 28.366 -1.235
4.084 28.318 -1.233
4.168 28.273 -1.231
4.253 28.233 -1.23
4.333 28.166 -1.227
4.417 28.122 -1.226
4.455 28.074 -1.224
4.536 28.016 -1.222
4.616 27.953 -1.219
4.697 27.895 -1.217
15.756 50.981 -0.914
15.851 50.721 -0.909
15.861 50.475 -0.904
15.956 50.227 -0.9
16.05 49.978 -0.896
16.145 49.736 -0.891
16.27 49.59 -0.889
16.362 49.347 -0.885
16.417 48.999 -0.878
16.529 48.823 -0.876
16.616 48.827 -0.876
16.778 48.801 -0.877
16.868 48.565 -0.873
16.598 47.31 -0.846
