1.53301 0.263965 -0.0181207 0.000337462
2.335 3.519 -1.663
2.324 3.491 -1.651
2.306 3.441 -1.629
2.341 3.468 -1.647
2.343 3.449 -1.64
2.353 3.44 -1.64
2.334 3.39 -1.618
2.344 3.381 -1.617
2.339 3.363 -1.609
3.081 2.874 -1.526
3.073 2.847 -1.517
3.088 2.844 -1.52
3.073 2.812 -1.507
3.095 2.823 -1.517
3.086 2.797 -1.507
3.069 2.764 -1.494
3.07 2.748 -1.49
3.093 2.75 -1.497
3.118 2.756 -1.506
3.111 2.732 -1.498
3.082 2.698 -1.48
3.082 2.681 -1.476
2.789 3.693 -1.503
2.794 3.675 -1.5
2.796 3.655 -1.494
2.804 3.641 -1.492
2.838 3.673 -1.508
2.815 3.619 -1.488
2.82 3.603 -1.485
2.828 3.589 -1.483
2.774 3.497 -1.446
2.366 5.163 -1.636
2.373 5.135 -1.629
2.369 5.084 -1.614
2.373 5.05 -1.606
2.383 5.05 -1.607
2.394 5.032 -1.603
2.391 4.985 -1.59
2.405 4.974 -1.588
2.402 4.928 -1.575
2.484 5.987 -1.638
2.497 5.965 -1.634
2.484 5.909 -1.619
2.49 5.869 -1.609
2.491 5.822 -1.598
2.492 5.773 -1.586
2.54 6.985 -1.599
2.553 6.951 -1.592
2.556 6.892 -1.58
2.555 6.855 -1.572
2.552 6.781 -1.555
2.571 6.768 -1.554
2.575 6.716 -1.543
2.585 8.478 -1.592
2.609 8.458 -1.589
2.619 8.398 -1.579
2.612 8.328 -1.565
2.617 8.254 -1.552
2.638 8.229 -1.549
2.655 8.193 -1.543
2.673 8.16 -1.538
2.732 10.064 -1.531
2.759 10.036 -1.528
2.775 9.974 -1.519
2.804 9.956 -1.517
2.825 9.909 -1.511
2.822 9.842 -1.501
2.827 9.74 -1.485
2.82 9.602 -1.464
0.496999 21.946 -1.416
0.565999 21.914 -1.414
0.599999 21.897 -1.413
0.667999 21.873 -1.411
0.735999 21.867 -1.411
0.803999 21.845 -1.409
0.871999 21.816 -1.408
0.939999 21.8 -1.406
1.008 21.787 -1.406
1.041 21.767 -1.404
1.11 21.77 -1.405
1.178 21.76 -1.404
1.245 21.73 -1.403
1.312 21.712 -1.401
1.381 21.708 -1.401
1.447 21.672 -1.399
1.48 21.658 -1.398
1.547 21.637 -1.397
1.615 21.634 -1.397
1.681 21.607 -1.396
1.748 21.594 -1.395
1.813 21.544 -1.392
1.844 21.518 -1.39
1.912 21.512 -1.39
1.978 21.486 -1.389
2.043 21.454 -1.387
2.109 21.433 -1.386
2.175 21.418 -1.385
2.241 21.394 -1.384
2.274 21.39 -1.384
2.339 21.361 -1.382
2.405 21.34 -1.381
2.468 21.3 -1.379
2.531 21.259 -1.376
2.597 21.243 -1.376
2.665 21.246 -1.376
2.693 21.199 -1.373
2.757 21.17 -1.372
2.822 21.148 -1.371
2.886 21.121 -1.369
2.952 21.108 -1.369
3.014 21.071 -1.367
3.077 21.042 -1.366
3.105 21.001 -1.363
0.670999 30.192 -1.313
0.764999 30.155 -1.311
0.858999 30.109 -1.309
0.904999 30.054 -1.306
0.996999 29.987 -1.303
1.09 29.957 -1.302
1.182 29.888 -1.298
1.274 29.856 -1.297
1.366 29.794 -1.294
1.457 29.752 -1.292
1.502 29.71 -1.29
1.593 29.653 -1.288
1.683 29.604 -1.285
1.774 29.553 -1.283
1.865 29.515 -1.281
1.958 29.525 -1.282
2.045 29.427 -1.278
2.094 29.468 -1.28
2.187 29.469 -1.28
2.277 29.424 -1.278
2.366 29.371 -1.276
2.456 29.345 -1.275
2.547 29.318 -1.274
2.592 29.308 -1.274
2.682 29.271 -1.272
2.772 29.241 -1.271
2.857 29.167 -1.268
2.945 29.122 -1.266
3.032 29.063 -1.264
3.119 29.017 -1.262
15.757 50.983 -0.914
15.861 50.754 -0.91
15.947 50.471 -0.905
16.043 50.226 -0.9
16.148 50.012 -0.897
16.263 49.834 -0.894
16.275 49.607 -0.89
16.362 49.349 -0.885
16.428 49.032 -0.879
16.551 48.887 -0.877
16.714 48.863 -0.878
16.858 48.784 -0.877
16.899 48.41 -0.87
16.582 47.264 -0.845
