-59.5537 9.27684 -0.539351 0.0105319
-4.244 2.638 -1.235
-4.262 2.668 -1.243
-4.258 2.684 -1.245
-4.269 2.7 -1.25
-4.257 2.712 -1.249
-4.263 2.734 -1.253
-4.267 2.756 -1.258
-4.28 2.783 -1.264
-4.278 2.801 -1.267
-4.314 2.844 -1.281
-4.319 2.857 -1.284
-4.326 2.881 -1.29
-7.674 11.893 -1.611
-7.653 11.942 -1.615
-7.635 11.998 -1.62
-7.623 12.02 -1.621
-7.594 12.058 -1.623
-7.567 12.1 -1.626
-7.526 12.119 -1.625
-7.523 12.2 -1.634
-7.521 12.283 -1.643
-7.492 12.321 -1.645
-7.493 12.367 -1.65
-7.458 12.397 -1.651
-7.431 12.441 -1.654
-7.418 12.509 -1.661
-7.385 12.542 -1.662
-6.012 16.582 -1.532
-5.976 16.643 -1.537
-5.948 16.731 -1.544
-5.912 16.797 -1.549
-5.893 16.911 -1.559
-5.889 16.986 -1.566
-5.846 17.035 -1.569
-5.818 17.127 -1.576
-5.78 17.192 -1.581
-5.733 17.231 -1.583
-4.269 21.896 -1.442
-4.219 22.003 -1.45
-4.165 22.099 -1.456
-4.15 22.211 -1.464
-4.101 22.336 -1.472
-4.054 22.478 -1.482
-3.995 22.554 -1.486
-3.931 22.606 -1.489
-3.873 22.696 -1.495
-38.608 35.818 -2.139
-38.621 36.056 -2.146
-38.699 36.242 -2.155
-38.818 36.584 -2.169
-38.825 36.822 -2.176
-38.939 37.163 -2.19
