4.76679 -0.855533 0.094784 -0.00277451
3.079 2.89 -1.53
3.076 2.869 -1.523
3.069 2.844 -1.515
3.065 2.823 -1.508
3.077 2.815 -1.51
3.101 2.82 -1.518
3.075 2.787 -1.502
3.069 2.764 -1.494
3.069 2.746 -1.489
3.107 2.763 -1.504
3.097 2.737 -1.495
3.114 2.735 -1.499
3.088 2.694 -1.481
3.084 2.682 -1.477
2.366 5.163 -1.636
2.377 5.143 -1.632
2.369 5.084 -1.614
2.371 5.047 -1.604
2.381 5.046 -1.606
2.394 5.032 -1.603
2.386 4.976 -1.587
2.403 4.97 -1.587
2.403 4.93 -1.576
2.463 5.989 -1.636
2.487 5.994 -1.64
2.497 5.966 -1.634
2.486 5.912 -1.62
2.493 5.876 -1.611
2.495 5.831 -1.6
2.496 5.782 -1.588
2.494 5.727 -1.574
2.557 6.964 -1.595
2.561 6.907 -1.583
2.548 6.839 -1.567
2.559 6.801 -1.56
2.572 6.77 -1.554
2.57 6.701 -1.539
2.587 8.483 -1.593
2.607 8.455 -1.589
2.618 8.396 -1.578
2.612 8.328 -1.565
2.621 8.267 -1.555
2.638 8.229 -1.549
2.666 8.228 -1.55
2.67 8.152 -1.536
2.758 10.034 -1.527
2.777 9.978 -1.519
2.804 9.956 -1.517
2.827 9.917 -1.512
2.824 9.848 -1.502
2.824 9.732 -1.484
2.822 9.61 -1.465
3.502 11.842 -1.38
3.533 11.812 -1.378
3.534 11.681 -1.362
3.554 11.617 -1.355
3.598 11.629 -1.358
3.606 11.591 -1.353
3.624 11.521 -1.345
3.632 11.422 -1.334
3.615 11.247 -1.312
0.359999 21.992 -1.419
0.427999 21.941 -1.416
0.496999 21.926 -1.415
0.565999 21.916 -1.414
0.598999 21.875 -1.411
0.667999 21.869 -1.411
0.734999 21.839 -1.409
0.803999 21.833 -1.409
0.871999 21.81 -1.407
0.939999 21.816 -1.408
1.008 21.801 -1.407
1.041 21.757 -1.404
1.109 21.756 -1.404
1.177 21.744 -1.403
1.245 21.726 -1.402
1.312 21.704 -1.401
1.378 21.672 -1.399
1.412 21.66 -1.398
1.479 21.638 -1.397
1.547 21.633 -1.397
1.613 21.608 -1.395
1.679 21.583 -1.394
1.746 21.558 -1.392
1.811 21.526 -1.39
1.844 21.51 -1.389
1.91 21.486 -1.388
1.977 21.474 -1.388
2.042 21.44 -1.386
2.108 21.427 -1.385
2.174 21.407 -1.384
2.24 21.386 -1.383
2.273 21.374 -1.383
2.338 21.349 -1.381
2.403 21.32 -1.38
2.467 21.292 -1.378
2.532 21.267 -1.377
2.599 21.257 -1.377
2.66 21.205 -1.373
2.691 21.183 -1.372
2.755 21.155 -1.371
2.818 21.122 -1.369
20.95 14.516 -1.076
20.954 14.421 -1.074
20.981 14.343 -1.073
20.927 14.21 -1.067
20.879 14.081 -1.061
20.94 14.027 -1.062
20.971 14 -1.063
21.004 13.927 -1.062
21.037 13.854 -1.061
21.051 13.768 -1.059
21.062 13.681 -1.058
21.088 13.604 -1.057
21.085 13.509 -1.054
21.051 13.44 -1.051
21.108 13.383 -1.051
21.16 13.323 -1.052
21.18 13.243 -1.051
21.206 13.167 -1.05
21.221 13.084 -1.048
21.214 13.033 -1.047
21.244 12.96 -1.046
21.239 12.866 -1.043
21.228 12.768 -1.04
21.287 12.712 -1.041
21.318 12.64 -1.041
21.315 12.548 -1.038
21.341 12.519 -1.039
21.346 12.431 -1.037
21.368 12.354 -1.036
21.399 12.283 -1.035
21.407 12.198 -1.034
21.381 12.094 -1.03
21.452 12.045 -1.032
21.451 12.001 -1.031
21.459 11.917 -1.029
21.484 11.843 -1.028
21.499 11.763 -1.027
21.521 11.688 -1.026
21.555 11.618 -1.026
21.545 11.526 -1.023
15.729 50.891 -0.912
15.827 50.647 -0.908
15.917 50.378 -0.903
16.001 50.095 -0.898
16.094 49.847 -0.893
16.176 49.568 -0.888
16.24 49.5 -0.887
16.345 49.297 -0.884
16.397 48.939 -0.877
16.539 48.853 -0.876
16.706 48.84 -0.877
16.861 48.793 -0.877
16.633 47.647 -0.853
