-8.22357 -0.10762 0.000137052 -1.14386e-05
-8.826 4.419 -2.076
-8.824 4.453 -2.079
-8.836 4.494 -2.086
-8.829 4.526 -2.087
-8.841 4.549 -2.092
-8.833 4.581 -2.094
-8.848 4.624 -2.101
-8.847 4.659 -2.105
-8.848 4.695 -2.109
-8.856 4.735 -2.114
-8.851 4.768 -2.117
-8.861 4.792 -2.121
-8.859 4.827 -2.125
-8.858 4.862 -2.128
-9.001 6.826 -2.063
-9.054 6.911 -2.081
-9.089 6.982 -2.094
-9.107 7.042 -2.104
-9.116 7.072 -2.109
-9.144 7.139 -2.121
-9.154 7.193 -2.129
-9.438 9.875 -2.044
-9.433 9.932 -2.05
-9.441 10.003 -2.059
-9.465 10.059 -2.068
-9.463 10.121 -2.075
-9.467 10.189 -2.084
-9.48 10.267 -2.094
-9.475 10.327 -2.1
-10.045 15.389 -2.057
-10.052 15.505 -2.069
-10.056 15.619 -2.081
-10.072 15.752 -2.096
-10.08 15.874 -2.109
-10.086 15.938 -2.116
-10.053 15.997 -2.12
-10.68 19.895 -2.018
-10.723 20.048 -2.033
-10.688 20.134 -2.039
-10.594 20.112 -2.033
-10.574 20.226 -2.042
-10.585 20.402 -2.057
-10.593 20.575 -2.073
-10.619 20.705 -2.085
-11.469 26.081 -1.898
-11.427 26.209 -1.906
-11.464 26.519 -1.928
-11.485 26.799 -1.947
-11.541 27.046 -1.966
-11.519 27.231 -1.977
-11.517 27.465 -1.993
-13.624 44.309 -1.858
-13.578 44.407 -1.862
-13.452 44.495 -1.864
-13.327 44.587 -1.866
-13.197 44.665 -1.868
-13.08 44.785 -1.872
-12.957 44.889 -1.874
-12.864 45.097 -1.882
-12.851 45.323 -1.892
-12.735 45.455 -1.896
-12.658 45.734 -1.907
-12.534 45.847 -1.91
