1.84622 -0.0138644 0.00388475 0.00037217
1.888 3.962 -1.733
1.894 3.941 -1.726
1.905 3.933 -1.725
1.916 3.924 -1.724
1.907 3.891 -1.71
1.914 3.874 -1.704
1.912 3.84 -1.691
1.917 3.821 -1.685
1.916 3.79 -1.673
1.923 4.437 -1.718
1.924 4.402 -1.706
1.93 4.377 -1.698
1.924 4.345 -1.686
1.926 4.314 -1.675
1.924 4.274 -1.661
1.953 5.015 -1.712
1.966 5.002 -1.71
1.971 4.969 -1.7
1.971 4.925 -1.686
1.968 4.897 -1.677
1.968 4.852 -1.663
1.965 4.802 -1.647
1.984 5.58 -1.711
1.996 5.559 -1.707
2.003 5.522 -1.697
2.004 5.471 -1.682
1.993 5.414 -1.664
1.99 5.354 -1.646
1.99 5.301 -1.631
2.073 6.474 -1.724
2.071 6.4 -1.705
2.072 6.334 -1.688
2.068 6.253 -1.666
2.053 6.142 -1.636
2.181 7.555 -1.698
2.17 7.471 -1.679
2.17 7.385 -1.66
2.168 7.292 -1.639
2.164 7.194 -1.617
2.299 9.174 -1.707
2.323 9.146 -1.703
2.35 9.133 -1.701
2.356 9.097 -1.695
2.355 8.974 -1.672
2.341 8.807 -1.64
9.43 5.002 -1.241
9.344 4.918 -1.225
9.331 4.874 -1.221
9.387 4.866 -1.227
9.33 4.817 -1.217
9.313 4.772 -1.212
9.305 4.73 -1.209
9.346 4.715 -1.213
9.315 4.662 -1.206
9.298 4.617 -1.201
9.348 4.605 -1.206
9.234 4.531 -1.188
5.128 18.464 -1.682
5.184 18.44 -1.681
5.234 18.397 -1.679
5.285 18.355 -1.676
5.336 18.316 -1.674
5.361 18.296 -1.672
5.415 18.265 -1.671
5.462 18.214 -1.668
5.51 18.164 -1.664
5.561 18.13 -1.662
5.613 18.095 -1.661
5.656 18.032 -1.656
5.681 18.013 -1.655
5.727 17.963 -1.652
5.786 17.953 -1.652
5.834 17.908 -1.65
5.883 17.867 -1.647
5.931 17.824 -1.645
5.981 17.788 -1.643
6.001 17.756 -1.641
6.053 17.726 -1.64
6.104 17.693 -1.638
6.15 17.646 -1.635
6.198 17.606 -1.633
6.243 17.558 -1.63
8.27 23.748 -1.652
8.301 23.598 -1.642
8.257 23.239 -1.616
8.297 23.121 -1.609
8.362 23.072 -1.607
8.422 23.014 -1.605
8.422 22.791 -1.589
29.758 15.098 -1.472
29.722 14.962 -1.467
29.676 14.822 -1.462
29.643 14.748 -1.459
29.639 14.63 -1.456
29.621 14.505 -1.452
29.612 14.386 -1.449
29.584 14.257 -1.445
29.567 14.135 -1.442
29.532 14.004 -1.438
29.498 13.931 -1.434
29.48 13.809 -1.431
29.451 13.683 -1.427
29.434 13.563 -1.424
29.418 13.444 -1.42
