2.26902 0.00698999 0.00290936 3.8531e-05
2.35 3.689 -1.727
2.317 3.612 -1.692
2.337 3.619 -1.699
2.337 3.606 -1.694
2.337 3.582 -1.685
2.333 3.551 -1.674
2.283 4.306 -1.732
2.285 4.277 -1.723
2.288 4.265 -1.719
2.289 4.237 -1.71
2.287 4.202 -1.698
2.297 4.188 -1.695
2.314 4.189 -1.699
2.323 4.173 -1.695
2.33 4.155 -1.69
2.336 4.151 -1.69
2.34 4.127 -1.683
2.336 4.091 -1.67
2.365 4.858 -1.72
2.365 4.822 -1.709
2.371 4.814 -1.707
2.374 4.782 -1.698
2.378 4.754 -1.69
2.378 4.716 -1.678
2.381 4.685 -1.669
2.322 5.497 -1.726
2.317 5.437 -1.708
2.311 5.375 -1.689
2.323 5.381 -1.692
2.328 5.345 -1.683
2.341 5.329 -1.68
2.35 5.302 -1.674
2.413 6.411 -1.738
2.424 6.378 -1.731
2.422 6.312 -1.714
2.42 6.278 -1.705
2.421 6.222 -1.691
2.425 6.173 -1.679
2.429 6.127 -1.668
2.402 7.685 -1.742
2.419 7.654 -1.736
2.434 7.616 -1.729
2.441 7.557 -1.716
2.458 7.527 -1.711
2.471 7.489 -1.704
2.494 7.48 -1.703
2.482 7.402 -1.685
2.564 9.184 -1.722
2.576 9.17 -1.72
2.587 9.1 -1.707
2.585 8.986 -1.686
2.574 8.842 -1.658
2.637 11.168 -1.697
2.646 11.048 -1.679
2.674 11.015 -1.675
2.706 10.993 -1.673
2.701 10.827 -1.647
2.705 10.698 -1.627
3.274 18.853 -1.679
3.328 18.809 -1.676
3.36 18.647 -1.661
3.376 18.402 -1.637
3.368 18.037 -1.602
3.342 17.742 -1.573
16.254 21.14 -1.764
16.285 21.043 -1.759
16.339 20.976 -1.758
16.391 20.907 -1.756
16.426 20.817 -1.753
16.422 20.744 -1.748
16.462 20.661 -1.745
16.494 20.569 -1.742
16.48 20.419 -1.732
16.545 20.369 -1.732
16.598 20.303 -1.731
16.619 20.198 -1.726
16.636 20.155 -1.724
16.65 20.043 -1.719
16.689 19.961 -1.716
16.721 19.872 -1.712
15.157 35.633 -1.741
15.239 35.517 -1.737
15.307 35.366 -1.731
15.41 35.302 -1.73
15.466 35.277 -1.73
15.46 34.964 -1.716
15.495 34.747 -1.707
15.515 34.499 -1.696
15.603 34.407 -1.693
15.684 34.298 -1.69
