2.35754 -0.0376706 0.00538484 -0.000136964
2.305 3.759 -1.741
2.294 3.716 -1.724
2.297 3.694 -1.717
2.304 3.679 -1.713
2.31 3.664 -1.709
2.307 3.634 -1.697
2.312 3.63 -1.697
2.335 3.64 -1.706
2.325 3.6 -1.689
2.269 4.874 -1.711
2.272 4.841 -1.701
2.277 4.813 -1.693
2.284 4.789 -1.687
2.283 4.748 -1.674
2.273 4.709 -1.66
2.284 4.695 -1.658
2.254 5.503 -1.719
2.267 5.485 -1.716
2.288 5.487 -1.718
2.29 5.443 -1.706
2.293 5.402 -1.695
2.293 5.379 -1.688
2.293 5.331 -1.675
2.303 5.31 -1.67
2.316 5.294 -1.667
4.202 4.745 -1.599
4.202 4.715 -1.593
4.213 4.697 -1.591
4.217 4.672 -1.587
4.236 4.663 -1.589
4.224 4.622 -1.578
4.209 4.575 -1.566
4.204 4.556 -1.562
4.194 4.516 -1.552
4.208 4.503 -1.552
4.217 4.484 -1.549
4.235 4.475 -1.551
4.245 4.457 -1.549
4.24 4.424 -1.542
2.278 7.491 -1.691
2.303 7.488 -1.692
2.324 7.473 -1.69
2.326 7.397 -1.673
2.332 7.336 -1.66
2.332 7.293 -1.65
2.349 7.269 -1.646
2.371 7.26 -1.646
2.396 7.258 -1.647
2.416 7.243 -1.646
2.438 7.233 -1.645
2.462 7.229 -1.646
2.476 7.231 -1.647
2.488 7.192 -1.64
2.508 7.177 -1.638
2.529 7.165 -1.637
2.547 7.144 -1.634
2.32 9.015 -1.678
2.346 9 -1.676
2.352 8.907 -1.659
2.362 8.83 -1.645
2.364 8.782 -1.636
2.388 8.762 -1.634
2.411 8.737 -1.63
2.441 8.741 -1.633
2.465 8.718 -1.63
2.493 8.714 -1.63
2.518 8.698 -1.629
2.528 8.681 -1.626
2.359 10.903 -1.646
2.353 10.791 -1.629
2.359 10.658 -1.608
2.362 10.512 -1.586
2.386 10.464 -1.579
2.464 14.218 -1.646
2.476 14.16 -1.639
2.48 13.927 -1.61
2.481 13.683 -1.579
2.493 13.512 -1.558
2.622 18.112 -1.597
2.654 17.938 -1.581
2.646 17.495 -1.538
2.641 17.282 -1.517
2.688 17.221 -1.512
2.739 17.192 -1.51
2.791 17.172 -1.509
4.528 21.795 -1.439
4.594 21.769 -1.438
4.658 21.731 -1.436
4.698 21.586 -1.426
4.724 21.382 -1.412
4.682 21.034 -1.386
4.527 30.722 -1.356
4.62 30.686 -1.355
4.712 30.644 -1.353
4.804 30.597 -1.352
4.846 30.554 -1.35
4.938 30.511 -1.348
5.026 30.452 -1.346
5.117 30.405 -1.345
5.202 30.327 -1.341
5.294 30.293 -1.341
5.316 29.865 -1.32
5.29 29.45 -1.299
