1.43155 0.0619613 -0.0071182 0.000333793
1.592 4.092 -1.734
1.6 4.075 -1.728
1.601 4.061 -1.723
1.604 4.032 -1.712
1.609 4.008 -1.703
1.61 3.974 -1.69
1.613 3.945 -1.679
1.598 4.475 -1.686
1.6 4.439 -1.673
1.604 4.406 -1.662
1.607 4.371 -1.65
1.602 4.338 -1.637
1.607 4.309 -1.628
1.547 5.707 -1.708
1.555 5.667 -1.697
1.56 5.651 -1.693
1.56 5.58 -1.672
1.563 5.524 -1.655
1.566 6.601 -1.72
1.58 6.568 -1.712
1.589 6.518 -1.7
1.608 6.506 -1.698
1.615 6.446 -1.683
1.61 6.382 -1.665
1.58 7.758 -1.711
1.59 7.746 -1.709
1.611 7.724 -1.705
1.636 7.719 -1.705
1.657 7.699 -1.701
1.658 7.589 -1.676
1.668 7.52 -1.661
1.673 7.428 -1.641
1.564 9.37 -1.715
1.584 9.309 -1.704
1.582 9.204 -1.684
1.606 9.171 -1.678
1.633 9.155 -1.676
1.65 9.084 -1.663
4.999 11.094 -1.807
5.014 11.081 -1.806
5.031 11.025 -1.799
5.05 10.975 -1.793
5.076 10.94 -1.79
5.096 10.893 -1.785
5.117 10.85 -1.78
5.135 10.799 -1.774
5.134 10.753 -1.767
5.155 10.71 -1.762
5.175 10.665 -1.757
1.604 14.484 -1.665
1.643 14.416 -1.656
1.653 14.117 -1.619
1.691 14.061 -1.612
5.653 20.745 -1.912
5.707 20.687 -1.908
5.758 20.615 -1.902
5.808 20.545 -1.897
5.852 20.454 -1.889
5.879 20.307 -1.876
5.904 20.275 -1.874
5.959 20.226 -1.871
5.999 20.129 -1.863
6.048 20.062 -1.858
13.521 23.423 -1.792
13.556 23.315 -1.786
13.587 23.283 -1.785
13.655 23.232 -1.784
13.668 23.088 -1.776
13.785 23.12 -1.782
13.78 22.947 -1.771
13.817 22.845 -1.766
13.815 22.681 -1.756
13.934 22.795 -1.767
13.97 22.693 -1.762
14.031 22.633 -1.761
14.088 22.566 -1.759
14.112 22.448 -1.753
14.194 22.422 -1.754
14.218 22.303 -1.748
14.302 22.358 -1.754
14.315 22.224 -1.747
14.312 22.067 -1.737
5.671 43.74 -1.758
5.799 43.651 -1.755
5.911 43.449 -1.747
5.952 43.243 -1.738
6.074 43.127 -1.734
6.193 42.993 -1.728
6.301 42.79 -1.72
6.399 42.531 -1.709
6.493 42.254 -1.698
1.907 76.239 -1.394
2.02 75.97 -1.388
2.253 75.774 -1.384
2.48 75.437 -1.378
2.706 75.131 -1.371
2.934 74.922 -1.367
3.158 74.639 -1.361
3.38 74.363 -1.356
3.479 73.984 -1.348
3.697 73.685 -1.342
