-11.9394 -2.40421 0.16553 -0.00257166
-7.617 1.366 -1.669
-7.628 1.393 -1.673
-7.62 1.416 -1.672
-7.629 1.442 -1.675
-7.639 1.469 -1.679
-7.642 1.495 -1.681
-7.64 1.507 -1.681
-7.643 1.532 -1.683
-7.653 1.559 -1.686
-7.654 1.584 -1.688
-7.668 1.612 -1.692
-7.673 1.638 -1.694
-7.679 1.665 -1.697
-7.756 1.694 -1.716
-7.76 1.721 -1.718
-7.761 1.746 -1.72
-21.564 6.058 -2
-21.626 6.148 -2.008
-21.667 6.234 -2.014
-21.738 6.328 -2.024
-21.794 6.419 -2.031
-21.877 6.48 -2.041
-21.901 6.562 -2.046
-21.943 6.65 -2.052
-29.531 10.695 -2.113
-29.544 10.804 -2.117
-29.54 10.908 -2.119
-29.581 10.976 -2.124
-29.608 11.092 -2.129
-29.694 11.231 -2.138
-29.757 11.362 -2.146
-29.794 11.483 -2.152
-29.823 11.602 -2.157
-29.87 11.728 -2.163
-4.189 29.484 -1.292
-4.117 29.647 -1.299
-4.073 30.02 -1.318
-4.034 30.444 -1.338
-3.992 30.869 -1.359
-3.938 31.224 -1.377
-3.911 31.403 -1.385
