3.65936 -0.140116 -0.0114476 0.000691134
2.956 3.157 -1.706
2.957 3.138 -1.7
2.959 3.121 -1.696
2.962 3.105 -1.692
2.967 3.09 -1.689
2.968 3.072 -1.683
2.985 3.07 -1.688
2.982 3.058 -1.683
2.98 3.036 -1.676
2.988 3.026 -1.675
2.992 3.011 -1.672
2.999 2.999 -1.671
2.996 2.977 -1.663
3.004 2.966 -1.662
3.007 2.96 -1.661
3.012 2.947 -1.659
3.011 2.927 -1.653
2.839 3.705 -1.654
2.831 3.683 -1.645
2.842 3.673 -1.645
2.851 3.661 -1.643
2.849 3.634 -1.635
2.853 3.616 -1.63
2.861 3.603 -1.628
2.865 3.585 -1.624
2.86 3.568 -1.618
2.863 3.549 -1.613
2.874 3.54 -1.613
2.873 3.516 -1.606
2.886 3.509 -1.606
2.885 3.485 -1.599
2.523 5.243 -1.679
2.531 5.216 -1.673
2.539 5.193 -1.668
2.546 5.164 -1.661
2.551 5.134 -1.653
2.563 5.117 -1.65
2.56 5.091 -1.642
2.566 5.064 -1.636
2.575 5.041 -1.63
2.578 5.009 -1.622
2.363 6.126 -1.661
2.378 6.11 -1.658
2.387 6.076 -1.651
2.401 6.054 -1.646
2.395 6.01 -1.635
2.396 5.96 -1.622
2.401 5.916 -1.612
2.391 5.839 -1.591
2.19 7.241 -1.629
2.197 7.182 -1.617
2.206 7.128 -1.605
2.218 7.09 -1.598
2.227 7.04 -1.587
2.24 7.003 -1.58
2.241 6.968 -1.572
1.839 8.923 -1.639
1.86 8.881 -1.632
1.885 8.861 -1.63
1.904 8.817 -1.622
1.915 8.734 -1.607
1.934 8.686 -1.598
1.948 8.62 -1.587
1.45 10.833 -1.61
1.468 10.837 -1.611
1.493 10.766 -1.601
1.521 10.724 -1.595
1.55 10.684 -1.589
1.568 10.573 -1.572
1.582 10.437 -1.551
1.045 13.787 -1.569
1.088 13.778 -1.568
1.13 13.763 -1.567
1.167 13.682 -1.557
1.191 13.473 -1.531
1.234 13.473 -1.531
1.265 13.349 -1.516
0.815999 17.567 -1.527
0.861999 17.364 -1.507
0.901999 17.087 -1.48
0.907999 16.69 -1.442
4.802 15.293 -1.085
4.841 15.251 -1.083
4.842 15.088 -1.07
4.907 15.129 -1.075
4.979 15.188 -1.081
4.991 15.142 -1.078
4.992 14.988 -1.066
5.087 15.114 -1.078
5.117 15.047 -1.074
5.161 15.022 -1.073
5.2 14.983 -1.071
5.249 14.972 -1.072
5.202 14.765 -1.055
5.279 14.833 -1.062
5.296 14.733 -1.055
5.37 14.794 -1.062
5.361 14.627 -1.049
5.42 14.644 -1.052
5.446 14.574 -1.047
5.46 14.543 -1.045
5.446 14.368 -1.032
5.414 14.15 -1.014
1.67 27.802 -1.195
1.753 27.727 -1.191
1.837 27.673 -1.189
1.921 27.621 -1.187
2.004 27.569 -1.184
2.089 27.531 -1.183
2.171 27.477 -1.18
2.21 27.417 -1.178
2.293 27.375 -1.176
2.374 27.31 -1.173
2.456 27.26 -1.171
2.537 27.203 -1.168
2.618 27.147 -1.166
2.697 27.073 -1.163
2.736 27.035 -1.161
2.814 26.96 -1.158
2.894 26.906 -1.155
2.974 26.857 -1.153
3.049 26.766 -1.149
3.134 26.764 -1.15
3.217 26.738 -1.149
3.254 26.696 -1.147
3.335 26.661 -1.146
3.415 26.623 -1.144
26.557 27.516 -0.597
26.527 27.314 -0.593
26.438 27.052 -0.588
26.498 26.943 -0.587
26.495 26.771 -0.585
26.457 26.649 -0.582
26.444 26.47 -0.579
26.404 26.264 -0.576
26.407 26.102 -0.573
26.398 25.931 -0.571
26.38 25.75 -0.568
26.37 25.579 -0.565
26.312 25.443 -0.562
26.284 25.257 -0.559
26.265 25.08 -0.556
26.245 24.904 -0.554
26.229 24.734 -0.551
26.218 24.568 -0.548
26.22 24.416 -0.546
