5.07751 -1.08145 0.126727 -0.00385439
3.091 2.819 -1.515
3.093 2.803 -1.511
3.069 2.764 -1.494
3.061 2.739 -1.485
3.084 2.743 -1.493
3.116 2.763 -1.507
3.089 2.721 -1.488
3.086 2.701 -1.483
3.089 2.687 -1.48
3.096 2.676 -1.479
3.072 2.638 -1.462
2.368 5.189 -1.644
2.373 5.156 -1.635
2.368 5.101 -1.619
2.368 5.059 -1.607
2.38 5.045 -1.605
2.395 5.036 -1.604
2.396 4.997 -1.594
2.479 6.001 -1.641
2.495 5.986 -1.639
2.496 5.936 -1.627
2.495 5.881 -1.613
2.498 5.838 -1.602
2.486 5.784 -1.588
2.509 7.038 -1.608
2.507 6.995 -1.598
2.532 6.996 -1.6
2.541 6.953 -1.592
2.547 6.902 -1.581
2.565 6.882 -1.578
2.552 6.781 -1.555
2.596 8.466 -1.59
2.61 8.417 -1.582
2.607 8.311 -1.562
2.619 8.258 -1.553
2.638 8.229 -1.549
2.641 8.195 -1.543
2.66 8.164 -1.538
2.731 10.058 -1.53
2.744 10.046 -1.528
2.761 9.984 -1.52
2.795 9.985 -1.521
2.807 9.906 -1.51
2.832 9.876 -1.506
2.828 9.746 -1.486
2.827 9.629 -1.468
3.944 11.403 -1.344
3.963 11.343 -1.338
3.998 11.329 -1.337
4.021 11.281 -1.332
4.053 11.259 -1.331
4.088 11.246 -1.331
4.047 11.078 -1.309
4.029 10.923 -1.29
0.461999 21.927 -1.415
0.530999 21.907 -1.413
0.598999 21.881 -1.412
0.666999 21.856 -1.41
0.734999 21.843 -1.409
0.768999 21.83 -1.408
0.837999 21.816 -1.407
0.904999 21.783 -1.405
0.972999 21.768 -1.404
1.041 21.755 -1.404
1.108 21.722 -1.401
1.175 21.708 -1.401
1.209 21.698 -1.4
1.276 21.677 -1.399
1.343 21.655 -1.397
1.41 21.638 -1.396
1.477 21.616 -1.395
1.545 21.607 -1.395
1.577 21.589 -1.394
1.645 21.578 -1.393
1.711 21.547 -1.391
1.777 21.525 -1.39
1.843 21.506 -1.389
1.91 21.49 -1.388
1.976 21.47 -1.387
2.009 21.457 -1.387
2.076 21.448 -1.386
2.141 21.418 -1.385
2.208 21.403 -1.384
2.273 21.374 -1.383
2.338 21.347 -1.381
2.403 21.328 -1.38
2.433 21.292 -1.378
2.497 21.259 -1.376
2.565 21.255 -1.376
2.626 21.207 -1.373
2.692 21.189 -1.373
2.755 21.151 -1.37
2.82 21.136 -1.37
2.852 21.118 -1.369
2.916 21.097 -1.368
2.982 21.081 -1.368
3.044 21.044 -1.365
3.108 21.021 -1.364
3.168 20.974 -1.362
