2.03985 -0.102518 0.00287751 0.000126276
4.06 0.68 -1.488
4.06 0.667 -1.488
4.043 0.658 -1.48
4.023 0.642 -1.472
4.023 0.629 -1.471
3.944 0.603 -1.439
3.926 0.588 -1.431
3.911 0.573 -1.424
1.657 5.43 -1.636
1.659 5.374 -1.619
1.646 5.272 -1.588
1.652 5.262 -1.585
1.489 6.362 -1.652
1.506 6.348 -1.65
1.52 6.316 -1.642
1.52 6.273 -1.631
1.517 6.174 -1.605
1.538 6.175 -1.606
1.543 6.114 -1.59
1.614 7.219 -1.59
1.609 7.09 -1.561
1.613 7.004 -1.542
1.624 6.951 -1.53
1.476 9.01 -1.643
1.489 8.996 -1.641
1.515 8.98 -1.639
1.54 8.958 -1.635
1.547 8.829 -1.611
1.554 8.704 -1.587
1.571 10.709 -1.593
1.59 10.608 -1.578
1.6 10.447 -1.553
1.611 10.299 -1.53
1.612 10.199 -1.514
1.639 10.165 -1.51
1.788 12.84 -1.459
1.828 12.83 -1.458
1.866 12.807 -1.456
1.903 12.781 -1.453
1.942 12.768 -1.452
1.979 12.74 -1.45
2.017 12.726 -1.449
2.034 12.705 -1.446
2.071 12.679 -1.444
2.107 12.649 -1.441
2.145 12.632 -1.44
2.181 12.606 -1.437
2.218 12.585 -1.435
2.256 12.571 -1.434
2.274 12.553 -1.432
2.308 12.517 -1.429
2.346 12.502 -1.428
2.382 12.479 -1.426
2.418 12.454 -1.423
2.455 12.44 -1.423
2.492 12.421 -1.421
2.507 12.394 -1.418
2.545 12.38 -1.417
2.58 12.356 -1.415
2.617 12.338 -1.414
2.654 12.324 -1.413
2.692 12.31 -1.412
2.729 12.294 -1.411
2.742 12.26 -1.408
4.385 13.761 -1.307
4.4 13.66 -1.298
4.406 13.606 -1.292
4.431 13.539 -1.287
4.448 13.45 -1.278
4.467 13.366 -1.271
4.498 13.32 -1.267
4.536 13.292 -1.266
4.555 13.214 -1.259
4.588 13.241 -1.262
4.631 13.23 -1.263
4.666 13.199 -1.261
4.726 13.234 -1.267
4.739 13.143 -1.258
4.772 13.104 -1.255
4.789 13.023 -1.248
4.773 12.919 -1.237
4.864 13.038 -1.252
4.897 13 -1.25
5.567 17.744 -1.169
5.606 17.671 -1.165
5.638 17.581 -1.159
5.72 17.647 -1.166
5.745 17.534 -1.158
5.784 17.468 -1.154
5.801 17.337 -1.146
5.824 17.314 -1.145
5.861 17.245 -1.141
5.904 17.192 -1.138
5.962 17.187 -1.139
6.036 17.225 -1.143
6.036 17.053 -1.132
6.108 17.085 -1.136
6.124 17.045 -1.133
6.147 16.941 -1.127
6.198 16.916 -1.126
6.225 16.826 -1.121
6.241 16.707 -1.113
7.063 24.418 -1.073
7.047 24.219 -1.063
7.117 24.176 -1.062
7.177 24.101 -1.059
7.22 23.968 -1.053
7.276 23.882 -1.05
7.317 23.75 -1.044
7.336 23.546 -1.035
7.336 23.416 -1.029
7.343 23.183 -1.018
