2.60124 -0.101826 0.0111009 -0.000286206
2.323 3.802 -1.761
2.33 3.787 -1.757
2.319 3.742 -1.738
2.319 3.729 -1.734
2.332 3.725 -1.735
2.33 3.695 -1.724
2.323 3.659 -1.71
2.32 3.63 -1.699
4.46 0.823 -1.471
4.413 0.799 -1.453
4.412 0.785 -1.452
4.425 0.773 -1.456
4.359 0.754 -1.432
4.321 0.733 -1.417
4.269 0.71 -1.398
2.274 5.503 -1.721
2.291 5.496 -1.721
2.306 5.482 -1.719
2.32 5.467 -1.717
2.334 5.453 -1.714
2.337 5.412 -1.703
2.342 5.377 -1.694
2.332 5.331 -1.679
2.343 5.31 -1.675
2.354 5.29 -1.671
2.374 5.29 -1.673
2.389 5.279 -1.672
2.398 5.254 -1.666
5.434 1.154 -1.387
5.398 1.128 -1.376
5.354 1.101 -1.362
5.255 1.063 -1.334
2.295 7.547 -1.704
2.316 7.533 -1.702
2.345 7.542 -1.706
2.361 7.509 -1.7
2.369 7.451 -1.688
2.37 7.375 -1.671
2.379 7.323 -1.66
2.371 7.258 -1.646
2.36 9.054 -1.687
2.392 9.059 -1.69
2.403 8.987 -1.677
2.406 8.883 -1.657
2.406 8.773 -1.637
2.413 8.69 -1.622
2.41 8.625 -1.609
2.431 8.599 -1.606
2.381 11.005 -1.663
2.413 10.986 -1.661
2.44 10.942 -1.655
2.444 10.801 -1.633
2.428 10.649 -1.609
2.438 10.539 -1.593
2.456 10.468 -1.582
2.551 14.193 -1.645
2.592 14.165 -1.642
2.577 13.96 -1.616
2.573 13.701 -1.584
2.584 13.527 -1.562
2.618 13.474 -1.556
2.657 13.45 -1.554
14.003 3.284 -1.301
13.92 3.218 -1.291
13.793 3.143 -1.276
13.791 3.097 -1.275
13.973 3.092 -1.294
13.86 3.044 -1.281
13.78 2.982 -1.271
13.655 2.91 -1.257
13.599 2.854 -1.25
4.792 22.021 -1.459
4.823 21.832 -1.446
4.849 21.626 -1.432
4.865 21.381 -1.414
4.898 21.22 -1.403
5.078 31.069 -1.377
5.168 31.012 -1.375
5.205 30.931 -1.371
5.293 30.859 -1.369
5.382 30.799 -1.366
5.433 30.524 -1.353
5.451 30.077 -1.331
5.492 29.765 -1.316
22.635 44.98 -0.851
22.724 44.46 -0.842
22.822 44.307 -0.84
22.902 44.121 -0.837
22.983 43.939 -0.835
22.983 43.772 -0.832
23.025 43.519 -0.827
23.118 43.366 -0.825
23.108 43.02 -0.819
23.226 42.915 -0.818
23.251 42.642 -0.813
23.228 42.283 -0.806
23.158 42 -0.801
