-20.2317 1.92201 -0.0946588 0.00183624
-7.689 11.875 -1.61
-7.668 11.925 -1.614
-7.64 11.965 -1.616
-7.62 12.015 -1.62
-7.605 12.034 -1.621
-7.591 12.096 -1.627
-7.545 12.107 -1.625
-7.516 12.146 -1.628
-7.534 12.261 -1.641
-7.507 12.303 -1.644
-7.486 12.355 -1.648
-7.478 12.387 -1.651
-7.446 12.421 -1.653
-7.433 12.489 -1.659
-7.408 12.536 -1.663
-6.14 16.292 -1.51
-6.116 16.384 -1.518
-6.078 16.441 -1.521
-6.047 16.514 -1.527
-6.04 16.576 -1.533
-5.986 16.591 -1.532
-5.961 16.685 -1.54
-5.929 16.76 -1.546
-5.904 16.857 -1.554
-5.88 16.96 -1.563
-33.209 4.036 -2.1
-33.26 4.149 -2.104
-33.324 4.263 -2.109
-33.411 4.381 -2.116
-33.48 4.497 -2.122
-33.565 4.616 -2.129
-33.655 4.736 -2.136
-33.728 4.801 -2.142
-33.788 4.918 -2.147
-33.824 5.031 -2.151
-38.914 35.09 -2.127
-38.893 35.294 -2.132
-38.766 35.401 -2.131
-38.91 35.758 -2.147
-38.619 35.715 -2.136
-38.632 35.953 -2.144
-38.666 36.212 -2.153
-38.8 36.452 -2.164
-38.909 36.785 -2.178
