-10.4506 0.0721905 0.0190316 -0.000439121
-7.694 11.72 -1.594
-7.687 11.79 -1.601
-7.683 11.866 -1.609
-7.663 11.917 -1.613
-7.637 11.959 -1.616
-7.62 12.015 -1.62
-7.581 12.037 -1.62
-7.586 12.088 -1.626
-7.547 12.11 -1.626
-7.509 12.134 -1.626
-7.534 12.261 -1.641
-7.508 12.305 -1.644
-7.48 12.347 -1.647
-7.47 12.374 -1.649
-7.448 12.424 -1.653
-7.433 12.489 -1.659
-7.4 12.522 -1.661
-6.141 16.296 -1.51
-6.107 16.36 -1.515
-6.074 16.43 -1.52
-6.049 16.521 -1.528
-6.039 16.572 -1.532
-5.986 16.591 -1.532
-5.967 16.7 -1.542
-5.925 16.75 -1.545
-5.902 16.851 -1.554
-5.884 16.969 -1.564
-10.85 17.067 -1.289
-10.831 17.155 -1.294
-10.828 17.211 -1.297
-10.802 17.289 -1.301
-10.794 17.397 -1.307
-10.75 17.448 -1.309
-10.728 17.536 -1.313
-10.716 17.641 -1.32
-10.686 17.716 -1.323
-10.663 17.804 -1.328
-10.67 17.879 -1.333
-10.646 17.967 -1.338
-10.616 18.045 -1.341
-38.899 35.077 -2.126
-38.899 35.3 -2.133
-38.756 35.392 -2.131
-38.921 35.768 -2.147
-38.637 35.731 -2.137
-38.638 35.959 -2.144
-38.659 36.205 -2.152
-38.81 36.462 -2.165
-38.887 36.765 -2.177
