-12.0047 0.383395 -0.00153807 1.00057e-05
-7.656 11.947 -1.616
-7.634 11.997 -1.619
-7.625 12.024 -1.622
-7.59 12.053 -1.622
-7.564 12.095 -1.625
-7.525 12.117 -1.625
-7.523 12.2 -1.634
-7.517 12.276 -1.642
-7.487 12.315 -1.644
-7.494 12.369 -1.65
-7.455 12.392 -1.65
-7.435 12.448 -1.655
-7.421 12.514 -1.662
-7.383 12.539 -1.662
-7.366 12.602 -1.668
-6.011 16.578 -1.532
-5.98 16.655 -1.538
-5.953 16.745 -1.545
-5.909 16.788 -1.548
-5.894 16.913 -1.559
-5.859 16.986 -1.565
-5.844 17.027 -1.568
-5.82 17.132 -1.577
-5.781 17.196 -1.582
-5.736 17.24 -1.584
-10.424 18.645 -1.373
-10.513 18.942 -1.395
-10.365 18.815 -1.381
-10.367 18.889 -1.386
-10.341 18.982 -1.391
-10.304 19.2 -1.404
-10.264 19.271 -1.408
-10.252 19.394 -1.415
-10.226 19.492 -1.421
-10.232 19.579 -1.426
-1.682 29.838 -1.297
-1.6 30.071 -1.308
-1.517 30.297 -1.32
-1.433 30.527 -1.331
-1.348 30.781 -1.343
-1.309 31.004 -1.355
-1.218 31.164 -1.362
