2.15097 -0.0397994 0.00243257 4.26892e-05
2.001 3.954 -1.751
2.004 3.93 -1.742
2.004 3.901 -1.731
1.983 3.845 -1.706
1.98 3.811 -1.693
2.01 3.839 -1.71
2.012 3.813 -1.7
2.02 3.799 -1.696
1.974 4.456 -1.732
1.981 4.436 -1.726
1.988 4.413 -1.719
1.992 4.386 -1.711
1.994 4.355 -1.7
1.998 4.328 -1.691
1.995 4.303 -1.682
1.997 4.273 -1.672
1.991 5.065 -1.733
1.992 5.022 -1.72
1.986 4.984 -1.707
1.996 4.964 -1.702
1.997 4.922 -1.689
2.003 4.893 -1.68
1.976 5.672 -1.737
1.972 5.602 -1.717
1.98 5.569 -1.708
1.989 5.537 -1.7
1.989 5.511 -1.692
1.991 5.462 -1.678
1.939 6.59 -1.743
1.961 6.587 -1.744
1.974 6.555 -1.737
1.976 6.486 -1.719
1.978 6.419 -1.702
1.977 6.346 -1.683
1.922 7.851 -1.749
1.926 7.814 -1.741
1.938 7.757 -1.729
1.952 7.709 -1.719
1.981 7.722 -1.724
1.996 7.68 -1.715
2.003 7.608 -1.699
2.005 7.518 -1.679
1.999 9.483 -1.752
2.019 9.429 -1.742
1.995 9.243 -1.706
2.01 9.174 -1.694
2.023 9.093 -1.679
2.026 11.335 -1.703
2.051 11.27 -1.694
2.065 11.145 -1.675
2.046 10.942 -1.642
2.187 15.312 -1.779
2.21 15.139 -1.757
2.249 15.077 -1.75
2.229 14.783 -1.713
2.238 14.535 -1.682
5.33 17.372 -1.585
5.353 17.255 -1.574
5.332 17.09 -1.558
5.378 17.047 -1.556
5.356 16.793 -1.531
6.361 29.954 -2.055
6.429 29.811 -2.046
6.495 29.666 -2.037
6.562 29.527 -2.028
6.623 29.366 -2.017
6.686 29.216 -2.007
6.748 29.065 -1.997
30.158 34.743 -1.843
30.205 34.578 -1.838
30.067 34.202 -1.822
29.932 33.834 -1.806
29.919 33.607 -1.798
29.586 33.024 -1.768
