16.0474 -2.67418 0.563079 -0.0354887
5.417 3.919 -1.694
5.428 3.901 -1.693
5.449 3.891 -1.696
5.418 3.842 -1.682
5.414 3.827 -1.678
5.426 3.81 -1.678
5.411 3.774 -1.669
5.421 3.756 -1.669
5.403 3.718 -1.659
5.439 3.717 -1.667
5.436 3.69 -1.662
5.43 3.661 -1.656
5.434 3.652 -1.656
5.442 3.632 -1.655
5.43 3.599 -1.647
5.431 3.576 -1.644
5.442 3.559 -1.644
5.429 3.526 -1.636
5.616 5.078 -1.631
5.606 5.036 -1.623
5.603 5.002 -1.617
5.591 4.959 -1.608
5.587 4.94 -1.604
5.541 4.869 -1.586
5.591 4.882 -1.596
5.601 4.859 -1.595
5.59 4.819 -1.586
5.578 4.778 -1.578
2.145 8.972 -1.661
2.163 8.925 -1.654
2.18 8.87 -1.644
2.164 8.688 -1.609
2.152 8.523 -1.577
2.132 8.384 -1.55
6.086 8.934 -1.591
6.09 8.88 -1.585
6.099 8.833 -1.579
6.102 8.778 -1.572
6.082 8.72 -1.563
6.083 8.662 -1.555
6.082 8.604 -1.548
6.072 8.532 -1.538
2.719 13.648 -1.581
2.739 13.531 -1.566
2.737 13.304 -1.538
2.76 13.21 -1.527
12.943 6.458 -1.31
12.929 6.4 -1.306
12.933 6.352 -1.304
12.913 6.317 -1.3
12.904 6.262 -1.297
12.902 6.211 -1.294
12.889 6.155 -1.291
12.883 6.103 -1.288
12.868 6.046 -1.284
12.864 5.995 -1.281
12.857 5.967 -1.279
12.839 5.91 -1.275
12.832 5.859 -1.272
12.831 5.809 -1.27
12.824 5.758 -1.267
12.814 5.705 -1.264
12.812 5.656 -1.262
12.786 5.621 -1.258
11.403 15.877 -1.239
11.361 15.714 -1.227
11.322 15.453 -1.21
11.267 15.328 -1.2
11.238 15.188 -1.191
11.205 15.044 -1.181
10.461 27.401 -1.269
10.528 27.32 -1.267
10.596 27.24 -1.264
10.611 27.026 -1.254
10.674 26.939 -1.251
10.65 26.632 -1.237
10.681 26.467 -1.23
10.644 26.256 -1.219
