-17.8591 1.39292 -0.0560958 0.000927092
-7.671 11.888 -1.61
-7.65 11.937 -1.614
-7.628 11.987 -1.618
-7.623 12.02 -1.621
-7.589 12.051 -1.622
-7.562 12.092 -1.625
-7.527 12.12 -1.625
-7.498 12.159 -1.628
-7.517 12.276 -1.642
-7.487 12.315 -1.644
-7.487 12.357 -1.649
-7.454 12.391 -1.65
-7.435 12.448 -1.655
-7.416 12.505 -1.66
-7.381 12.536 -1.661
-21.062 19.424 -1.91
-21.014 19.502 -1.911
-20.957 19.572 -1.912
-20.922 19.662 -1.914
-20.869 19.736 -1.915
-20.818 19.813 -1.916
-20.769 19.89 -1.918
-20.731 19.979 -1.92
-20.716 20.028 -1.922
-20.668 20.107 -1.924
-20.637 20.204 -1.927
-20.585 20.28 -1.928
-20.552 20.375 -1.931
-20.505 20.457 -1.933
-20.504 20.52 -1.936
-20.448 20.593 -1.937
-20.414 20.688 -1.94
-20.376 20.779 -1.943
-20.331 20.864 -1.945
-20.29 20.954 -1.948
-20.251 21.045 -1.951
-20.248 21.108 -1.954
-20.205 21.196 -1.957
-20.147 21.268 -1.957
-20.085 21.337 -1.958
-20.036 21.419 -1.96
-1.68 29.804 -1.295
-1.598 30.035 -1.307
-1.515 30.263 -1.318
-1.432 30.509 -1.33
-1.395 30.747 -1.342
-1.307 30.95 -1.352
-1.215 31.092 -1.359
