-225.598 29.5601 -1.27363 0.0178578
-9.018 9.426 -1.469
-9.032 9.501 -1.477
-9.033 9.562 -1.483
-9.055 9.646 -1.493
-9.116 9.773 -1.51
-9.137 9.857 -1.52
-9.136 9.887 -1.522
-2.583 16.923 -1.481
-2.551 17.07 -1.495
-2.521 17.242 -1.511
-2.492 17.419 -1.528
-2.476 17.506 -1.536
-2.448 17.708 -1.556
-2.402 17.785 -1.563
-6.7 19.418 -1.312
-6.653 19.48 -1.315
-6.617 19.573 -1.321
-6.566 19.628 -1.324
-6.53 19.724 -1.33
-6.483 19.792 -1.333
-6.472 19.861 -1.338
-6.427 19.936 -1.342
-6.381 20.009 -1.346
-6.338 20.09 -1.351
-6.293 20.167 -1.355
-6.247 20.244 -1.36
-6.204 20.332 -1.365
-2.723 29.883 -1.303
-2.637 29.981 -1.308
-2.543 29.998 -1.308
-2.452 30.039 -1.31
-2.36 30.073 -1.311
-2.268 30.12 -1.313
-2.221 30.131 -1.313
-2.129 30.176 -1.315
-2.036 30.202 -1.316
-1.944 30.254 -1.319
-1.85 30.276 -1.319
-1.759 30.352 -1.323
-1.666 30.403 -1.325
-1.619 30.412 -1.326
-1.526 30.47 -1.328
-1.432 30.509 -1.33
-1.337 30.537 -1.331
-1.241 30.549 -1.332
-1.147 30.601 -1.334
-1.054 30.682 -1.338
-1.008 30.764 -1.342
-0.913001 30.805 -1.344
-0.817001 30.855 -1.346
-0.721001 30.89 -1.348
-0.625001 30.942 -1.35
-0.529001 30.984 -1.352
-0.432001 31.017 -1.354
-0.384001 31.076 -1.357
