-3.71268 0.309291 -0.0301252 0.00115982
-2.9 2.936 -1.623
-2.912 2.967 -1.635
-2.916 2.98 -1.64
-2.909 2.992 -1.642
-2.905 3.007 -1.645
-2.903 3.024 -1.65
-2.895 3.034 -1.651
-2.894 3.053 -1.656
-2.891 3.069 -1.66
-2.891 3.078 -1.663
-2.89 3.097 -1.668
-2.889 3.116 -1.674
-2.885 3.131 -1.678
-2.874 3.139 -1.677
-2.873 3.565 -1.62
-2.879 3.584 -1.627
-2.874 3.602 -1.631
-2.87 3.62 -1.635
-2.865 3.638 -1.64
-2.864 3.66 -1.646
-2.856 3.673 -1.648
-2.858 3.7 -1.657
-2.848 3.699 -1.654
-2.837 3.709 -1.654
-2.834 3.728 -1.659
-2.833 3.752 -1.667
-2.826 3.767 -1.669
-2.81 3.771 -1.667
-2.807 3.792 -1.673
-2.796 3.789 -1.669
-2.788 3.804 -1.672
-2.779 3.816 -1.674
-2.805 4.824 -1.606
-2.802 4.852 -1.613
-2.803 4.871 -1.618
-2.794 4.892 -1.622
-2.788 4.917 -1.628
-2.791 4.957 -1.639
-2.781 4.976 -1.643
-2.773 5 -1.648
-2.779 5.028 -1.656
-2.737 5.664 -1.586
-2.73 5.695 -1.593
-2.734 5.727 -1.601
-2.73 5.763 -1.61
-2.727 5.803 -1.619
-2.717 5.831 -1.625
-2.703 5.848 -1.628
-2.702 5.894 -1.639
-2.682 5.898 -1.638
-2.674 5.906 -1.639
-2.602 6.825 -1.569
-2.591 6.86 -1.576
-2.608 6.97 -1.601
-2.605 7.028 -1.613
-2.588 7.05 -1.617
-2.583 7.071 -1.621
-2.515 8.292 -1.553
-2.503 8.343 -1.562
-2.489 8.394 -1.571
-2.482 8.468 -1.584
-2.484 8.52 -1.594
-2.464 8.555 -1.599
-2.444 8.583 -1.603
-2.583 13.105 -1.509
-2.544 13.124 -1.511
-2.505 13.146 -1.512
-2.465 13.162 -1.513
-2.444 13.162 -1.513
-2.405 13.185 -1.515
-2.366 13.208 -1.517
-2.327 13.225 -1.518
-2.286 13.238 -1.519
-2.246 13.255 -1.52
-2.225 13.259 -1.52
-2.185 13.275 -1.521
-2.147 13.302 -1.524
-2.108 13.33 -1.527
-2.07 13.358 -1.53
-2.033 13.4 -1.534
-1.997 13.445 -1.539
-1.979 13.47 -1.542
-1.942 13.52 -1.548
-1.907 13.579 -1.554
-1.865 13.59 -1.555
-1.825 13.616 -1.558
-1.786 13.649 -1.561
-1.641 16.952 -1.473
-1.59 16.981 -1.475
-1.565 17.011 -1.478
-1.514 17.039 -1.48
-1.464 17.084 -1.484
-1.413 17.124 -1.487
-1.362 17.16 -1.491
-1.309 17.178 -1.492
-1.258 17.22 -1.496
-1.234 17.264 -1.5
-1.18 17.269 -1.5
-1.127 17.291 -1.502
-1.077 17.362 -1.508
-1.026 17.433 -1.515
-0.975001 17.487 -1.52
-0.922001 17.54 -1.525
