3.72081 -0.528578 0.059464 -0.00142056
2.371 4.049 -1.663
2.368 4.014 -1.651
2.376 3.999 -1.647
2.38 3.978 -1.642
2.378 3.947 -1.631
2.371 3.921 -1.621
2.379 3.907 -1.618
2.369 3.863 -1.602
2.374 5.157 -1.636
2.369 5.105 -1.62
2.367 5.057 -1.607
2.371 5.045 -1.604
2.389 5.043 -1.606
2.401 5.027 -1.603
2.398 4.981 -1.59
2.409 4.963 -1.586
2.495 5.986 -1.639
2.492 5.954 -1.631
2.49 5.896 -1.616
2.491 5.847 -1.604
2.493 5.8 -1.592
2.497 5.759 -1.583
2.534 7.002 -1.602
2.543 6.959 -1.593
2.551 6.912 -1.584
2.555 6.89 -1.579
2.549 6.807 -1.561
2.568 6.792 -1.559
2.582 6.766 -1.554
2.567 6.663 -1.531
2.616 8.434 -1.585
2.592 8.309 -1.561
2.622 8.314 -1.563
2.627 8.241 -1.55
2.651 8.227 -1.549
2.666 8.185 -1.542
2.684 8.152 -1.537
2.702 8.119 -1.532
2.718 10.074 -1.532
2.748 10.06 -1.531
2.767 10.003 -1.523
2.799 9.997 -1.523
2.81 9.917 -1.512
2.823 9.901 -1.51
2.817 9.765 -1.489
2.829 9.692 -1.478
15.789 50.805 -0.91
15.89 50.568 -0.906
15.975 50.286 -0.901
16.056 49.997 -0.896
16.187 49.867 -0.894
16.167 49.541 -0.888
16.292 49.395 -0.886
16.411 49.237 -0.883
16.468 48.894 -0.877
16.611 48.812 -0.876
16.798 48.858 -0.878
16.909 48.684 -0.876
16.567 47.46 -0.849
