1.30178 0.36704 -0.0379549 0.00163069
3.075 2.886 -1.528
3.068 2.861 -1.519
3.067 2.851 -1.516
3.031 2.799 -1.492
3.055 2.804 -1.5
3.051 2.783 -1.494
3.053 2.767 -1.49
3.062 2.757 -1.49
3.059 2.738 -1.484
3.084 2.752 -1.495
3.086 2.736 -1.491
3.063 2.697 -1.475
3.063 2.68 -1.47
2.33 5.146 -1.627
2.341 5.128 -1.623
2.345 5.095 -1.614
2.36 5.086 -1.614
2.37 5.064 -1.609
2.373 5.029 -1.6
2.363 4.966 -1.581
2.38 4.983 -1.588
2.378 4.938 -1.575
2.487 5.914 -1.62
2.492 5.874 -1.611
2.487 5.837 -1.601
2.487 5.786 -1.588
2.482 5.725 -1.573
2.483 5.677 -1.561
2.543 6.957 -1.593
2.541 6.885 -1.577
2.545 6.829 -1.565
2.538 6.776 -1.553
2.554 6.755 -1.55
2.558 6.702 -1.539
2.543 8.384 -1.572
2.57 8.378 -1.572
2.586 8.338 -1.566
2.594 8.27 -1.554
2.607 8.222 -1.546
2.612 8.192 -1.54
2.631 8.163 -1.536
2.633 8.08 -1.521
2.698 9.998 -1.519
2.719 9.953 -1.513
2.747 9.931 -1.511
2.768 9.888 -1.505
2.79 9.845 -1.5
2.8 9.764 -1.488
2.799 9.645 -1.47
2.8 9.589 -1.461
3.063 12.662 -1.467
3.1 12.641 -1.465
3.129 12.589 -1.46
3.109 12.428 -1.439
3.12 12.309 -1.425
3.138 12.218 -1.414
0.594999 28.719 -1.239
0.683999 28.675 -1.237
0.771999 28.611 -1.234
0.816999 28.583 -1.232
0.904999 28.541 -1.23
0.993999 28.504 -1.229
1.082 28.461 -1.227
1.17 28.429 -1.225
1.257 28.379 -1.223
1.344 28.325 -1.22
1.388 28.301 -1.219
1.475 28.261 -1.217
1.561 28.212 -1.215
1.648 28.179 -1.214
1.736 28.166 -1.213
1.822 28.113 -1.211
1.907 28.065 -1.209
1.95 28.048 -1.208
2.037 28.028 -1.207
2.123 27.987 -1.206
2.21 27.967 -1.205
2.295 27.934 -1.204
2.38 27.894 -1.202
2.466 27.861 -1.201
2.504 27.797 -1.198
2.587 27.736 -1.195
2.669 27.684 -1.193
2.753 27.635 -1.191
2.835 27.587 -1.189
2.919 27.546 -1.187
16.896 45.186 -0.806
16.897 44.974 -0.802
16.972 44.747 -0.798
17.045 44.518 -0.794
17.124 44.307 -0.791
17.199 44.089 -0.787
17.273 43.87 -0.784
17.361 43.691 -0.781
17.352 43.47 -0.776
17.425 43.258 -0.773
17.486 43.02 -0.769
17.605 42.924 -0.768
17.674 42.711 -0.764
17.751 42.519 -0.761
17.872 42.432 -0.76
17.909 42.335 -0.759
17.941 42.042 -0.753
