14.2177 -3.32795 0.303535 -0.00882803
2.269 7.502 -1.692
2.29 7.49 -1.691
2.311 7.473 -1.689
2.314 7.399 -1.673
2.301 7.317 -1.654
2.308 7.258 -1.641
2.385 9.031 -1.684
2.402 8.983 -1.676
2.404 8.875 -1.656
2.401 8.754 -1.633
2.402 8.652 -1.614
2.523 10.992 -1.666
2.552 10.959 -1.662
2.537 10.816 -1.639
2.532 10.643 -1.612
2.523 10.458 -1.583
2.528 10.333 -1.564
2.816 14.246 -1.658
2.858 14.225 -1.656
2.888 14.142 -1.647
2.862 13.799 -1.603
2.844 13.501 -1.565
2.858 13.362 -1.548
7.215 12.724 -1.327
7.231 12.66 -1.322
7.24 12.584 -1.315
7.17 12.418 -1.296
7.189 12.361 -1.292
7.246 12.369 -1.296
7.274 12.327 -1.294
7.3 12.284 -1.291
7.337 12.258 -1.291
7.381 12.245 -1.292
7.394 12.223 -1.291
7.42 12.179 -1.288
7.434 12.115 -1.283
7.431 12.026 -1.275
7.09 27.401 -1.218
7.119 27.338 -1.215
7.271 27.564 -1.228
7.341 27.482 -1.225
7.449 27.537 -1.229
7.53 27.493 -1.228
7.545 27.213 -1.214
7.6 27.077 -1.209
7.691 27.239 -1.218
7.741 27.091 -1.211
7.79 26.94 -1.205
7.848 26.825 -1.2
7.992 27.002 -1.21
8.036 26.841 -1.203
8.107 26.771 -1.201
7.958 26.128 -1.168
29.281 58.858 -1.173
29.158 58.153 -1.159
29.234 57.85 -1.154
29.194 57.546 -1.148
29.241 57.192 -1.142
29.191 56.656 -1.131
29.122 56.088 -1.12
