-18.1566 1.62357 -0.0826233 0.00171887
-7.854 11.37 -1.568
-7.844 11.432 -1.574
-7.824 11.48 -1.578
-7.817 11.509 -1.58
-7.762 11.505 -1.576
-7.755 11.574 -1.583
-7.725 11.608 -1.584
-7.689 11.633 -1.584
-7.674 11.69 -1.589
-7.657 11.744 -1.594
-7.67 11.846 -1.606
-7.666 11.88 -1.609
-7.645 11.931 -1.613
-7.622 11.976 -1.616
-7.593 12.015 -1.619
-7.572 12.066 -1.623
-14.718 12.629 -1.705
-14.712 12.664 -1.706
-14.716 12.748 -1.712
-14.689 12.806 -1.714
-14.661 12.862 -1.715
-14.873 13.13 -1.749
-14.955 13.287 -1.765
-4.493 21.099 -1.388
-4.459 21.266 -1.4
-4.416 21.399 -1.409
-4.368 21.502 -1.415
-4.319 21.608 -1.422
-4.256 21.647 -1.424
-4.25 21.796 -1.435
-4.198 21.896 -1.441
-4.13 21.913 -1.442
-34.432 48.695 -2.449
-34.736 49.454 -2.484
-34.731 49.779 -2.496
-35.248 50.69 -2.542
-34.601 50.094 -2.504
-34.562 50.375 -2.514
-34.393 50.469 -2.513
