3.35541 -0.48152 0.0487995 -0.00115838
2.036 3.773 -1.69
2.042 3.755 -1.685
2.04 3.725 -1.673
2.038 3.693 -1.661
2.041 3.672 -1.654
2.037 3.651 -1.645
2.035 3.622 -1.634
2.298 3.52 -1.523
2.3 3.499 -1.516
2.31 3.49 -1.515
2.31 3.466 -1.507
2.312 3.446 -1.502
2.325 3.442 -1.503
2.342 3.444 -1.507
2.342 3.432 -1.504
2.349 3.419 -1.501
2.364 3.418 -1.504
2.359 3.387 -1.493
2.372 3.383 -1.494
2.379 3.371 -1.492
2.387 3.36 -1.491
2.398 3.364 -1.494
2.403 3.349 -1.491
2.413 3.34 -1.49
2.446 3.364 -1.505
2.45 3.347 -1.501
2.456 3.334 -1.498
2.471 3.332 -1.501
2.485 3.34 -1.507
2.494 3.331 -1.506
2.494 3.308 -1.499
2.495 3.288 -1.493
2.484 3.252 -1.479
2.512 3.268 -1.491
2.5 3.24 -1.479
2.518 3.243 -1.484
2.512 3.214 -1.474
2.507 3.187 -1.464
2.053 5.367 -1.657
2.06 5.336 -1.649
2.065 5.297 -1.638
2.061 5.239 -1.621
2.064 5.198 -1.61
2.067 5.156 -1.598
2.079 6.157 -1.643
2.091 6.129 -1.636
2.095 6.076 -1.623
2.097 6.02 -1.609
2.096 5.955 -1.592
2.132 7.126 -1.6
2.125 7.061 -1.585
2.132 7.006 -1.573
2.129 6.917 -1.553
2.134 6.857 -1.54
2.152 8.582 -1.589
2.178 8.571 -1.588
2.195 8.524 -1.58
2.189 8.39 -1.554
2.184 8.261 -1.53
2.046 10.304 -1.543
2.052 10.251 -1.535
2.073 10.192 -1.526
2.088 10.102 -1.513
2.111 10.053 -1.506
2.15 10.079 -1.511
2.174 10.038 -1.506
2.207 10.038 -1.507
2.216 10.004 -1.502
2.242 9.972 -1.498
2.275 9.973 -1.499
2.281 9.854 -1.481
2.285 9.729 -1.462
2.299 9.655 -1.451
2.356 13 -1.491
2.348 12.731 -1.457
2.357 12.562 -1.435
2.375 12.444 -1.421
2.378 12.251 -1.397
2.405 12.189 -1.39
7.418 9.109 -1.026
7.392 9.019 -1.017
7.387 8.955 -1.011
7.242 8.752 -0.985
7.289 8.753 -0.989
7.372 8.796 -0.998
7.401 8.774 -0.998
7.345 8.653 -0.984
7.242 8.479 -0.964
7.292 8.483 -0.967
7.208 8.359 -0.952
7.235 8.337 -0.952
7.171 8.211 -0.938
7.147 8.132 -0.93
7.216 8.159 -0.937
7.212 8.104 -0.932
7.087 7.914 -0.909
0.372999 29.088 -1.257
0.464999 29.073 -1.256
0.554999 29.029 -1.254
0.600999 29.018 -1.254
0.690999 28.998 -1.253
0.781999 28.966 -1.251
0.871999 28.949 -1.251
0.961999 28.919 -1.249
1.052 28.888 -1.248
1.142 28.872 -1.247
1.232 28.838 -1.246
1.277 28.83 -1.245
1.366 28.79 -1.244
1.455 28.762 -1.242
1.544 28.739 -1.242
1.633 28.702 -1.24
1.721 28.667 -1.238
1.811 28.658 -1.238
1.854 28.617 -1.236
1.943 28.599 -1.236
2.026 28.491 -1.231
2.118 28.523 -1.233
2.204 28.468 -1.23
2.295 28.483 -1.231
2.383 28.461 -1.231
2.427 28.444 -1.23
2.511 28.382 -1.227
2.597 28.338 -1.225
2.685 28.32 -1.225
2.774 28.306 -1.225
2.859 28.263 -1.223
2.901 28.231 -1.221
2.986 28.184 -1.22
3.071 28.144 -1.218
3.156 28.105 -1.217
3.24 28.061 -1.215
3.326 28.029 -1.214
3.412 27.998 -1.213
3.449 27.944 -1.21
3.534 27.909 -1.209
3.617 27.856 -1.207
3.701 27.819 -1.206
20.977 33.551 -0.625
21.012 33.373 -0.622
21.041 33.187 -0.619
21.077 33.015 -0.616
21.117 32.849 -0.614
21.155 32.682 -0.611
21.128 32.53 -0.608
21.159 32.355 -0.606
21.193 32.185 -0.603
21.226 32.016 -0.6
21.261 31.851 -0.598
21.297 31.69 -0.596
21.326 31.518 -0.593
21.31 31.389 -0.59
21.346 31.23 -0.588
21.371 31.057 -0.585
21.407 30.901 -0.583
21.44 30.742 -0.581
21.471 30.581 -0.578
21.516 30.442 -0.577
21.485 30.297 -0.574
