-18.3485 1.57043 -0.0733827 0.00141905
-7.69 11.876 -1.61
-7.666 11.922 -1.614
-7.643 11.968 -1.617
-7.617 12.01 -1.62
-7.586 12.046 -1.621
-7.589 12.093 -1.627
-7.541 12.1 -1.624
-7.508 12.132 -1.625
-7.534 12.261 -1.641
-7.501 12.293 -1.642
-7.485 12.354 -1.648
-7.458 12.397 -1.651
-7.443 12.416 -1.652
-7.435 12.492 -1.66
-7.403 12.527 -1.662
-6.139 16.291 -1.51
-6.116 16.384 -1.518
-6.076 16.435 -1.521
-6.048 16.518 -1.528
-6.039 16.572 -1.532
-5.988 16.595 -1.533
-5.963 16.688 -1.54
-5.929 16.761 -1.546
-5.9 16.848 -1.553
-5.881 16.962 -1.563
-33.207 4.089 -2.1
-33.255 4.201 -2.104
-33.346 4.266 -2.111
-33.417 4.382 -2.117
-33.506 4.501 -2.124
-33.602 4.621 -2.132
-33.671 4.739 -2.137
-33.738 4.856 -2.143
-33.778 4.97 -2.147
-33.808 5.029 -2.15
-16.835 38.579 -1.669
-16.896 39.056 -1.689
-16.891 39.384 -1.702
-16.836 39.599 -1.71
-16.796 39.851 -1.72
-16.73 40.047 -1.727
-16.703 40.158 -1.731
-16.578 40.214 -1.731
-16.466 40.303 -1.733
-5.77 41.839 -0.68
-5.693 42.257 -0.689
-5.625 42.77 -0.699
-5.622 43.275 -0.71
-5.544 43.752 -0.72
-5.473 44.315 -0.731
