6.02381 -1.51203 0.0158274 -0.000232426
-7.66 11.912 -1.612
-7.653 11.942 -1.615
-7.636 12 -1.62
-7.605 12.034 -1.621
-7.584 12.085 -1.625
-7.549 12.114 -1.626
-7.509 12.134 -1.626
-7.523 12.242 -1.638
-7.523 12.286 -1.643
-7.497 12.33 -1.646
-7.475 12.382 -1.651
-7.44 12.412 -1.652
-7.429 12.482 -1.658
-7.41 12.539 -1.664
-33.17 4.032 -2.097
-33.224 4.144 -2.101
-33.278 4.257 -2.106
-33.362 4.375 -2.113
-33.469 4.442 -2.121
-33.532 4.558 -2.126
-33.609 4.676 -2.133
-33.697 4.796 -2.14
-33.739 4.91 -2.144
-33.772 5.024 -2.147
-38.72 35.36 -2.129
-38.949 35.793 -2.149
-38.707 35.684 -2.138
-38.677 35.881 -2.143
-38.712 36.141 -2.152
-38.752 36.407 -2.161
-38.942 36.817 -2.18
