-3.66986 0.282264 -0.0259867 0.000447984
-2.97 2.797 -1.602
-2.972 2.808 -1.606
-2.963 2.817 -1.606
-2.964 2.835 -1.612
-2.971 2.86 -1.621
-2.966 2.873 -1.623
-2.968 2.894 -1.63
-2.946 2.89 -1.623
-2.959 2.912 -1.633
-2.951 2.922 -1.633
-2.96 2.95 -1.644
-2.958 2.967 -1.649
-2.944 2.971 -1.646
-2.946 2.992 -1.653
-2.933 2.998 -1.651
-2.936 3.01 -1.655
-2.97 3.403 -1.596
-2.964 3.418 -1.599
-2.962 3.437 -1.604
-2.965 3.451 -1.609
-2.961 3.469 -1.613
-2.96 3.49 -1.619
-2.96 3.512 -1.625
-2.961 3.536 -1.632
-2.958 3.555 -1.637
-2.951 3.57 -1.64
-2.954 3.585 -1.645
-2.945 3.597 -1.647
-2.908 4.439 -1.521
-2.915 4.48 -1.533
-2.931 4.536 -1.55
-2.935 4.558 -1.557
-2.939 4.594 -1.567
-2.924 4.604 -1.567
-2.917 4.624 -1.571
-2.908 4.641 -1.574
-2.884 4.636 -1.568
-2.869 4.645 -1.568
-2.921 4.743 -1.603
-2.918 4.772 -1.61
-2.919 4.807 -1.619
-2.93 5.461 -1.561
-2.933 5.508 -1.573
-2.919 5.522 -1.574
-2.915 5.557 -1.582
-2.913 5.595 -1.591
-2.885 5.585 -1.585
-2.918 5.67 -1.61
-2.914 5.705 -1.618
-2.896 5.714 -1.618
-2.898 6.587 -1.544
-2.891 6.627 -1.552
-2.887 6.673 -1.561
-2.869 6.691 -1.563
-2.874 6.759 -1.578
-2.879 6.801 -1.588
-2.866 6.83 -1.593
-2.849 6.85 -1.595
-2.857 7.88 -1.498
-2.849 7.935 -1.508
-2.827 7.952 -1.509
-2.819 8.009 -1.519
-2.824 8.103 -1.537
-2.82 8.174 -1.55
-2.823 8.223 -1.559
-2.796 8.23 -1.558
-2.771 9.754 -1.485
-2.76 9.833 -1.496
-2.752 9.923 -1.51
-2.74 10.002 -1.522
-2.725 10.072 -1.532
-2.708 10.132 -1.54
-2.679 10.154 -1.542
-11.344 14.601 -1.616
-11.311 14.654 -1.618
-11.267 14.691 -1.618
-11.235 14.745 -1.621
-11.209 14.807 -1.624
-11.192 14.882 -1.629
-11.154 14.929 -1.63
-11.154 14.978 -1.634
-11.117 15.026 -1.636
-11.087 15.085 -1.639
-11.047 15.129 -1.64
-11.052 15.236 -1.649
-11.014 15.285 -1.65
-10.989 15.352 -1.654
-10.987 15.4 -1.658
-10.948 15.447 -1.66
-10.91 15.496 -1.661
-10.891 15.573 -1.666
-10.852 15.622 -1.668
-7.165 18.738 -1.277
-7.131 18.825 -1.282
-7.101 18.926 -1.288
-7.066 19.014 -1.293
-7.029 19.097 -1.298
-7.024 19.176 -1.303
-6.98 19.243 -1.307
-6.939 19.319 -1.311
-6.901 19.405 -1.316
-6.859 19.479 -1.32
-6.822 19.572 -1.326
-6.782 19.655 -1.331
-30.09 40.093 -2.026
-30.588 41.025 -2.072
-30.547 41.24 -2.079
-30.53 41.489 -2.087
-30.417 41.609 -2.089
-30.239 41.639 -2.085
-30.223 41.755 -2.089
-29.98 41.694 -2.08
-29.997 41.996 -2.092
-29.875 42.103 -2.093
-29.582 41.969 -2.08
-29.683 42.395 -2.098
-29.615 42.583 -2.103
-29.315 42.293 -2.085
-29.238 42.465 -2.089
-29.208 42.708 -2.098
-29.185 42.964 -2.106
-29.049 43.054 -2.106
-28.959 43.213 -2.11
