2.51472 -0.163776 0.016088 -0.000408157
2.045 3.875 -1.73
2.035 3.843 -1.716
2.041 3.825 -1.71
2.042 3.797 -1.7
2.048 3.781 -1.696
2.047 3.751 -1.684
2.047 3.723 -1.674
2 4.422 -1.724
2.01 4.407 -1.721
2.009 4.37 -1.708
2.014 4.345 -1.7
2.024 4.33 -1.696
2.026 4.299 -1.686
2.032 4.277 -1.679
2.024 4.244 -1.667
1.999 5.064 -1.734
2.015 5.058 -1.734
2.018 5.018 -1.721
2.023 4.987 -1.712
2.025 4.946 -1.7
2.025 4.925 -1.693
2.028 4.889 -1.682
2.026 4.842 -1.667
1.987 5.646 -1.731
1.998 5.65 -1.733
2.01 5.627 -1.728
2.017 5.59 -1.718
2.015 5.528 -1.7
2.016 5.479 -1.685
2.018 5.429 -1.671
1.973 6.552 -1.736
1.99 6.534 -1.733
2.002 6.537 -1.734
2.006 6.475 -1.719
2.002 6.391 -1.697
2.022 6.385 -1.697
2.027 6.329 -1.683
2.028 6.265 -1.666
2.034 6.215 -1.654
2.011 7.789 -1.74
2.024 7.737 -1.729
2.028 7.653 -1.711
2.033 7.575 -1.694
2.037 7.494 -1.676
1.954 9.491 -1.752
1.977 9.452 -1.745
2.003 9.426 -1.741
2.027 9.395 -1.736
2.041 9.316 -1.722
2.051 9.221 -1.704
2.061 9.128 -1.687
2.045 11.34 -1.705
2.051 11.168 -1.678
2.06 11.02 -1.655
2.083 10.949 -1.645
2.187 15.148 -1.758
2.191 14.847 -1.72
2.191 14.536 -1.681
2.25 14.615 -1.692
2.282 14.52 -1.681
2.291 14.285 -1.651
11.27 18.498 -1.927
11.314 18.438 -1.925
11.326 18.393 -1.922
11.355 18.31 -1.916
11.389 18.237 -1.912
11.429 18.175 -1.909
11.464 18.103 -1.905
11.483 18.008 -1.898
11.493 17.898 -1.889
11.517 17.874 -1.888
11.578 17.846 -1.889
11.6 17.758 -1.883
11.646 17.706 -1.881
11.658 17.603 -1.874
3.062 28.455 -1.908
3.146 28.398 -1.904
3.195 28.027 -1.877
3.269 27.898 -1.869
3.292 27.349 -1.829
23.34 28.942 -1.663
23.34 28.849 -1.66
23.364 28.693 -1.654
23.405 28.56 -1.65
23.417 28.392 -1.644
23.454 28.255 -1.64
23.514 28.148 -1.638
23.591 28.06 -1.637
23.533 27.902 -1.629
23.679 27.896 -1.634
23.742 27.793 -1.632
23.777 27.658 -1.628
23.851 27.568 -1.627
24.014 27.582 -1.633
24.048 27.446 -1.629
24.049 27.36 -1.625
24.013 27.147 -1.616
24.027 26.99 -1.611
