8.30719 -0.194142 -0.00165884 4.50551e-05
6.584 7.027 -1.74
6.61 7.01 -1.741
6.63 6.988 -1.741
6.62 6.955 -1.734
6.62 6.911 -1.728
6.635 6.883 -1.726
6.654 6.859 -1.726
6.656 6.819 -1.72
6.667 6.787 -1.717
6.688 6.766 -1.717
6.689 6.745 -1.715
6.698 6.712 -1.711
6.709 6.681 -1.709
6.717 6.647 -1.705
6.721 6.61 -1.701
6.731 6.578 -1.698
6.726 6.532 -1.691
6.732 6.517 -1.69
6.756 6.499 -1.69
6.758 6.46 -1.685
5.993 9.723 -1.689
6.01 9.683 -1.684
6.036 9.657 -1.683
6.05 9.611 -1.678
6.066 9.57 -1.674
6.074 9.516 -1.667
6.074 9.483 -1.663
6.097 9.454 -1.661
6.108 9.405 -1.656
6.124 9.366 -1.652
6.134 9.317 -1.646
6.147 9.273 -1.641
6.159 9.227 -1.636
5.313 13.164 -1.616
5.308 13.036 -1.601
5.302 12.963 -1.592
5.34 12.939 -1.591
5.358 12.869 -1.584
5.377 12.799 -1.576
5.379 12.695 -1.564
4.331 17.492 -1.57
4.329 17.363 -1.557
4.342 17.186 -1.541
4.379 17.106 -1.534
4.401 16.969 -1.522
4.43 16.863 -1.512
3.059 23.225 -1.525
3.1 22.978 -1.507
3.163 22.895 -1.502
3.207 22.685 -1.487
3.256 22.525 -1.476
3.311 22.402 -1.467
2.759 30.654 -1.342
2.851 30.6 -1.34
2.943 30.545 -1.337
3.032 30.47 -1.334
3.123 30.409 -1.331
3.216 30.377 -1.33
3.305 30.311 -1.327
3.345 30.232 -1.324
3.433 30.16 -1.321
3.527 30.141 -1.32
3.629 30.197 -1.324
3.707 30.049 -1.317
3.756 29.671 -1.298
3.796 29.617 -1.296
3.854 29.336 -1.282
27.345 34.601 -0.72
27.334 34.365 -0.716
27.308 34.112 -0.711
27.282 33.861 -0.707
27.231 33.581 -0.701
27.202 33.332 -0.697
27.173 33.084 -0.693
27.103 32.893 -0.689
27.08 32.655 -0.684
27.058 32.421 -0.68
27.033 32.186 -0.676
27.011 31.956 -0.672
26.987 31.725 -0.668
