1.17099 0.184032 -0.0165115 0.000767541
1.809 3.891 -1.692
1.813 3.869 -1.684
1.81 3.83 -1.668
1.815 3.811 -1.662
1.823 3.797 -1.658
1.813 3.761 -1.643
1.815 3.735 -1.633
1.808 4.399 -1.687
1.812 4.369 -1.677
1.818 4.344 -1.669
1.817 4.306 -1.656
1.815 4.264 -1.641
1.821 4.241 -1.634
1.883 6.323 -1.669
1.896 6.291 -1.662
1.906 6.255 -1.654
1.919 6.225 -1.647
1.911 6.165 -1.631
1.912 6.098 -1.613
1.971 7.435 -1.659
1.986 7.398 -1.651
1.987 7.309 -1.632
1.991 7.233 -1.615
1.988 7.133 -1.592
1.986 7.039 -1.571
2.088 8.921 -1.649
2.112 8.895 -1.646
2.128 8.84 -1.636
2.122 8.694 -1.608
2.113 8.539 -1.579
2.283 10.796 -1.627
2.313 10.767 -1.624
2.296 10.525 -1.585
2.277 10.282 -1.547
2.265 10.151 -1.526
7.776 7.405 -1.249
7.757 7.364 -1.243
7.733 7.295 -1.235
7.77 7.284 -1.237
7.781 7.249 -1.235
7.845 7.262 -1.243
7.833 7.205 -1.236
7.814 7.143 -1.229
7.786 7.095 -1.222
7.861 7.118 -1.231
7.87 7.081 -1.229
7.901 7.065 -1.23
7.897 7.016 -1.226
7.904 6.978 -1.223
7.911 6.94 -1.22
7.862 6.875 -1.21
7.914 6.877 -1.215
7.946 6.861 -1.217
7.996 6.86 -1.222
7.995 6.816 -1.218
8.025 6.798 -1.219
8.019 6.772 -1.216
7.997 6.709 -1.209
7.995 6.665 -1.205
7.988 6.617 -1.2
8.008 6.591 -1.2
8.013 6.553 -1.197
9.693 8.014 -1.112
9.575 7.866 -1.093
9.566 7.808 -1.089
9.451 7.666 -1.07
9.427 7.622 -1.065
9.374 7.53 -1.055
5.814 23.351 -1.572
5.882 23.311 -1.57
5.948 23.262 -1.568
6.01 23.2 -1.565
6.079 23.166 -1.563
6.138 23.095 -1.56
6.203 23.048 -1.557
6.23 23.006 -1.555
6.296 22.961 -1.553
6.356 22.899 -1.55
6.425 22.867 -1.549
6.483 22.799 -1.545
6.552 22.769 -1.545
6.605 22.687 -1.54
6.63 22.64 -1.537
6.695 22.596 -1.535
6.748 22.516 -1.531
6.808 22.458 -1.528
6.874 22.423 -1.527
6.926 22.341 -1.522
9.958 30.628 -1.414
9.967 30.331 -1.4
10.022 30.178 -1.393
10.018 29.851 -1.377
9.968 29.548 -1.362
