-1.86821 -0.729377 0.162459 -0.0113251
-2.925 2.78 -1.584
-2.929 2.802 -1.591
-2.934 2.824 -1.599
-2.93 2.838 -1.602
-2.923 2.84 -1.601
-2.927 2.862 -1.609
-2.925 2.878 -1.612
-2.913 2.885 -1.611
-2.919 2.909 -1.62
-2.91 2.919 -1.62
-2.918 2.945 -1.63
-2.926 2.963 -1.638
-2.921 2.976 -1.64
-2.906 3.504 -1.61
-2.906 3.526 -1.616
-2.903 3.545 -1.621
-2.901 3.566 -1.627
-2.9 3.588 -1.633
-2.893 3.602 -1.635
-2.901 3.624 -1.644
-2.892 3.636 -1.645
-2.892 3.66 -1.652
-2.891 3.682 -1.659
-2.888 3.703 -1.664
-2.865 4.753 -1.596
-2.868 4.791 -1.607
-2.869 4.81 -1.612
-2.861 4.831 -1.616
-2.863 4.869 -1.627
-2.843 4.87 -1.624
-2.839 4.899 -1.631
-2.849 4.951 -1.646
-2.906 5.561 -1.582
-2.94 5.668 -1.612
-2.967 5.764 -1.639
-2.955 5.786 -1.642
-2.943 5.807 -1.646
-2.927 5.82 -1.647
-10.407 11.842 -1.736
-10.384 11.891 -1.739
-10.387 11.931 -1.743
-10.358 11.974 -1.744
-10.319 12.005 -1.744
-10.289 12.046 -1.746
-10.256 12.085 -1.747
-10.252 12.156 -1.753
-10.258 12.242 -1.762
-10.229 12.246 -1.76
-10.202 12.291 -1.762
-10.198 12.366 -1.769
-10.181 12.424 -1.773
-10.166 12.485 -1.777
-10.11 12.497 -1.774
-10.073 12.532 -1.775
-10.08 12.58 -1.78
-10.064 12.641 -1.784
-10.044 12.698 -1.788
-8.595 16.514 -1.628
-8.567 16.587 -1.634
-8.525 16.634 -1.636
-8.486 16.687 -1.639
-8.437 16.721 -1.639
-8.439 16.789 -1.645
-8.419 16.881 -1.653
-8.407 16.99 -1.662
-8.373 17.057 -1.666
-8.333 17.11 -1.669
-8.308 17.195 -1.676
-8.262 17.239 -1.678
-8.25 17.283 -1.681
-3.82 29.914 -1.311
-3.749 30.116 -1.32
-3.668 30.237 -1.326
-3.573 30.248 -1.326
-3.489 30.355 -1.331
-3.461 30.529 -1.339
-3.385 30.726 -1.349
-3.304 30.878 -1.356
-3.227 31.077 -1.365
