1.35357 0.288712 -0.0184109 0.000329201
2.359 5.168 -1.637
2.371 5.15 -1.633
2.372 5.112 -1.623
2.368 5.061 -1.608
2.377 5.038 -1.603
2.396 5.037 -1.605
2.394 5.013 -1.598
2.393 4.969 -1.585
2.472 5.985 -1.636
2.492 5.981 -1.638
2.497 5.939 -1.628
2.488 5.891 -1.614
2.488 5.84 -1.602
2.494 5.802 -1.593
2.489 5.741 -1.577
2.49 5.694 -1.566
2.568 6.892 -1.581
2.546 6.798 -1.558
2.569 6.796 -1.56
2.576 6.749 -1.55
2.571 6.672 -1.533
2.57 6.607 -1.519
2.6 8.479 -1.593
2.615 8.432 -1.585
2.612 8.328 -1.565
2.618 8.301 -1.561
2.627 8.241 -1.55
2.643 8.2 -1.544
2.667 8.186 -1.543
2.797 9.991 -1.522
2.807 9.906 -1.51
2.834 9.882 -1.507
2.83 9.751 -1.487
2.824 9.673 -1.475
2.819 9.543 -1.455
3.182 12.074 -1.398
3.218 12.056 -1.397
3.255 12.042 -1.396
3.269 12.02 -1.394
3.309 12.017 -1.395
3.337 11.972 -1.39
3.36 11.912 -1.384
3.372 11.814 -1.372
3.407 11.795 -1.371
3.424 11.784 -1.37
3.481 11.84 -1.379
3.52 11.837 -1.38
3.529 11.731 -1.367
3.539 11.632 -1.356
3.541 11.509 -1.341
8.133 10.014 -1.146
8.171 9.997 -1.147
8.162 9.922 -1.141
8.172 9.872 -1.137
8.168 9.834 -1.134
8.211 9.824 -1.136
8.192 9.739 -1.128
8.185 9.669 -1.122
8.177 9.598 -1.116
8.225 9.593 -1.119
8.263 9.576 -1.12
8.248 9.529 -1.115
8.211 9.427 -1.105
8.167 9.317 -1.093
0.461999 21.923 -1.414
0.530999 21.899 -1.413
0.598999 21.875 -1.411
0.632999 21.855 -1.41
0.700999 21.846 -1.409
0.768999 21.82 -1.408
0.836999 21.798 -1.406
0.904999 21.777 -1.405
0.972999 21.762 -1.404
1.04 21.743 -1.403
1.075 21.761 -1.404
1.143 21.742 -1.403
1.21 21.724 -1.402
1.278 21.702 -1.401
1.345 21.69 -1.4
1.412 21.658 -1.398
1.478 21.626 -1.396
1.512 21.629 -1.396
1.578 21.601 -1.395
1.645 21.586 -1.394
1.712 21.57 -1.393
1.779 21.553 -1.392
1.843 21.496 -1.388
1.909 21.48 -1.388
1.942 21.471 -1.387
2.008 21.445 -1.386
2.073 21.417 -1.384
2.141 21.41 -1.384
2.206 21.387 -1.383
2.272 21.37 -1.382
2.338 21.345 -1.381
2.369 21.326 -1.38
2.434 21.296 -1.378
2.495 21.243 -1.375
2.565 21.259 -1.376
2.626 21.207 -1.373
2.69 21.173 -1.371
2.754 21.147 -1.37
2.787 21.14 -1.37
2.85 21.106 -1.368
2.914 21.079 -1.367
2.978 21.058 -1.366
3.041 21.027 -1.364
0.622999 30.157 -1.311
0.716999 30.117 -1.309
0.810999 30.08 -1.307
0.903999 30.02 -1.304
0.948999 29.978 -1.302
1.042 29.929 -1.3
1.134 29.872 -1.297
1.226 29.812 -1.295
1.317 29.76 -1.292
1.409 29.718 -1.29
1.5 29.672 -1.288
1.544 29.623 -1.286
1.635 29.565 -1.283
1.725 29.511 -1.281
1.815 29.468 -1.279
1.908 29.47 -1.279
1.996 29.39 -1.276
2.087 29.372 -1.275
2.137 29.418 -1.277
2.226 29.364 -1.275
2.316 29.327 -1.274
2.405 29.285 -1.272
2.497 29.276 -1.272
2.587 29.25 -1.271
2.632 29.234 -1.27
2.721 29.192 -1.269
2.808 29.137 -1.266
2.894 29.069 -1.263
2.981 29.018 -1.261
3.067 28.962 -1.259
