527.239 -376.673 89.7032 -7.06458
4.712 4.828 -1.71
4.709 4.795 -1.703
4.718 4.773 -1.7
4.709 4.735 -1.692
4.705 4.701 -1.684
4.721 4.688 -1.685
4.722 4.673 -1.682
4.739 4.661 -1.683
4.743 4.635 -1.679
4.76 4.623 -1.68
4.771 4.604 -1.678
4.782 4.586 -1.677
4.778 4.568 -1.673
4.793 4.553 -1.673
4.803 4.534 -1.672
4.8 4.503 -1.665
4.804 4.479 -1.662
4.821 4.466 -1.663
4.808 4.426 -1.653
6.098 4.357 -1.613
6.021 4.273 -1.587
6.027 4.249 -1.585
6.032 4.224 -1.583
6.004 4.176 -1.571
6.041 4.188 -1.58
6.067 4.178 -1.583
6.062 4.147 -1.578
6.048 4.109 -1.571
6.08 4.103 -1.576
6.066 4.065 -1.568
6.064 4.037 -1.564
6.054 4.016 -1.56
6.053 3.989 -1.556
18.2 14.516 -1.514
18.058 14.31 -1.496
17.999 14.172 -1.487
18.009 14.088 -1.484
18.028 14.012 -1.481
17.962 13.87 -1.471
17.939 13.807 -1.467
17.946 13.723 -1.463
11.383 33.235 -1.56
11.428 33.028 -1.551
11.521 32.96 -1.55
11.585 32.812 -1.544
11.612 32.724 -1.54
11.684 32.601 -1.535
11.719 32.378 -1.525
11.811 32.313 -1.524
11.871 32.163 -1.518
11.938 32.036 -1.513
12.005 31.908 -1.508
