-7.07147 0.149346 -0.00461976 0.000196114
-6.289 6.278 -1.596
-6.295 6.304 -1.6
-6.283 6.332 -1.603
-6.266 6.354 -1.603
-6.27 6.398 -1.61
-6.258 6.426 -1.612
-6.268 6.476 -1.62
-6.256 6.504 -1.623
-6.262 6.531 -1.627
-6.255 6.565 -1.631
-6.241 6.592 -1.633
-6.244 6.637 -1.64
-6.232 6.665 -1.642
-6.223 6.698 -1.646
-6.218 6.734 -1.65
-6.01 8.631 -1.545
-6.004 8.68 -1.551
-5.989 8.717 -1.554
-5.982 8.765 -1.56
-5.976 8.815 -1.566
-5.964 8.857 -1.57
-5.967 8.892 -1.575
-5.96 8.942 -1.581
-5.946 8.982 -1.585
-5.942 9.037 -1.592
-5.926 9.074 -1.596
-5.911 9.114 -1.6
-5.227 15.799 -1.434
-5.206 15.902 -1.443
-5.162 15.937 -1.445
-5.097 15.908 -1.441
-5.065 15.979 -1.446
-5 15.949 -1.442
-5.064 16.33 -1.479
-5.086 16.493 -1.495
-5.057 16.582 -1.503
-5.007 16.605 -1.503
-4.972 16.678 -1.509
-4.919 16.691 -1.509
-4.895 16.804 -1.519
-4.84 16.812 -1.518
-4.839 16.907 -1.527
-4.805 16.99 -1.534
-6.703 39.903 -1.596
-6.643 40.318 -1.614
-6.552 40.562 -1.624
-6.498 41.05 -1.645
-6.416 41.376 -1.659
-6.329 41.677 -1.671
-6.158 41.429 -1.659
-6.104 41.516 -1.663
