-8.0025 0.645872 -0.088596 0.00469439
-6.548 3.9 -1.642
-6.546 3.927 -1.645
-6.543 3.953 -1.648
-6.549 3.985 -1.653
-6.543 3.995 -1.653
-6.534 4.018 -1.654
-6.533 4.045 -1.657
-6.535 4.075 -1.661
-6.525 4.098 -1.662
-6.526 4.126 -1.665
-6.521 4.152 -1.668
-6.526 4.17 -1.671
-6.523 4.196 -1.674
-6.513 4.219 -1.674
-6.512 4.248 -1.678
-6.502 4.271 -1.679
-6.505 4.302 -1.683
-6.498 4.326 -1.685
-6.483 4.331 -1.683
-6.458 4.344 -1.68
-6.469 4.381 -1.687
-6.473 4.413 -1.692
-6.464 4.436 -1.693
-6.451 4.458 -1.693
-6.283 6.351 -1.605
-6.273 6.381 -1.608
-6.271 6.419 -1.613
-6.272 6.44 -1.616
-6.272 6.48 -1.622
-6.251 6.5 -1.622
-6.257 6.547 -1.629
-6.246 6.576 -1.631
-6.241 6.613 -1.636
-6.229 6.641 -1.638
-6.236 6.669 -1.643
-6.232 6.708 -1.648
-6.215 6.731 -1.649
-6.208 6.767 -1.654
-6.199 6.799 -1.657
-6.007 8.655 -1.548
-5.996 8.698 -1.552
-5.991 8.749 -1.559
-5.988 8.773 -1.561
-5.978 8.818 -1.566
-5.967 8.861 -1.571
-5.967 8.921 -1.579
-5.953 8.961 -1.583
-5.941 9.005 -1.588
-5.933 9.054 -1.594
-5.934 9.087 -1.598
-5.911 9.114 -1.6
-6.588 40.384 -1.616
-6.499 40.643 -1.627
-6.428 41.023 -1.643
-6.428 41.455 -1.662
-6.327 41.669 -1.671
