-7.07565 0.151622 -0.00505222 0.000216508
-6.279 6.347 -1.604
-6.278 6.386 -1.609
-6.261 6.409 -1.61
-6.27 6.438 -1.615
-6.258 6.466 -1.618
-6.256 6.504 -1.623
-6.246 6.535 -1.626
-6.243 6.573 -1.631
-6.23 6.601 -1.633
-6.242 6.634 -1.639
-6.233 6.666 -1.642
-6.221 6.696 -1.645
-6.226 6.743 -1.652
-6.214 6.773 -1.655
-6.015 8.608 -1.542
-6 8.645 -1.546
-5.986 8.683 -1.55
-5.996 8.727 -1.556
-5.991 8.778 -1.562
-5.978 8.818 -1.566
-5.968 8.863 -1.571
-5.96 8.911 -1.577
-5.954 8.963 -1.583
-5.939 9.001 -1.587
-5.943 9.039 -1.593
-5.928 9.077 -1.596
-6.643 39.929 -1.597
-6.587 40.374 -1.616
-6.496 40.623 -1.626
-6.497 41.046 -1.645
-6.424 41.426 -1.661
