-8.29483 0.782989 -0.108527 0.00561757
-6.548 3.873 -1.639
-6.551 3.888 -1.641
-6.548 3.914 -1.644
-6.55 3.943 -1.648
-6.549 3.971 -1.651
-6.541 3.994 -1.652
-6.529 4.015 -1.652
-6.529 4.043 -1.656
-6.538 4.063 -1.66
-6.535 4.09 -1.663
-6.525 4.112 -1.664
-6.513 4.133 -1.664
-6.514 4.162 -1.668
-6.508 4.187 -1.669
-6.509 4.217 -1.674
-6.516 4.236 -1.677
-6.511 4.261 -1.679
-6.497 4.282 -1.679
-6.5 4.313 -1.684
-6.482 4.33 -1.683
-6.457 4.343 -1.679
-6.461 4.375 -1.684
-6.473 4.398 -1.69
-6.459 4.419 -1.69
-6.449 4.441 -1.691
-6.441 4.466 -1.692
-6.416 4.478 -1.689
-6.403 4.499 -1.69
-6.394 4.523 -1.691
-6.294 6.283 -1.597
-6.278 6.306 -1.598
-6.285 6.333 -1.603
-6.266 6.354 -1.603
-6.27 6.398 -1.61
-6.256 6.424 -1.612
-6.265 6.473 -1.62
-6.254 6.503 -1.622
-6.247 6.537 -1.626
-6.256 6.566 -1.631
-6.246 6.597 -1.635
-6.24 6.633 -1.639
-6.237 6.671 -1.644
-6.231 6.706 -1.648
-6.001 8.675 -1.55
-6 8.732 -1.557
-5.983 8.767 -1.56
-5.974 8.812 -1.565
-5.96 8.852 -1.569
-5.968 8.894 -1.576
-5.966 8.95 -1.583
-5.957 8.998 -1.588
-5.941 9.035 -1.592
-5.928 9.077 -1.596
-5.912 9.115 -1.6
-5.001 15.953 -1.442
-5.065 16.335 -1.48
-5.087 16.495 -1.495
-5.061 16.595 -1.504
-5.009 16.611 -1.504
-4.972 16.678 -1.509
-4.92 16.695 -1.509
-4.894 16.8 -1.519
-4.847 16.837 -1.521
