8.48717 -5.95004 0.784418 -0.0335182
-6.552 3.889 -1.642
-6.56 3.907 -1.646
-6.546 3.927 -1.645
-6.543 3.953 -1.648
-6.548 3.984 -1.652
-6.532 4.002 -1.651
-6.534 4.032 -1.655
-6.528 4.057 -1.657
-6.535 4.075 -1.661
-6.52 4.095 -1.66
-6.522 4.124 -1.664
-6.519 4.151 -1.667
-6.511 4.175 -1.669
-6.509 4.203 -1.672
-6.506 4.229 -1.674
-6.509 4.246 -1.677
-6.506 4.273 -1.68
-6.5 4.298 -1.682
-6.483 4.317 -1.681
-6.465 4.334 -1.68
-6.445 4.35 -1.678
-6.46 4.39 -1.686
-6.461 4.405 -1.688
-6.465 4.438 -1.693
-6.286 6.315 -1.601
-6.283 6.351 -1.605
-6.265 6.372 -1.606
-6.266 6.414 -1.612
-6.263 6.451 -1.616
-6.258 6.486 -1.62
-6.248 6.517 -1.623
-6.251 6.541 -1.627
-6.243 6.573 -1.631
-6.24 6.611 -1.636
-6.235 6.648 -1.64
-6.224 6.678 -1.643
-6.219 6.714 -1.647
-6.22 6.737 -1.651
-6.001 8.647 -1.546
-5.996 8.698 -1.552
-5.983 8.736 -1.556
-5.977 8.788 -1.562
-5.966 8.831 -1.567
-5.972 8.87 -1.573
-5.968 8.923 -1.579
-5.952 8.96 -1.583
-5.946 9.013 -1.589
-5.934 9.056 -1.594
-5.92 9.096 -1.598
-6.643 39.929 -1.597
-6.588 40.386 -1.616
-6.52 40.771 -1.633
-6.431 41.046 -1.644
-6.367 41.491 -1.663
