-7.82052 0.540256 -0.0686214 0.00353
-6.289 6.298 -1.599
-6.289 6.337 -1.604
-6.277 6.365 -1.606
-6.276 6.383 -1.609
-6.271 6.419 -1.613
-6.267 6.455 -1.617
-6.253 6.482 -1.619
-6.252 6.521 -1.625
-6.24 6.549 -1.627
-6.246 6.576 -1.631
-6.236 6.607 -1.635
-6.242 6.655 -1.642
-6.225 6.679 -1.643
-6.227 6.723 -1.65
-6.212 6.75 -1.652
-6.012 8.663 -1.549
-5.999 8.701 -1.553
-5.988 8.744 -1.558
-5.983 8.796 -1.564
-5.972 8.839 -1.569
-5.966 8.89 -1.575
-5.95 8.927 -1.578
-5.962 8.974 -1.586
-5.947 9.014 -1.59
-5.94 9.064 -1.596
-5.923 9.101 -1.599
-5.903 9.133 -1.602
-6.65 39.971 -1.599
-6.584 40.358 -1.615
-6.535 40.868 -1.637
-6.428 41.023 -1.643
-6.373 41.53 -1.665
