4.7508 -0.103845 0.0244709 -0.000461098
4.626 2.831 -1.727
4.625 2.811 -1.723
4.624 2.79 -1.719
4.62 2.768 -1.714
4.629 2.764 -1.716
4.622 2.739 -1.709
4.625 2.722 -1.707
4.626 2.703 -1.704
4.631 2.686 -1.703
4.626 2.664 -1.698
4.617 2.649 -1.692
4.61 2.627 -1.687
4.63 2.619 -1.691
4.629 2.598 -1.687
4.618 2.574 -1.68
4.621 2.557 -1.678
4.643 2.549 -1.683
4.612 2.523 -1.67
4.659 3.668 -1.714
4.654 3.64 -1.707
4.663 3.623 -1.706
4.667 3.602 -1.703
4.658 3.572 -1.695
4.66 3.551 -1.692
4.67 3.547 -1.694
4.653 3.51 -1.682
4.668 3.499 -1.684
4.673 3.48 -1.682
4.658 3.446 -1.672
4.663 3.426 -1.669
4.675 3.413 -1.67
4.665 3.394 -1.664
4.657 3.366 -1.657
4.707 4.838 -1.711
4.708 4.809 -1.706
4.715 4.786 -1.703
4.711 4.752 -1.695
4.708 4.734 -1.691
4.708 4.704 -1.685
4.71 4.677 -1.68
4.731 4.667 -1.683
4.742 4.65 -1.682
4.747 4.625 -1.678
4.757 4.62 -1.679
4.769 4.603 -1.678
4.784 4.588 -1.678
4.783 4.558 -1.672
4.797 4.543 -1.672
4.807 4.524 -1.671
4.81 4.498 -1.666
4.816 4.489 -1.666
4.816 4.461 -1.661
4.804 4.422 -1.651
4.808 4.398 -1.647
5.812 5.109 -1.669
5.812 5.076 -1.664
5.789 5.023 -1.652
5.804 5.021 -1.655
5.722 4.918 -1.625
5.73 4.894 -1.623
5.744 4.875 -1.622
5.742 4.841 -1.617
8.31 3.329 -1.609
8.333 3.308 -1.611
8.248 3.244 -1.592
8.2 3.195 -1.579
8.212 3.185 -1.581
8.18 3.143 -1.572
8.162 3.107 -1.566
8.168 3.08 -1.566
8.151 3.044 -1.56
8.21 3.037 -1.57
8.21 3.007 -1.568
8.198 2.988 -1.565
8.198 2.959 -1.563
8.23 2.941 -1.568
8.193 2.899 -1.558
8.161 2.859 -1.55
18.196 14.466 -1.512
18.124 14.316 -1.501
18.009 14.133 -1.486
18.006 14.085 -1.483
18 13.99 -1.479
17.959 13.867 -1.471
17.95 13.77 -1.466
17.963 13.691 -1.463
17.96 13.6 -1.459
11.43 33.202 -1.56
11.418 32.997 -1.55
11.514 32.941 -1.549
11.573 32.776 -1.542
11.662 32.7 -1.54
11.722 32.545 -1.533
11.758 32.326 -1.524
11.856 32.281 -1.523
11.863 32.143 -1.517
11.927 32.006 -1.511
12.004 31.905 -1.508
