-8.33002 0.803516 -0.112636 0.00586891
-6.284 6.253 -1.592
-6.288 6.297 -1.598
-6.276 6.325 -1.601
-6.27 6.358 -1.604
-6.268 6.396 -1.609
-6.251 6.419 -1.61
-6.268 6.457 -1.618
-6.256 6.485 -1.62
-6.251 6.52 -1.624
-6.255 6.565 -1.631
-6.246 6.597 -1.635
-6.236 6.628 -1.638
-6.232 6.665 -1.642
-6.239 6.693 -1.647
-5.995 8.667 -1.548
-5.996 8.727 -1.556
-5.979 8.76 -1.559
-5.985 8.799 -1.565
-5.973 8.841 -1.569
-5.962 8.884 -1.574
-5.956 8.935 -1.58
-5.952 8.99 -1.587
-5.933 9.024 -1.59
-5.926 9.074 -1.596
-5.926 9.106 -1.6
-5.033 16.141 -1.46
-5.088 16.499 -1.496
-5.057 16.583 -1.503
-5.002 16.59 -1.502
-4.971 16.674 -1.509
-4.921 16.699 -1.51
-4.911 16.762 -1.515
-4.871 16.821 -1.52
-4.832 16.885 -1.525
-4.81 17.007 -1.536
-6.632 40.257 -1.611
-6.546 40.528 -1.622
-6.499 41.056 -1.645
-6.458 41.218 -1.652
-6.393 41.657 -1.671
