10.4771 -5.15753 1.46857 -0.134194
4.646 3.752 -1.727
4.653 3.734 -1.725
4.644 3.715 -1.719
4.657 3.701 -1.72
4.66 3.68 -1.716
4.664 3.659 -1.713
4.675 3.644 -1.713
4.655 3.605 -1.701
4.666 3.59 -1.701
4.664 3.577 -1.698
4.657 3.548 -1.691
4.655 3.523 -1.685
4.666 3.509 -1.685
4.663 3.484 -1.68
4.663 3.461 -1.676
4.692 4.838 -1.708
4.708 4.824 -1.708
4.708 4.794 -1.703
4.707 4.778 -1.699
4.707 4.748 -1.694
4.709 4.719 -1.688
4.714 4.695 -1.685
4.723 4.675 -1.683
4.738 4.66 -1.683
4.747 4.639 -1.68
4.75 4.628 -1.679
4.763 4.612 -1.678
4.783 4.602 -1.68
4.794 4.583 -1.679
4.794 4.555 -1.674
4.801 4.533 -1.671
4.806 4.523 -1.67
4.811 4.5 -1.667
4.817 4.476 -1.664
4.817 4.448 -1.658
4.81 4.413 -1.651
16.862 8.081 -1.636
16.855 8.045 -1.634
16.857 7.981 -1.632
16.871 7.923 -1.631
16.885 7.865 -1.629
16.849 7.783 -1.623
16.831 7.711 -1.618
16.843 7.653 -1.617
16.82 7.61 -1.613
16.806 7.54 -1.609
16.799 7.474 -1.606
16.782 7.403 -1.601
16.789 7.343 -1.6
16.805 7.287 -1.599
16.817 7.23 -1.598
16.793 7.188 -1.594
16.795 7.127 -1.592
16.82 7.075 -1.592
16.814 7.011 -1.589
16.838 6.958 -1.589
16.821 6.89 -1.585
18.177 14.404 -1.508
18.024 14.237 -1.491
17.984 14.114 -1.483
18.003 14.038 -1.481
17.978 13.927 -1.474
17.963 13.825 -1.469
17.953 13.728 -1.464
17.957 13.686 -1.462
17.954 13.595 -1.458
31.136 19.215 -1.424
31.144 19.085 -1.421
31.121 19.004 -1.418
31.131 18.876 -1.416
31.14 18.748 -1.413
31.166 18.631 -1.411
31.151 18.489 -1.408
30.986 18.26 -1.396
30.93 18.096 -1.39
30.975 18.058 -1.391
31.042 17.966 -1.392
31.054 17.843 -1.389
31.064 17.719 -1.387
31.08 17.599 -1.385
31.109 17.487 -1.384
31.132 17.371 -1.382
31.125 17.303 -1.38
31.135 17.181 -1.378
31.134 17.053 -1.375
31.142 16.931 -1.373
