-7.16097 0.190815 -0.00980127 0.000378773
-6.543 3.911 -1.643
-6.545 3.94 -1.646
-6.542 3.967 -1.649
-6.541 3.994 -1.652
-6.544 4.024 -1.656
-6.531 4.044 -1.656
-6.541 4.065 -1.661
-6.533 4.088 -1.662
-6.522 4.11 -1.663
-6.522 4.139 -1.666
-6.518 4.164 -1.669
-6.526 4.199 -1.674
-6.504 4.214 -1.672
-6.509 4.231 -1.675
-6.506 4.258 -1.678
-6.502 4.285 -1.681
-6.497 4.311 -1.683
-6.488 4.334 -1.684
-6.463 4.347 -1.681
-6.456 4.372 -1.683
-6.472 4.397 -1.689
-6.455 4.415 -1.688
-6.45 4.442 -1.691
-6.446 4.469 -1.694
-6.286 6.334 -1.603
-6.283 6.371 -1.608
-6.278 6.406 -1.612
-6.258 6.426 -1.612
-6.261 6.469 -1.619
-6.253 6.501 -1.622
-6.245 6.534 -1.625
-6.255 6.565 -1.631
-6.246 6.597 -1.635
-6.234 6.625 -1.637
-6.238 6.672 -1.644
-6.232 6.708 -1.648
-6.216 6.733 -1.65
-6.214 6.751 -1.652
-6.208 6.788 -1.657
-6.003 8.679 -1.55
-5.994 8.724 -1.555
-5.983 8.767 -1.56
-5.976 8.815 -1.566
-5.964 8.857 -1.57
-5.956 8.905 -1.576
-5.958 8.939 -1.581
-5.95 8.987 -1.586
-5.94 9.034 -1.592
-5.931 9.082 -1.597
-5.911 9.114 -1.6
-6.653 40.381 -1.617
-6.56 40.611 -1.626
-6.501 41.072 -1.646
-6.421 41.41 -1.66
-6.347 41.801 -1.677
