-7.78418 0.526032 -0.0680548 0.00359083
-6.553 3.876 -1.641
-6.553 3.903 -1.644
-6.557 3.919 -1.646
-6.55 3.943 -1.648
-6.547 3.97 -1.65
-6.543 3.995 -1.653
-6.534 4.018 -1.654
-6.533 4.045 -1.657
-6.528 4.071 -1.659
-6.53 4.086 -1.661
-6.519 4.108 -1.662
-6.521 4.138 -1.666
-6.519 4.166 -1.669
-6.521 4.195 -1.673
-6.509 4.217 -1.674
-6.508 4.245 -1.677
-6.514 4.263 -1.68
-6.509 4.289 -1.683
-6.494 4.309 -1.682
-6.483 4.331 -1.683
-6.46 4.345 -1.68
-6.454 4.371 -1.683
-6.468 4.41 -1.69
-6.459 4.419 -1.69
-6.457 4.447 -1.693
-6.288 6.336 -1.604
-6.28 6.368 -1.607
-6.272 6.4 -1.611
-6.265 6.433 -1.614
-6.264 6.472 -1.619
-6.241 6.489 -1.619
-6.258 6.527 -1.626
-6.248 6.558 -1.629
-6.241 6.592 -1.633
-6.235 6.627 -1.637
-6.229 6.662 -1.641
-6.223 6.698 -1.646
-6.218 6.734 -1.65
-6.223 6.761 -1.655
-6.011 8.632 -1.545
-6.003 8.679 -1.55
-5.993 8.722 -1.555
-5.979 8.76 -1.559
-5.97 8.807 -1.564
-5.959 8.85 -1.569
-5.972 8.899 -1.577
-5.964 8.947 -1.582
-5.953 8.992 -1.587
-5.94 9.034 -1.592
-5.932 9.084 -1.598
-5.91 9.112 -1.599
-5.067 16.249 -1.472
-5.087 16.497 -1.495
-5.057 16.582 -1.503
-5.009 16.613 -1.504
-4.972 16.678 -1.509
-4.921 16.699 -1.51
-4.891 16.793 -1.518
-4.87 16.816 -1.519
-4.835 16.894 -1.526
-4.808 17.003 -1.535
-6.642 40.312 -1.614
-6.552 40.564 -1.624
-6.5 41.062 -1.645
-6.412 41.347 -1.657
-6.329 41.679 -1.671
