-7.01003 0.125482 -0.00198803 0.000111098
-6.551 3.86 -1.638
-6.556 3.891 -1.643
-6.545 3.912 -1.643
-6.551 3.944 -1.648
-6.544 3.968 -1.65
-6.538 3.978 -1.65
-6.533 4.003 -1.652
-6.544 4.038 -1.658
-6.538 4.063 -1.66
-6.528 4.085 -1.661
-6.527 4.113 -1.664
-6.521 4.138 -1.666
-6.523 4.153 -1.668
-6.521 4.181 -1.671
-6.509 4.203 -1.672
-6.501 4.226 -1.673
-6.499 4.254 -1.676
-6.496 4.281 -1.679
-6.489 4.305 -1.681
-6.485 4.318 -1.682
-6.472 4.338 -1.682
-6.453 4.355 -1.68
-6.476 4.4 -1.691
-6.463 4.421 -1.691
-6.452 4.443 -1.692
-6.291 6.26 -1.594
-6.282 6.291 -1.597
-6.274 6.322 -1.6
-6.272 6.36 -1.605
-6.272 6.4 -1.611
-6.269 6.417 -1.612
-6.26 6.448 -1.615
-6.262 6.49 -1.622
-6.247 6.516 -1.623
-6.244 6.554 -1.628
-6.237 6.587 -1.632
-6.235 6.627 -1.637
-6.233 6.645 -1.639
-6.234 6.689 -1.646
-6.003 8.621 -1.543
-5.997 8.669 -1.549
-5.991 8.719 -1.555
-5.989 8.746 -1.558
-5.983 8.796 -1.564
-5.971 8.837 -1.568
-5.962 8.884 -1.574
-5.95 8.927 -1.578
-5.944 8.979 -1.585
-5.933 9.024 -1.59
-5.939 9.063 -1.595
-5.921 9.098 -1.598
-5.031 16.135 -1.46
-5.092 16.51 -1.497
-5.053 16.57 -1.501
-5.003 16.592 -1.502
-4.999 16.672 -1.509
-4.946 16.688 -1.509
-4.913 16.768 -1.516
-4.865 16.799 -1.518
-4.829 16.873 -1.524
-8.92 37.418 -1.507
-8.834 37.584 -1.514
-8.732 37.679 -1.517
-8.63 37.779 -1.52
-8.534 37.905 -1.524
-8.427 37.99 -1.527
-8.373 38.029 -1.528
-8.261 38.09 -1.53
-8.142 38.116 -1.53
-8.035 38.204 -1.533
-7.923 38.27 -1.535
-7.81 38.33 -1.536
-7.758 38.383 -1.538
-7.644 38.439 -1.54
-7.54 38.551 -1.544
-7.434 38.653 -1.547
-7.339 38.817 -1.553
-7.243 38.978 -1.56
