-7.92395 0.599487 -0.0801343 0.004218
-6.56 3.88 -1.642
-6.55 3.901 -1.643
-6.549 3.929 -1.646
-6.543 3.953 -1.648
-6.549 3.985 -1.653
-6.545 3.996 -1.653
-6.537 4.02 -1.655
-6.536 4.047 -1.658
-6.54 4.078 -1.662
-6.527 4.099 -1.662
-6.522 4.124 -1.664
-6.524 4.154 -1.669
-6.527 4.171 -1.671
-6.521 4.195 -1.673
-6.503 4.213 -1.672
-6.501 4.241 -1.675
-6.509 4.275 -1.681
-6.5 4.298 -1.682
-6.49 4.321 -1.683
-6.485 4.332 -1.683
-6.461 4.346 -1.681
-6.467 4.379 -1.686
-6.476 4.415 -1.692
-6.294 6.283 -1.597
-6.291 6.319 -1.602
-6.271 6.339 -1.602
-6.282 6.39 -1.611
-6.266 6.414 -1.612
-6.256 6.444 -1.614
-6.254 6.462 -1.617
-6.257 6.506 -1.623
-6.243 6.532 -1.625
-6.25 6.58 -1.633
-6.244 6.616 -1.637
-6.229 6.641 -1.638
-6.236 6.669 -1.643
-6.231 6.706 -1.648
-6.001 8.647 -1.546
-5.996 8.698 -1.552
-5.984 8.738 -1.556
-5.992 8.78 -1.563
-5.981 8.823 -1.567
-5.976 8.875 -1.574
-5.961 8.913 -1.577
-5.954 8.963 -1.583
-5.942 9.006 -1.588
-5.931 9.051 -1.593
-5.936 9.09 -1.599
-6.638 39.9 -1.595
-6.587 40.374 -1.616
-6.505 40.677 -1.629
-6.423 40.993 -1.642
-6.421 41.404 -1.66
