-9.0104 12.0473 -3.46958 0.326568
4.613 2.853 -1.727
4.617 2.835 -1.725
4.614 2.814 -1.72
4.617 2.795 -1.718
4.622 2.779 -1.716
4.623 2.76 -1.713
4.622 2.739 -1.709
4.618 2.727 -1.706
4.623 2.711 -1.705
4.623 2.692 -1.702
4.619 2.67 -1.696
4.629 2.656 -1.697
4.622 2.633 -1.691
4.627 2.617 -1.69
4.629 2.609 -1.689
4.623 2.586 -1.683
4.627 2.569 -1.682
4.652 2.564 -1.689
4.628 2.532 -1.676
4.668 3.675 -1.717
4.658 3.654 -1.711
4.653 3.627 -1.704
4.671 3.618 -1.707
4.66 3.586 -1.698
4.661 3.563 -1.694
4.667 3.545 -1.692
4.662 3.517 -1.686
4.655 3.501 -1.681
4.666 3.486 -1.681
4.656 3.455 -1.673
4.653 3.43 -1.668
4.662 3.415 -1.667
4.657 3.389 -1.661
4.708 4.824 -1.708
4.711 4.796 -1.704
4.712 4.768 -1.698
4.712 4.738 -1.693
4.713 4.709 -1.687
4.72 4.686 -1.684
4.725 4.676 -1.683
4.735 4.657 -1.682
4.743 4.635 -1.679
4.763 4.626 -1.681
4.772 4.606 -1.679
4.789 4.593 -1.68
4.785 4.575 -1.676
4.788 4.549 -1.672
4.808 4.539 -1.674
4.806 4.508 -1.667
4.817 4.491 -1.666
4.821 4.466 -1.663
4.814 4.431 -1.655
5.764 5.163 -1.669
5.776 5.141 -1.668
5.788 5.119 -1.667
5.809 5.122 -1.671
5.813 5.093 -1.667
5.811 5.059 -1.662
5.839 5.051 -1.665
5.728 4.923 -1.627
5.733 4.896 -1.623
5.729 4.877 -1.62
5.746 4.861 -1.62
5.746 4.83 -1.616
8.339 3.325 -1.614
8.285 3.274 -1.6
8.226 3.22 -1.586
8.203 3.182 -1.579
8.184 3.144 -1.573
8.169 3.124 -1.569
8.162 3.092 -1.565
8.151 3.058 -1.561
16.854 8.077 -1.635
16.864 8.017 -1.634
16.861 7.95 -1.631
16.875 7.892 -1.63
16.878 7.862 -1.629
16.814 7.767 -1.619
16.83 7.71 -1.618
16.839 7.651 -1.617
16.827 7.582 -1.613
16.791 7.502 -1.606
16.801 7.443 -1.605
16.777 7.401 -1.601
16.78 7.339 -1.599
16.81 7.29 -1.6
16.818 7.231 -1.598
16.793 7.157 -1.593
16.812 7.103 -1.592
16.812 7.041 -1.59
16.822 7.014 -1.59
16.853 6.965 -1.591
16.816 6.887 -1.585
16.832 6.832 -1.584
18.149 14.382 -1.505
18.001 14.173 -1.487
18.014 14.092 -1.484
18.022 14.007 -1.481
17.957 13.911 -1.472
17.952 13.817 -1.468
17.943 13.72 -1.463
17.964 13.647 -1.461
17.97 13.563 -1.458
18.013 13.506 -1.458
18.049 13.445 -1.457
17.967 13.34 -1.448
11.231 33.302 -1.561
11.279 33.271 -1.56
11.382 33.232 -1.56
11.428 33.026 -1.551
11.519 32.954 -1.549
11.573 32.778 -1.542
11.66 32.696 -1.539
11.732 32.575 -1.535
11.715 32.367 -1.525
11.808 32.305 -1.523
11.869 32.159 -1.518
11.931 32.015 -1.512
12.006 31.912 -1.508
