-7.13658 0.17728 -0.0081267 0.000321378
-6.544 3.884 -1.64
-6.543 3.911 -1.643
-6.541 3.938 -1.646
-6.547 3.97 -1.65
-6.543 3.981 -1.651
-6.537 4.005 -1.653
-6.541 4.036 -1.657
-6.531 4.059 -1.658
-6.535 4.09 -1.663
-6.525 4.112 -1.664
-6.524 4.125 -1.665
-6.518 4.15 -1.667
-6.516 4.178 -1.67
-6.513 4.205 -1.673
-6.501 4.226 -1.673
-6.506 4.258 -1.678
-6.505 4.287 -1.682
-6.5 4.298 -1.682
-6.487 4.319 -1.682
-6.472 4.338 -1.682
-6.447 4.351 -1.678
-6.468 4.395 -1.688
-6.458 4.418 -1.689
-6.45 4.442 -1.691
-6.263 6.351 -1.603
-6.28 6.388 -1.61
-6.269 6.417 -1.612
-6.261 6.449 -1.616
-6.256 6.485 -1.62
-6.249 6.518 -1.624
-6.234 6.544 -1.625
-6.247 6.578 -1.632
-6.236 6.607 -1.635
-6.233 6.645 -1.639
-6.222 6.676 -1.642
-6.22 6.716 -1.648
-6.204 6.741 -1.649
-6.202 6.781 -1.655
-6.009 8.658 -1.548
-5.994 8.695 -1.552
-5.987 8.743 -1.557
-5.974 8.783 -1.561
-5.967 8.832 -1.567
-5.96 8.881 -1.573
-5.953 8.93 -1.579
-5.958 8.969 -1.585
-5.947 9.014 -1.59
-5.937 9.059 -1.595
-5.928 9.108 -1.6
-6.585 40.364 -1.615
-6.545 40.931 -1.64
-6.432 41.052 -1.645
-6.381 41.58 -1.667
