45.0881 -26.3038 5.51492 -0.369777
4.667 3.698 -1.721
4.654 3.675 -1.714
4.655 3.652 -1.71
4.674 3.643 -1.713
4.662 3.611 -1.704
4.66 3.586 -1.698
4.671 3.571 -1.698
4.659 3.55 -1.691
4.655 3.523 -1.685
4.658 3.503 -1.682
4.66 3.481 -1.679
4.662 3.46 -1.675
4.667 3.441 -1.673
4.668 3.419 -1.669
4.698 4.844 -1.71
4.701 4.817 -1.706
4.705 4.791 -1.701
4.712 4.768 -1.698
4.715 4.74 -1.694
4.703 4.714 -1.686
4.71 4.691 -1.683
4.722 4.673 -1.682
4.732 4.654 -1.68
4.746 4.638 -1.68
4.756 4.619 -1.678
4.755 4.604 -1.675
4.779 4.598 -1.679
4.787 4.576 -1.676
4.795 4.556 -1.674
4.799 4.53 -1.67
4.806 4.508 -1.667
4.813 4.487 -1.665
4.817 4.476 -1.664
4.807 4.439 -1.655
5.785 5.133 -1.669
5.794 5.109 -1.666
5.809 5.089 -1.666
5.825 5.071 -1.666
5.827 5.041 -1.662
5.734 4.944 -1.631
5.721 4.902 -1.622
5.729 4.877 -1.62
5.73 4.847 -1.615
18.192 14.51 -1.513
18.161 14.392 -1.506
17.999 14.172 -1.487
18.009 14.088 -1.484
17.998 14.034 -1.48
17.957 13.911 -1.472
17.958 13.822 -1.469
17.945 13.722 -1.463
17.961 13.645 -1.461
11.385 33.239 -1.561
11.441 33.065 -1.553
11.516 32.944 -1.549
11.54 32.849 -1.545
11.615 32.734 -1.54
11.691 32.62 -1.536
11.727 32.399 -1.526
11.815 32.324 -1.524
11.873 32.169 -1.518
11.949 32.066 -1.515
11.954 31.925 -1.508
