-8.52566 0.905854 -0.129563 0.00676462
-6.544 3.884 -1.64
-6.55 3.915 -1.645
-6.54 3.937 -1.645
-6.545 3.954 -1.648
-6.543 3.981 -1.651
-6.537 4.005 -1.653
-6.539 4.035 -1.657
-6.535 4.061 -1.659
-6.533 4.088 -1.662
-6.527 4.113 -1.664
-6.524 4.125 -1.665
-6.523 4.153 -1.668
-6.523 4.182 -1.672
-6.511 4.204 -1.672
-6.511 4.232 -1.676
-6.507 4.259 -1.678
-6.497 4.282 -1.679
-6.504 4.301 -1.683
-6.49 4.321 -1.683
-6.472 4.338 -1.682
-6.448 4.352 -1.679
-6.472 4.397 -1.689
-6.463 4.421 -1.691
-6.455 4.445 -1.692
-6.277 6.365 -1.606
-6.272 6.4 -1.611
-6.278 6.426 -1.615
-6.252 6.44 -1.613
-6.255 6.483 -1.62
-6.252 6.521 -1.625
-6.247 6.556 -1.629
-6.233 6.583 -1.631
-6.239 6.61 -1.635
-6.235 6.648 -1.64
-6.225 6.679 -1.643
-6.223 6.719 -1.649
-6.212 6.75 -1.652
-6.2 6.779 -1.654
-6.191 6.812 -1.658
-5.994 8.666 -1.548
-6.003 8.708 -1.554
-5.991 8.749 -1.559
-5.984 8.797 -1.564
-5.974 8.842 -1.569
-5.962 8.884 -1.574
-5.95 8.927 -1.578
-5.939 8.971 -1.583
-5.952 9.021 -1.591
-5.942 9.068 -1.596
-5.923 9.101 -1.599
-5.025 16.116 -1.458
-5.09 16.505 -1.496
-5.054 16.572 -1.502
-5.009 16.611 -1.504
-4.996 16.662 -1.508
-4.944 16.68 -1.509
-4.905 16.743 -1.513
-4.873 16.829 -1.521
-6.538 40.477 -1.62
-6.561 41.034 -1.645
-6.469 41.285 -1.655
-6.388 41.627 -1.67
-6.21 41.329 -1.655
-6.112 41.572 -1.665
-6.01 41.788 -1.674
