-7.64759 0.457615 -0.057209 0.00303911
-6.561 3.852 -1.639
-6.562 3.881 -1.643
-6.551 3.902 -1.643
-6.546 3.927 -1.645
-6.548 3.956 -1.649
-6.544 3.982 -1.651
-6.546 3.997 -1.654
-6.539 4.021 -1.655
-6.533 4.045 -1.657
-6.528 4.071 -1.659
-6.524 4.097 -1.661
-6.537 4.134 -1.669
-6.519 4.151 -1.667
-6.516 4.163 -1.668
-6.513 4.19 -1.671
-6.509 4.217 -1.674
-6.516 4.25 -1.679
-6.51 4.276 -1.681
-6.494 4.294 -1.68
-6.487 4.319 -1.682
-6.482 4.33 -1.683
-6.458 4.344 -1.68
-6.467 4.379 -1.686
-6.473 4.413 -1.692
-6.292 6.281 -1.597
-6.284 6.312 -1.6
-6.278 6.346 -1.604
-6.266 6.374 -1.606
-6.271 6.399 -1.61
-6.252 6.42 -1.611
-6.266 6.475 -1.62
-6.253 6.501 -1.622
-6.251 6.541 -1.627
-6.24 6.57 -1.63
-6.236 6.607 -1.635
-6.234 6.625 -1.637
-6.233 6.666 -1.642
-6.231 6.706 -1.648
-6 8.645 -1.546
-5.993 8.693 -1.551
-5.987 8.714 -1.554
-5.988 8.773 -1.561
-5.982 8.825 -1.568
-5.965 8.858 -1.571
-5.956 8.905 -1.576
-5.944 8.948 -1.581
-5.943 9.008 -1.588
-5.947 9.045 -1.594
-5.933 9.085 -1.598
-6.585 40.364 -1.615
-6.555 40.585 -1.625
-6.49 41.001 -1.643
-6.418 41.386 -1.659
-6.335 41.72 -1.673
