-2.47035 0.0512642 -0.00422483 8.78506e-05
-2.435 3.199 -1.578
-2.44 3.227 -1.588
-2.43 3.235 -1.588
-2.435 3.263 -1.599
-2.443 3.295 -1.612
-2.439 3.311 -1.616
-2.445 3.332 -1.625
-2.437 3.342 -1.626
-2.438 3.366 -1.635
-2.525 3.654 -1.568
-2.568 3.743 -1.605
-2.599 3.814 -1.634
-2.59 3.827 -1.636
-2.594 3.847 -1.643
-2.583 3.856 -1.644
-2.573 3.868 -1.645
-2.443 13.517 -1.558
-2.408 13.567 -1.563
-2.369 13.592 -1.565
-2.33 13.627 -1.569
-2.291 13.652 -1.571
-2.255 13.706 -1.577
-2.255 13.839 -1.594
-2.226 13.942 -1.606
-2.189 13.99 -1.612
-2.482 17.35 -1.521
-2.433 17.399 -1.525
-2.386 17.462 -1.531
-2.343 17.556 -1.539
-2.316 17.778 -1.561
-2.273 17.886 -1.571
-2.247 17.904 -1.572
-2.666 22.643 -1.479
-2.636 22.695 -1.482
-2.575 22.798 -1.489
-2.512 22.883 -1.495
-2.462 23.091 -1.51
-2.417 23.361 -1.529
-2.361 23.541 -1.542
-2.286 23.54 -1.541
-3.104 32.36 -1.429
-3.015 32.498 -1.435
-2.925 32.647 -1.442
-2.832 32.767 -1.448
-2.729 32.768 -1.447
-2.643 32.986 -1.458
-2.562 33.293 -1.473
-2.522 33.458 -1.481
