-2.30563 0.103319 -0.010688 0.00030235
-2.084 3.654 -1.656
-2.087 3.672 -1.663
-2.069 3.667 -1.658
-2.06 3.678 -1.66
-2.055 3.696 -1.665
-2.038 3.693 -1.661
-2.029 3.704 -1.663
-2.02 3.715 -1.665
-2.018 3.726 -1.669
-2.004 3.728 -1.667
-1.99 3.729 -1.665
-1.982 3.744 -1.668
-1.968 3.745 -1.666
-1.961 3.761 -1.671
-1.949 3.767 -1.671
-1.942 3.768 -1.67
-1.934 3.781 -1.673
-1.923 3.789 -1.674
-1.908 3.79 -1.672
-1.9 3.803 -1.675
-1.891 3.815 -1.678
-1.882 3.826 -1.68
-1.884 3.846 -1.688
-1.873 3.855 -1.689
-1.869 3.877 -1.697
-1.87 3.911 -1.71
-1.865 3.932 -1.717
-2.036 4.211 -1.657
-2.026 4.224 -1.66
-2.025 4.257 -1.672
-2.007 4.252 -1.667
-1.995 4.262 -1.668
-1.99 4.27 -1.67
-1.975 4.271 -1.668
-1.962 4.279 -1.669
-1.954 4.297 -1.674
-1.939 4.3 -1.672
-1.926 4.307 -1.673
-1.917 4.324 -1.677
-1.912 4.33 -1.679
-1.904 4.35 -1.684
-1.898 4.375 -1.692
-1.893 4.4 -1.7
-1.881 4.411 -1.702
-1.874 4.432 -1.708
-1.863 4.445 -1.711
-2.071 4.772 -1.651
-2.059 4.783 -1.653
-2.046 4.795 -1.655
-2.032 4.805 -1.656
-2.021 4.82 -1.66
-2.002 4.818 -1.656
-1.999 4.831 -1.66
-1.982 4.834 -1.659
-1.971 4.851 -1.663
-1.955 4.854 -1.662
-1.941 4.863 -1.663
-1.929 4.878 -1.666
-1.911 4.879 -1.664
-1.913 4.907 -1.673
-1.902 4.923 -1.677
-1.899 4.963 -1.689
-1.891 4.988 -1.696
-1.882 5.014 -1.703
-2.1 5.295 -1.642
-2.089 5.314 -1.646
-2.076 5.331 -1.649
-2.064 5.35 -1.653
-2.057 5.38 -1.661
-2.04 5.362 -1.654
-2.034 5.397 -1.663
-2.011 5.389 -1.659
-1.998 5.404 -1.662
-1.98 5.407 -1.661
-1.962 5.411 -1.66
-1.95 5.432 -1.665
-1.946 5.445 -1.668
-1.929 5.453 -1.669
-1.921 5.485 -1.677
-1.914 5.519 -1.687
-1.876 5.466 -1.667
-1.89 5.562 -1.697
-2.083 6.158 -1.643
-2.079 6.178 -1.648
-2.06 6.186 -1.649
-2.047 6.213 -1.654
-2.03 6.226 -1.656
-2.016 6.247 -1.661
-1.994 6.248 -1.659
-1.976 6.258 -1.66
-1.965 6.259 -1.66
-1.95 6.278 -1.663
-1.939 6.314 -1.672
-1.927 6.346 -1.679
-1.92 6.394 -1.691
-1.901 6.404 -1.692
-1.893 6.412 -1.694
-1.876 6.429 -1.697
-2.129 8.77 -1.623
-2.107 8.803 -1.628
-2.086 8.834 -1.633
-2.063 8.862 -1.637
-2.032 8.855 -1.635
-2.008 8.877 -1.638
-1.978 8.877 -1.636
-1.97 8.905 -1.641
-1.951 8.952 -1.649
-1.936 9.017 -1.661
-1.915 9.06 -1.668
-1.897 9.114 -1.678
-1.868 9.118 -1.677
-2.15 10.694 -1.607
-2.125 10.742 -1.614
-2.096 10.775 -1.618
-2.065 10.797 -1.62
-2.034 10.819 -1.623
-2.02 10.838 -1.625
-1.992 10.875 -1.63
-1.967 10.934 -1.639
-1.946 11.014 -1.651
-1.915 11.04 -1.654
-1.885 11.071 -1.658
-1.85 11.077 -1.658
-1.835 11.095 -1.661
-2.166 13.841 -1.593
-2.126 13.873 -1.596
-2.091 13.939 -1.603
-2.051 13.971 -1.607
-2.031 13.984 -1.608
-1.989 14.01 -1.611
-1.958 14.104 -1.622
-1.931 14.244 -1.639
-1.891 14.284 -1.644
-2.26 18.006 -1.582
-2.205 18.029 -1.584
-2.154 18.083 -1.589
-2.105 18.159 -1.595
-2.049 18.174 -1.596
-1.999 18.239 -1.602
-1.987 18.397 -1.617
-1.947 18.567 -1.634
-2.278 23.84 -1.563
-2.217 24.001 -1.575
-2.153 24.127 -1.584
-2.081 24.186 -1.587
-2.031 24.496 -1.61
-1.962 24.608 -1.618
-1.932 24.716 -1.626
