-1.64709 -0.110381 0.00879971 -0.000187648
-2.27 3.271 -1.561
-2.266 3.276 -1.562
-2.271 3.306 -1.574
-2.265 3.319 -1.577
-2.258 3.331 -1.579
-2.252 3.346 -1.583
-2.244 3.356 -1.585
-2.263 3.396 -1.603
-2.25 3.4 -1.602
-2.253 3.429 -1.612
-2.24 3.775 -1.548
-2.244 3.809 -1.56
-2.249 3.845 -1.573
-2.246 3.854 -1.575
-2.246 3.882 -1.584
-2.25 3.918 -1.597
-2.244 3.937 -1.602
-1.94 5.226 -1.604
-1.932 5.253 -1.611
-1.911 5.248 -1.607
-1.896 5.256 -1.608
-1.88 5.266 -1.609
-1.875 5.304 -1.62
-1.86 5.313 -1.621
-1.864 5.352 -1.633
-1.854 5.376 -1.639
-1.844 5.402 -1.645
-1.838 5.44 -1.656
-2.029 5.909 -1.575
-2.019 5.941 -1.582
-2.005 5.96 -1.586
-1.989 5.974 -1.588
-1.972 5.987 -1.59
-1.961 5.985 -1.588
-1.94 5.984 -1.586
-1.922 5.992 -1.587
-1.907 6.012 -1.591
-1.887 6.013 -1.589
-1.872 6.032 -1.593
-1.871 6.062 -1.601
-1.865 6.11 -1.613
-1.854 6.142 -1.62
-1.836 6.153 -1.622
-1.821 6.174 -1.626
-4.843 7.875 -1.343
-4.911 8.04 -1.371
-4.961 8.18 -1.394
-1.988 12.435 -1.411
-1.974 12.473 -1.416
-1.944 12.536 -1.423
-1.906 12.552 -1.425
-1.869 12.576 -1.427
-1.831 12.588 -1.428
-1.801 12.666 -1.437
-1.779 12.799 -1.453
-1.767 12.863 -1.461
-1.731 12.902 -1.466
-2.133 19.19 -1.221
-2.078 19.241 -1.225
-2.018 19.257 -1.225
-1.961 19.297 -1.228
-1.911 19.412 -1.236
-1.855 19.462 -1.239
-1.829 19.52 -1.243
-1.792 19.788 -1.263
-1.74 19.907 -1.271
-2.152 24.518 -1.032
-2.101 24.839 -1.048
-2.035 24.987 -1.055
-1.969 25.146 -1.063
-1.9 25.292 -1.07
-1.869 25.412 -1.076
-1.795 25.492 -1.08
-1.736 25.81 -1.095
