-4.01604 0.422087 -0.0324494 0.000780273
-2.786 2.819 -1.553
-2.782 2.833 -1.557
-2.78 2.84 -1.558
-2.79 2.869 -1.57
-2.784 2.88 -1.571
-2.779 2.893 -1.574
-2.786 2.919 -1.584
-2.777 2.928 -1.584
-2.781 2.951 -1.592
-2.787 2.976 -1.602
-2.789 2.987 -1.605
-2.853 3.417 -1.571
-2.875 3.466 -1.591
-2.886 3.491 -1.601
-2.894 3.523 -1.613
-2.916 3.573 -1.632
-2.543 4.562 -1.658
-2.538 4.571 -1.66
-2.533 4.596 -1.667
-2.516 4.599 -1.665
-2.506 4.615 -1.668
-2.487 4.614 -1.665
-2.476 4.629 -1.667
-2.463 4.64 -1.669
-2.458 4.647 -1.67
-2.443 4.655 -1.67
-2.428 4.662 -1.67
-2.416 4.673 -1.671
-2.401 4.681 -1.671
-2.388 4.692 -1.673
-2.381 4.716 -1.679
-2.373 4.718 -1.678
-2.371 4.751 -1.688
-2.363 4.772 -1.693
-2.359 4.803 -1.702
-2.352 4.828 -1.709
-2.337 4.835 -1.709
-2.331 4.861 -1.716
-2.32 4.858 -1.713
-2.507 6.008 -1.646
-2.498 6.039 -1.653
-2.483 6.056 -1.655
-2.467 6.073 -1.658
-2.45 6.084 -1.659
-2.437 6.108 -1.664
-2.424 6.104 -1.662
-2.407 6.116 -1.663
-2.39 6.13 -1.665
-2.375 6.147 -1.667
-2.357 6.158 -1.668
-2.347 6.19 -1.676
-2.334 6.214 -1.68
-2.338 6.256 -1.692
-2.329 6.292 -1.7
-2.313 6.308 -1.703
-2.517 7.169 -1.637
-2.497 7.182 -1.638
-2.479 7.205 -1.642
-2.461 7.224 -1.645
-2.449 7.263 -1.652
-2.421 7.256 -1.649
-2.411 7.265 -1.65
-2.388 7.272 -1.65
-2.373 7.302 -1.655
-2.348 7.304 -1.654
-2.326 7.315 -1.655
-2.314 7.356 -1.663
-2.298 7.387 -1.669
-2.298 7.428 -1.678
-2.292 7.489 -1.691
-2.277 7.526 -1.698
-2.432 8.748 -1.633
-2.412 8.785 -1.639
-2.381 8.78 -1.637
-2.36 8.81 -1.641
-2.33 8.81 -1.64
-2.305 8.828 -1.642
-2.282 8.853 -1.646
-2.279 8.9 -1.654
-2.262 8.949 -1.663
-2.244 8.996 -1.671
-2.233 9.07 -1.684
-2.434 10.629 -1.606
-2.406 10.662 -1.61
-2.381 10.708 -1.617
-2.365 10.715 -1.617
-2.337 10.746 -1.621
-2.304 10.759 -1.622
-2.272 10.774 -1.623
-2.242 10.798 -1.626
-2.226 10.891 -1.64
-2.206 10.969 -1.651
-2.195 11.005 -1.657
-2.162 11.02 -1.658
-2.302 13.855 -1.597
-2.272 13.945 -1.608
-2.228 13.956 -1.608
-2.208 13.971 -1.61
-2.168 14.001 -1.613
-2.131 14.057 -1.619
-2.108 14.203 -1.637
-2.074 14.288 -1.647
-2.037 14.348 -1.654
-2.457 17.773 -1.562
-2.407 17.819 -1.566
-2.354 17.848 -1.568
-2.302 17.893 -1.572
-2.246 17.9 -1.572
-2.19 17.911 -1.572
-2.167 17.954 -1.576
-2.112 17.974 -1.577
-2.064 18.052 -1.584
-2.024 18.203 -1.599
-1.984 18.371 -1.615
-2.138 23.558 -1.542
-2.07 23.632 -1.547
-2.002 23.706 -1.552
-1.933 23.78 -1.557
-1.879 24.048 -1.576
-1.817 24.235 -1.59
-1.745 24.298 -1.594
-2.453 32.546 -1.435
-2.356 32.633 -1.439
-2.309 32.688 -1.442
-2.211 32.765 -1.445
-2.109 32.786 -1.446
-2.005 32.78 -1.445
-1.904 32.822 -1.447
-1.804 32.876 -1.45
-1.707 32.999 -1.456
-1.669 33.289 -1.47
-1.571 33.426 -1.477
-1.475 33.624 -1.486
