115.528 -7.30592 0.189777 -0.00194892
9.879 6.17 -1.724
9.886 6.131 -1.722
9.889 6.09 -1.719
9.894 6.05 -1.716
9.868 5.991 -1.708
9.851 5.939 -1.701
9.836 5.888 -1.695
9.823 5.859 -1.691
9.821 5.816 -1.687
9.822 5.775 -1.684
9.825 5.735 -1.681
9.817 5.689 -1.677
9.823 5.651 -1.674
9.82 5.609 -1.671
4.255 19.113 -1.723
4.301 19.035 -1.717
4.345 18.952 -1.71
4.355 18.727 -1.688
4.362 18.49 -1.666
4.366 18.252 -1.643
4.369 18.136 -1.632
27.156 2.297 -1.807
27.106 2.207 -1.803
27.057 2.16 -1.799
26.988 2.069 -1.793
26.919 1.979 -1.788
26.826 1.887 -1.78
26.804 1.801 -1.778
26.722 1.711 -1.772
26.685 1.625 -1.769
26.676 1.582 -1.768
26.589 1.493 -1.761
26.585 1.409 -1.76
26.534 1.323 -1.756
