-6.54271 1.44517 -0.146732 0.00478096
-4.657 2.253 -1.48
-4.686 2.285 -1.492
-4.697 2.309 -1.499
-4.74 2.339 -1.515
-4.757 2.366 -1.523
-4.789 2.4 -1.536
-4.791 2.42 -1.54
-2.083 6.127 -1.635
-2.068 6.147 -1.639
-2.055 6.171 -1.644
-2.036 6.18 -1.645
-2.019 6.193 -1.647
-2.012 6.204 -1.649
-1.991 6.206 -1.648
-1.974 6.218 -1.65
-1.955 6.228 -1.651
-1.94 6.247 -1.654
-1.924 6.266 -1.658
-1.916 6.311 -1.669
-1.915 6.341 -1.677
-1.898 6.358 -1.68
-1.882 6.377 -1.684
-1.868 6.402 -1.689
-2.102 7.194 -1.613
-2.08 7.204 -1.614
-2.073 7.265 -1.627
-2.064 7.276 -1.629
-2.043 7.29 -1.631
-2.028 7.322 -1.637
-2.003 7.323 -1.636
-1.978 7.322 -1.634
-1.961 7.351 -1.639
-1.946 7.341 -1.636
-1.927 7.36 -1.639
-1.92 7.43 -1.655
-1.906 7.47 -1.663
-1.886 7.491 -1.666
-1.877 7.554 -1.68
-2.28 8.514 -1.582
-2.26 8.55 -1.588
-2.24 8.582 -1.593
-2.214 8.592 -1.593
-2.19 8.611 -1.596
-2.178 8.618 -1.596
-2.155 8.642 -1.6
-2.132 8.668 -1.604
-2.108 8.686 -1.606
-2.081 8.694 -1.606
-2.058 8.718 -1.61
-2.03 8.724 -1.61
-2.02 8.743 -1.613
-1.992 8.747 -1.612
-1.969 8.773 -1.616
-1.941 8.775 -1.615
-1.925 8.833 -1.626
-1.91 8.9 -1.638
-1.894 8.962 -1.649
-1.883 8.976 -1.651
-1.858 8.999 -1.655
-2.103 10.464 -1.57
-2.079 10.515 -1.577
-2.07 10.557 -1.583
-2.038 10.569 -1.584
-2.009 10.595 -1.587
-1.979 10.619 -1.59
-1.954 10.67 -1.597
-1.932 10.74 -1.608
-1.917 10.849 -1.624
-2.092 13.501 -1.548
-2.056 13.551 -1.554
-2.015 13.573 -1.556
-1.974 13.591 -1.557
-1.94 13.656 -1.565
-1.918 13.814 -1.584
-1.885 13.896 -1.594
-1.866 13.925 -1.598
-2.159 17.216 -1.504
-2.113 17.286 -1.51
-2.066 17.35 -1.516
-2.045 17.409 -1.521
-1.996 17.461 -1.526
-1.964 17.672 -1.546
-1.918 17.766 -1.555
-1.865 17.797 -1.557
-2.373 31.492 -1.382
-2.285 31.649 -1.39
-2.197 31.829 -1.398
-2.155 31.94 -1.404
-2.076 32.274 -1.42
-1.999 32.689 -1.441
-1.902 32.789 -1.446
