12.2694 -3.18035 0.335349 -0.00979544
5.035 2.992 -1.874
5.041 2.975 -1.873
5.001 2.93 -1.854
5.03 2.937 -1.863
5.045 2.924 -1.865
5.046 2.903 -1.862
5.046 2.883 -1.859
5.039 2.857 -1.852
5.036 2.835 -1.848
5.048 2.821 -1.849
5.035 2.803 -1.842
4.984 2.755 -1.819
7.757 5.002 -1.663
7.728 4.949 -1.652
7.736 4.92 -1.65
7.733 4.884 -1.646
7.73 4.848 -1.642
7.735 4.817 -1.64
7.728 4.796 -1.636
7.719 4.757 -1.631
7.728 4.729 -1.63
7.774 4.724 -1.637
7.754 4.678 -1.629
7.787 4.665 -1.633
7.71 4.602 -1.614
7.674 4.548 -1.603
5.356 28.52 -1.254
5.454 28.546 -1.256
5.501 28.313 -1.245
5.528 27.978 -1.228
5.604 27.9 -1.225
5.632 27.813 -1.221
5.744 27.918 -1.228
5.797 27.73 -1.219
5.789 27.264 -1.196
