-3.5293 0.285576 -0.0309164 0.000956637
-2.711 4.748 -1.571
-2.708 4.778 -1.578
-2.705 4.806 -1.585
-2.696 4.826 -1.59
-2.696 4.861 -1.599
-2.688 4.883 -1.604
-2.686 4.898 -1.607
-2.694 4.949 -1.623
-3.357 4.949 -1.502
-3.345 4.965 -1.504
-3.336 4.986 -1.507
-3.342 5.028 -1.518
-3.37 5.104 -1.539
-3.391 5.153 -1.553
-2.942 11.382 -1.304
-2.942 11.533 -1.323
-2.937 11.668 -1.34
-2.947 11.786 -1.355
-2.923 11.847 -1.361
-2.889 11.87 -1.363
-3.047 14.914 -1.295
-3.006 14.954 -1.298
-2.961 14.969 -1.299
-2.916 14.988 -1.3
-2.894 15.003 -1.301
-2.849 15.024 -1.302
-2.798 15.015 -1.3
-2.753 15.035 -1.301
-2.705 15.038 -1.301
-2.661 15.066 -1.302
-2.617 15.094 -1.304
-2.597 15.12 -1.307
-2.552 15.141 -1.308
-2.516 15.216 -1.315
-2.492 15.367 -1.329
-2.459 15.471 -1.338
-2.42 15.54 -1.345
-3.155 18.517 -1.183
-3.103 18.56 -1.185
-3.077 18.583 -1.187
-3.021 18.612 -1.188
-2.969 18.661 -1.191
-2.91 18.668 -1.191
-2.856 18.707 -1.193
-2.794 18.69 -1.191
-2.739 18.726 -1.193
-2.708 18.721 -1.192
-2.655 18.767 -1.195
-2.609 18.87 -1.202
-2.551 18.892 -1.203
-2.498 18.945 -1.207
-2.455 19.082 -1.216
-2.425 19.325 -1.234
-2.404 19.4 -1.239
-2.9 35.895 -0.55
-2.813 36.245 -0.557
-2.723 36.575 -0.564
-2.598 36.435 -0.561
-2.559 36.705 -0.566
-2.496 37.513 -0.583
-2.428 38.315 -0.6
-2.311 38.38 -0.601
