-2.65363 0.00991007 0.00182032 -6.27384e-05
-2.856 2.918 -1.604
-2.862 2.943 -1.613
-2.858 2.957 -1.616
-2.848 2.966 -1.616
-2.853 2.98 -1.622
-2.858 3.005 -1.631
-2.851 3.017 -1.633
-2.85 3.034 -1.637
-2.85 3.054 -1.644
-2.849 3.072 -1.649
-2.849 3.092 -1.655
-2.842 3.094 -1.654
-2.846 3.118 -1.662
-2.613 3.915 -1.669
-2.605 3.93 -1.672
-2.6 3.949 -1.676
-2.596 3.956 -1.678
-2.583 3.964 -1.678
-2.576 3.98 -1.681
-2.566 3.993 -1.684
-2.549 3.993 -1.68
-2.544 4.014 -1.686
-2.528 4.015 -1.683
-2.525 4.026 -1.686
-2.508 4.026 -1.682
-2.5 4.041 -1.686
-2.492 4.057 -1.689
-2.474 4.055 -1.685
-2.461 4.063 -1.685
-2.458 4.089 -1.693
-2.455 4.097 -1.695
-2.449 4.116 -1.7
-2.444 4.138 -1.706
-2.438 4.157 -1.711
-2.425 4.165 -1.711
-2.42 4.187 -1.718
-2.41 4.2 -1.72
-2.844 4.719 -1.584
-2.843 4.75 -1.592
-2.849 4.794 -1.604
-2.832 4.799 -1.603
-2.84 4.848 -1.617
-2.842 4.886 -1.628
-2.846 4.91 -1.635
-2.84 4.936 -1.641
-2.592 6.05 -1.665
-2.577 6.067 -1.668
-2.563 6.087 -1.672
-2.551 6.111 -1.676
-2.537 6.132 -1.68
-2.52 6.145 -1.682
-2.509 6.147 -1.681
-2.499 6.177 -1.687
-2.476 6.177 -1.685
-2.456 6.183 -1.685
-2.441 6.202 -1.688
-2.425 6.218 -1.69
-2.415 6.249 -1.697
-2.411 6.269 -1.702
-2.399 6.297 -1.708
-2.393 6.34 -1.718
-2.378 6.36 -1.722
-2.57 7.244 -1.657
-2.557 7.279 -1.664
-2.54 7.304 -1.668
-2.53 7.313 -1.669
-2.511 7.332 -1.672
-2.484 7.329 -1.669
-2.464 7.346 -1.672
-2.443 7.359 -1.673
-2.424 7.38 -1.676
-2.401 7.387 -1.676
-2.398 7.417 -1.683
-2.382 7.449 -1.688
-2.38 7.521 -1.704
-2.367 7.562 -1.712
-2.396 8.943 -1.668
-2.389 8.975 -1.674
-2.366 9.001 -1.677
-2.348 9.047 -1.685
-2.327 9.082 -1.691
-2.308 9.13 -1.699
-2.297 9.204 -1.712
-2.272 9.23 -1.716
-2.265 9.262 -1.722
-2.506 10.864 -1.645
-2.477 10.895 -1.649
-2.444 10.904 -1.649
-2.414 10.931 -1.652
-2.381 10.945 -1.653
-2.35 10.971 -1.657
-2.32 10.998 -1.66
-2.322 11.093 -1.674
-2.3 11.162 -1.684
-2.282 11.25 -1.698
-2.386 14.772 -1.638
-2.373 14.84 -1.646
-2.327 14.849 -1.646
-2.288 14.906 -1.652
-2.243 14.924 -1.654
-2.21 15.024 -1.665
-2.185 15.186 -1.684
-2.144 15.238 -1.69
-2.509 24.241 -1.595
-2.436 24.287 -1.597
-2.362 24.31 -1.598
-2.289 24.355 -1.601
-2.211 24.352 -1.601
-2.141 24.423 -1.605
-2.066 24.459 -1.607
-1.997 24.561 -1.615
-1.989 24.938 -1.642
-1.916 25.01 -1.647
