-3.93211 -1.37184 0.207072 -0.00607627
-4.077 3.447 -1.531
-4.163 3.541 -1.57
-4.188 3.585 -1.585
-4.174 3.596 -1.584
-4.176 3.608 -1.587
-3.577 1.972 -1.024
-3.615 2.008 -1.038
-3.612 2.021 -1.039
-3.667 2.06 -1.058
-3.626 2.051 -1.046
-3.639 2.074 -1.053
-3.666 2.105 -1.064
-3.696 2.138 -1.075
-2.692 7.024 -1.619
-2.672 7.04 -1.621
-2.652 7.054 -1.623
-2.636 7.078 -1.627
-2.618 7.096 -1.629
-2.596 7.106 -1.629
-2.571 7.106 -1.627
-2.565 7.125 -1.631
-2.545 7.14 -1.633
-2.52 7.139 -1.631
-2.498 7.151 -1.632
-2.467 7.133 -1.625
-2.446 7.144 -1.626
-2.421 7.146 -1.625
-2.411 7.154 -1.626
-2.395 7.178 -1.63
-2.367 7.171 -1.626
-2.347 7.186 -1.628
-2.328 7.204 -1.631
-2.303 7.204 -1.629
-2.285 7.224 -1.632
-2.277 7.241 -1.635
-2.26 7.264 -1.639
-2.256 7.331 -1.654
-2.243 7.373 -1.662
-2.222 7.386 -1.664
-2.205 7.414 -1.669
-6.122 4.623 -1.361
-6.2 4.712 -1.383
-6.249 4.78 -1.399
-6.351 4.889 -1.427
-2.681 10.356 -1.573
-2.653 10.383 -1.577
-2.623 10.401 -1.578
-2.596 10.43 -1.582
-2.563 10.438 -1.582
-2.551 10.461 -1.585
-2.523 10.487 -1.587
-2.493 10.51 -1.59
-2.461 10.52 -1.59
-2.427 10.523 -1.59
-2.4 10.558 -1.594
-2.371 10.585 -1.597
-2.358 10.602 -1.599
-2.327 10.623 -1.602
-2.307 10.692 -1.612
-2.292 10.782 -1.625
-2.261 10.803 -1.627
-2.226 10.806 -1.627
-2.199 10.846 -1.632
-2.762 13.356 -1.545
-2.724 13.384 -1.548
-2.686 13.41 -1.55
-2.668 13.43 -1.552
-2.631 13.467 -1.556
-2.588 13.47 -1.555
-2.551 13.505 -1.559
-2.511 13.526 -1.56
-2.468 13.534 -1.56
-2.446 13.53 -1.559
-2.406 13.558 -1.562
-2.366 13.579 -1.564
-2.329 13.617 -1.568
-2.303 13.728 -1.581
-2.279 13.853 -1.596
-2.243 13.907 -1.602
-2.643 17.133 -1.503
-2.594 17.172 -1.506
-2.544 17.21 -1.509
-2.49 17.218 -1.509
-2.471 17.279 -1.514
-2.42 17.308 -1.516
-2.379 17.413 -1.526
-2.353 17.633 -1.547
-2.308 17.717 -1.555
-2.252 17.72 -1.554
-2.67 22.086 -1.438
-2.615 22.217 -1.447
-2.588 22.29 -1.452
-2.523 22.34 -1.455
-2.462 22.431 -1.461
-2.413 22.641 -1.476
-2.359 22.805 -1.488
-3.437 29.906 -1.308
-3.392 29.928 -1.309
-3.303 29.984 -1.311
-3.217 30.067 -1.315
-3.126 30.113 -1.317
-3.034 30.147 -1.318
-2.949 30.253 -1.323
-2.905 30.298 -1.325
-2.815 30.362 -1.328
-2.724 30.421 -1.33
-2.632 30.475 -1.332
-2.547 30.603 -1.338
-2.479 30.967 -1.356
-2.386 31.024 -1.359
