-49.5741 34.6294 -8.4979 0.695037
-2.303 3.331 -1.59
-2.306 3.358 -1.6
-2.303 3.365 -1.602
-2.3 3.383 -1.607
-2.307 3.416 -1.62
-2.297 3.425 -1.621
-2.302 3.457 -1.633
-2.303 3.482 -1.643
-2.184 4.13 -1.655
-2.176 4.145 -1.659
-2.174 4.158 -1.663
-2.159 4.162 -1.662
-2.148 4.172 -1.663
-2.14 4.188 -1.667
-2.121 4.183 -1.662
-2.113 4.2 -1.667
-2.104 4.215 -1.67
-2.096 4.217 -1.669
-2.088 4.233 -1.674
-2.077 4.245 -1.676
-2.063 4.25 -1.675
-2.051 4.26 -1.676
-2.04 4.271 -1.679
-2.029 4.266 -1.675
-2.02 4.281 -1.679
-2.009 4.292 -1.681
-1.998 4.304 -1.683
-1.985 4.312 -1.684
-1.972 4.319 -1.684
-1.959 4.326 -1.684
-1.946 4.333 -1.685
-1.952 4.366 -1.697
-1.939 4.373 -1.698
-1.926 4.381 -1.699
-1.925 4.418 -1.711
-2.144 4.773 -1.662
-2.143 4.792 -1.667
-2.123 4.788 -1.663
-2.109 4.797 -1.664
-2.095 4.805 -1.665
-2.085 4.824 -1.669
-2.071 4.834 -1.671
-2.06 4.851 -1.674
-2.044 4.855 -1.674
-2.036 4.857 -1.673
-2.024 4.872 -1.676
-2.008 4.875 -1.675
-1.992 4.881 -1.675
-1.979 4.893 -1.677
-1.957 4.883 -1.671
-1.95 4.91 -1.679
-1.945 4.919 -1.681
-1.93 4.927 -1.682
-1.93 4.973 -1.696
-1.92 4.995 -1.702
-1.909 5.012 -1.706
-1.899 5.034 -1.712
-2.607 3.866 -1.322
-2.646 3.948 -1.35
-2.698 4.039 -1.382
-2.64 3.98 -1.357
-2.642 4.01 -1.365
-2.693 4.114 -1.401
-2.742 4.217 -1.435
-2.389 6.1 -1.657
-2.374 6.118 -1.66
-2.362 6.143 -1.665
-2.341 6.145 -1.664
-2.324 6.16 -1.666
-2.306 6.171 -1.667
-2.29 6.187 -1.669
-2.267 6.185 -1.667
-2.26 6.194 -1.668
-2.239 6.197 -1.667
-2.216 6.195 -1.665
-2.2 6.211 -1.667
-2.189 6.242 -1.674
-2.16 6.223 -1.667
-2.139 6.225 -1.665
-2.135 6.244 -1.67
-2.12 6.266 -1.674
-2.104 6.283 -1.677
-2.088 6.301 -1.68
-2.067 6.305 -1.68
-2.051 6.321 -1.683
-2.041 6.326 -1.683
-2.023 6.336 -1.684
-2.006 6.352 -1.687
-1.987 6.362 -1.688
-1.971 6.383 -1.692
-1.965 6.433 -1.705
-1.949 6.452 -1.708
-1.942 6.466 -1.711
-3.033 4.313 -1.142
-3.039 4.35 -1.15
-3.056 4.404 -1.163
-3.077 4.465 -1.178
-3.076 4.478 -1.18
-3.103 4.549 -1.198
-2.154 8.935 -1.655
-2.135 8.978 -1.662
-2.112 9.006 -1.666
-2.086 9.022 -1.668
-2.073 9.033 -1.67
-2.045 9.041 -1.67
-2.021 9.065 -1.674
-1.998 9.098 -1.679
-1.979 9.145 -1.687
-1.961 9.204 -1.698
-1.941 9.249 -1.705
-2.273 10.863 -1.637
-2.246 10.903 -1.642
-2.215 10.927 -1.645
-2.181 10.936 -1.646
-2.151 10.964 -1.649
-2.138 10.987 -1.652
-2.102 10.989 -1.651
-2.069 11.004 -1.653
-2.038 11.03 -1.656
-2.015 11.098 -1.666
-1.987 11.143 -1.672
-1.969 11.243 -1.687
-1.953 11.258 -1.689
-2.198 14.195 -1.638
-2.16 14.247 -1.644
-2.144 14.296 -1.65
-2.102 14.318 -1.652
-2.059 14.344 -1.654
-2.022 14.404 -1.661
-1.997 14.56 -1.68
-1.959 14.631 -1.689
-2.39 18.341 -1.617
-2.336 18.378 -1.619
-2.28 18.397 -1.621
-2.221 18.398 -1.62
-2.165 18.417 -1.621
-2.14 18.452 -1.624
-2.092 18.545 -1.633
-2.082 18.989 -1.676
-2.395 23.878 -1.567
-2.332 24.011 -1.576
-2.264 24.097 -1.582
-2.196 24.18 -1.588
-2.13 24.304 -1.596
-2.12 24.629 -1.62
-2.605 33.84 -1.501
-2.512 34.022 -1.509
-2.416 34.187 -1.517
-2.318 34.336 -1.524
-2.274 34.491 -1.532
-2.211 35.203 -1.567
-2.105 35.294 -1.572
-1.986 35.159 -1.565
