-3.83093 -0.229008 0.0775253 -0.00396301
-3.717 1.39 -1.556
-3.734 1.409 -1.565
-3.757 1.432 -1.578
-3.776 1.453 -1.588
-3.789 1.465 -1.595
-3.805 1.485 -1.605
-3.814 1.502 -1.611
-4.029 1.639 -1.533
-4.031 1.655 -1.536
-4.043 1.675 -1.543
-4.068 1.693 -1.554
-4.088 1.717 -1.565
-4.107 1.74 -1.575
-4.126 1.763 -1.585
-4.255 1.265 -1.437
-4.335 1.303 -1.468
-4.332 1.317 -1.468
-4.341 1.334 -1.473
-4.362 1.348 -1.482
-4.351 1.36 -1.479
-4.366 1.38 -1.486
-4.369 1.395 -1.489
-4.724 2.34 -1.51
-4.76 2.376 -1.525
-4.776 2.403 -1.533
-4.82 2.444 -1.551
-4.84 2.473 -1.561
-4.863 2.494 -1.57
-5.331 2.254 -1.45
-5.39 2.299 -1.469
-5.401 2.313 -1.474
-5.424 2.343 -1.482
-5.477 2.386 -1.5
-5.503 2.418 -1.51
-5.504 2.439 -1.513
-5.51 2.462 -1.517
-5.61 2.006 -1.257
-5.671 2.048 -1.274
-5.702 2.079 -1.283
-5.657 2.082 -1.273
-5.734 2.131 -1.294
-5.833 2.178 -1.319
-2.973 8.118 -1.549
-2.951 8.136 -1.551
-2.934 8.168 -1.556
-2.907 8.175 -1.555
-2.884 8.19 -1.557
-2.862 8.21 -1.559
-2.837 8.223 -1.56
-2.823 8.223 -1.559
-2.8 8.241 -1.561
-2.772 8.243 -1.559
-2.748 8.257 -1.56
-2.722 8.266 -1.56
-2.698 8.28 -1.562
-2.671 8.286 -1.561
-2.667 8.317 -1.566
-2.642 8.331 -1.568
-2.617 8.341 -1.568
-2.587 8.34 -1.566
-2.569 8.372 -1.571
-2.543 8.38 -1.571
-2.522 8.409 -1.575
-2.515 8.431 -1.579
-2.49 8.443 -1.58
-2.464 8.455 -1.581
-2.438 8.464 -1.581
-2.412 8.474 -1.581
-2.391 8.502 -1.585
-2.38 8.511 -1.587
-2.361 8.547 -1.592
-2.348 8.608 -1.603
-2.326 8.63 -1.606
-2.307 8.67 -1.612
-2.282 8.686 -1.614
-2.259 8.707 -1.617
-2.644 10.084 -1.53
-2.616 10.107 -1.533
-2.59 10.136 -1.536
-2.561 10.156 -1.538
-2.536 10.191 -1.542
-2.504 10.199 -1.542
-2.476 10.224 -1.545
-2.456 10.214 -1.543
-2.427 10.235 -1.545
-2.402 10.27 -1.55
-2.385 10.345 -1.561
-2.369 10.421 -1.572
-2.345 10.469 -1.578
-2.313 10.48 -1.579
-2.299 10.494 -1.581
-2.803 12.933 -1.493
-2.767 12.964 -1.496
-2.731 12.996 -1.499
-2.692 13.012 -1.5
-2.651 13.018 -1.5
-2.613 13.042 -1.502
-2.595 13.058 -1.503
-2.556 13.08 -1.505
-2.516 13.093 -1.506
-2.477 13.109 -1.507
-2.437 13.125 -1.508
-2.401 13.161 -1.512
-2.375 13.257 -1.523
-2.374 13.374 -1.538
-2.343 13.446 -1.546
-3.303 16.285 -1.432
-3.256 16.315 -1.434
-3.207 16.337 -1.435
-3.161 16.376 -1.438
-3.114 16.41 -1.44
-3.063 16.419 -1.44
-3.015 16.452 -1.443
-2.99 16.459 -1.443
-2.941 16.486 -1.445
-2.891 16.501 -1.445
-2.842 16.526 -1.447
-2.792 16.548 -1.448
-2.742 16.567 -1.449
-2.691 16.583 -1.45
-2.665 16.589 -1.45
-2.614 16.602 -1.451
-2.56 16.6 -1.45
-2.516 16.663 -1.455
-2.464 16.673 -1.455
-2.431 16.814 -1.469
-2.397 16.954 -1.482
-2.381 17.032 -1.489
-3.233 20.931 -1.359
-3.17 20.961 -1.361
-3.11 21.01 -1.364
-3.045 21.026 -1.364
-2.987 21.091 -1.368
-2.922 21.114 -1.369
-2.86 21.157 -1.372
-2.829 21.175 -1.373
-2.763 21.188 -1.373
-2.703 21.246 -1.377
-2.646 21.335 -1.383
-2.579 21.345 -1.383
-2.52 21.419 -1.388
-2.469 21.563 -1.398
-2.451 21.706 -1.408
-2.381 21.7 -1.407
-2.315 21.729 -1.409
