-1.23218 -0.189709 0.0114371 -0.000221263
-4.434 0.0559998 -1.565
-4.447 0.0699998 -1.57
-4.469 0.0849998 -1.579
-4.48 0.0989998 -1.583
-4.489 0.114 -1.586
-4.494 0.121 -1.588
-4.514 0.136 -1.596
-4.536 0.151 -1.605
-4.547 0.166 -1.609
-4.556 0.18 -1.613
-4.568 0.195 -1.618
-4.57 0.21 -1.618
-2.225 6.159 -1.656
-2.209 6.175 -1.659
-2.202 6.188 -1.662
-2.184 6.197 -1.662
-2.165 6.207 -1.663
-2.149 6.223 -1.666
-2.133 6.239 -1.668
-2.121 6.269 -1.675
-2.101 6.276 -1.675
-2.089 6.272 -1.673
-2.071 6.282 -1.674
-2.051 6.29 -1.675
-2.035 6.306 -1.677
-2.012 6.303 -1.675
-1.994 6.315 -1.676
-1.974 6.321 -1.676
-1.972 6.348 -1.683
-1.956 6.369 -1.687
-1.945 6.405 -1.696
-1.934 6.44 -1.704
-1.916 6.454 -1.706
-1.896 6.46 -1.706
-1.887 6.468 -1.708
-2.332 6.885 -1.561
-2.351 6.977 -1.582
-2.355 7.062 -1.601
-2.356 7.137 -1.618
-2.348 7.187 -1.628
-2.184 8.934 -1.656
-2.159 8.954 -1.659
-2.148 8.969 -1.661
-2.124 8.995 -1.665
-2.097 9.007 -1.666
-2.072 9.025 -1.668
-2.043 9.03 -1.668
-2.017 9.048 -1.67
-1.992 9.067 -1.673
-1.98 9.084 -1.676
-1.962 9.136 -1.685
-1.945 9.196 -1.695
-1.923 9.237 -1.702
-1.893 9.239 -1.701
-1.872 9.281 -1.709
-2.233 10.925 -1.646
-2.202 10.952 -1.649
-2.173 10.982 -1.652
-2.148 11.039 -1.661
-2.117 11.065 -1.664
-2.084 11.081 -1.665
-2.056 11.121 -1.671
-2.04 11.132 -1.672
-2.01 11.169 -1.677
-1.988 11.249 -1.689
-1.963 11.31 -1.698
-2.154 14.363 -1.658
-2.113 14.397 -1.662
-2.071 14.425 -1.665
-2.051 14.452 -1.668
-2.012 14.501 -1.673
-1.987 14.661 -1.693
-1.953 14.764 -1.705
-1.912 14.807 -1.71
-2.364 18.591 -1.641
-2.336 18.611 -1.642
-2.282 18.651 -1.645
-2.215 18.591 -1.639
-2.158 18.604 -1.639
-2.119 18.787 -1.657
-2.065 18.839 -1.661
-2.02 18.974 -1.674
-2.037 19.414 -1.717
