2.14031 0.282821 0.080184 -0.010468
4.461 5.477 -1.796
4.475 5.459 -1.795
4.471 5.437 -1.789
4.465 5.394 -1.78
4.47 5.365 -1.774
4.47 5.332 -1.767
4.471 5.299 -1.761
4.476 5.271 -1.756
4.471 5.248 -1.75
4.47 5.214 -1.743
4.45 6.968 -1.792
4.466 6.945 -1.789
4.487 6.929 -1.789
4.495 6.893 -1.783
4.499 6.853 -1.776
4.515 6.831 -1.774
4.499 6.783 -1.762
4.5 6.738 -1.754
4.503 6.696 -1.746
4.5 6.647 -1.736
13.414 5.184 -1.64
13.352 5.112 -1.629
13.265 5.055 -1.616
13.274 5.011 -1.615
13.196 4.935 -1.603
13.137 4.866 -1.593
13.154 4.825 -1.593
13.356 4.851 -1.618
13.358 4.804 -1.616
13.112 4.693 -1.582
9.579 14.706 -1.524
9.6 14.637 -1.519
9.586 14.516 -1.508
9.532 14.384 -1.495
9.513 14.258 -1.483
9.491 14.129 -1.472
