-2.09076 0.025628 -4.16416e-05 -1.45341e-05
-3.67 1.158 -1.505
-3.693 1.179 -1.517
-3.71 1.197 -1.526
-3.724 1.215 -1.534
-3.743 1.227 -1.543
-3.765 1.248 -1.555
-3.786 1.268 -1.566
-4.233 1.706 -1.481
-4.249 1.727 -1.489
-4.266 1.75 -1.498
-4.283 1.764 -1.505
-4.303 1.788 -1.515
-4.34 1.819 -1.531
-4.334 1.833 -1.531
-4.328 1.847 -1.531
-4.331 1.864 -1.534
-2.127 6.1 -1.632
-2.113 6.121 -1.636
-2.095 6.131 -1.638
-2.077 6.14 -1.638
-2.061 6.155 -1.641
-2.043 6.167 -1.642
-2.025 6.179 -1.644
-2.015 6.18 -1.643
-1.999 6.196 -1.646
-1.979 6.2 -1.645
-1.965 6.225 -1.651
-1.94 6.214 -1.646
-1.924 6.232 -1.649
-1.907 6.245 -1.651
-1.899 6.253 -1.653
-1.885 6.28 -1.658
-1.873 6.31 -1.665
-1.864 6.353 -1.676
-1.85 6.379 -1.682
-1.833 6.396 -1.685
-2.022 7.259 -1.623
-2.004 7.282 -1.627
-1.993 7.332 -1.637
-1.965 7.318 -1.632
-1.956 7.332 -1.635
-1.941 7.366 -1.641
-1.914 7.357 -1.638
-1.893 7.373 -1.64
-1.876 7.403 -1.646
-1.853 7.411 -1.646
-1.846 7.479 -1.661
-1.847 7.535 -1.674
-1.827 7.554 -1.677
-1.977 8.745 -1.611
-1.959 8.789 -1.619
-1.933 8.805 -1.621
-1.91 8.83 -1.625
-1.897 8.837 -1.625
-1.87 8.85 -1.627
-1.848 8.879 -1.631
-1.827 8.92 -1.638
-1.813 8.997 -1.652
-1.793 9.041 -1.66
-1.766 9.054 -1.661
-1.754 9.068 -1.664
-2.007 10.495 -1.571
-1.977 10.517 -1.574
-1.953 10.571 -1.582
-1.921 10.587 -1.583
-1.907 10.606 -1.586
-1.873 10.604 -1.585
-1.841 10.621 -1.587
-1.817 10.68 -1.595
-1.8 10.781 -1.61
-1.779 10.866 -1.623
-1.934 13.463 -1.54
-1.896 13.5 -1.544
-1.862 13.565 -1.552
-1.843 13.584 -1.554
-1.8 13.589 -1.554
-1.76 13.616 -1.557
-1.73 13.726 -1.57
-1.699 13.83 -1.583
-1.664 13.908 -1.592
-1.911 16.965 -1.477
-1.861 17.001 -1.48
-1.821 17.127 -1.492
-1.771 17.169 -1.495
-1.717 17.178 -1.495
-1.7 17.278 -1.505
-1.666 17.495 -1.526
-1.617 17.562 -1.532
-2.195 28.567 -1.235
-2.109 28.621 -1.237
-2.067 28.666 -1.24
-1.978 28.691 -1.24
-1.893 28.767 -1.244
-1.805 28.816 -1.246
-1.719 28.906 -1.25
-1.64 29.104 -1.26
-1.558 29.295 -1.269
-1.523 29.493 -1.279
-1.443 29.769 -1.293
-1.351 29.803 -1.294
-1.25 29.637 -1.286
