2.44852 -0.20026 0.0288336 -0.00140523
2.018 3.796 -1.695
2.011 3.755 -1.679
2.018 3.739 -1.674
2.023 3.722 -1.668
2.029 3.704 -1.663
2.027 3.673 -1.651
2.021 3.649 -1.641
1.967 4.367 -1.7
1.979 4.358 -1.699
1.982 4.329 -1.689
1.988 4.306 -1.682
1.993 4.283 -1.675
1.997 4.256 -1.667
2.001 4.23 -1.658
1.995 4.201 -1.647
1.942 5.516 -1.688
1.956 5.5 -1.685
1.966 5.474 -1.679
1.978 5.452 -1.674
1.984 5.417 -1.664
1.988 5.375 -1.652
1.993 5.335 -1.641
1.987 5.294 -1.629
1.934 6.346 -1.679
1.952 6.334 -1.678
1.962 6.297 -1.669
1.972 6.259 -1.66
1.976 6.203 -1.646
1.978 6.14 -1.63
1.989 6.11 -1.623
1.916 7.463 -1.662
1.937 7.45 -1.66
1.95 7.402 -1.65
1.957 7.336 -1.636
1.964 7.267 -1.621
1.972 7.207 -1.608
1.905 8.891 -1.636
1.933 8.883 -1.636
1.945 8.804 -1.621
1.954 8.714 -1.604
1.949 8.628 -1.588
1.958 8.54 -1.572
1.809 10.797 -1.613
1.842 10.788 -1.613
1.876 10.778 -1.612
1.882 10.715 -1.602
1.898 10.606 -1.586
1.911 10.489 -1.568
1.919 10.349 -1.546
1.928 10.214 -1.525
1.814 13.804 -1.581
1.858 13.804 -1.582
1.89 13.713 -1.571
1.881 13.5 -1.544
1.893 13.284 -1.517
1.91 13.105 -1.495
1.945 13.058 -1.489
4.444 37.044 -1.456
4.515 36.665 -1.439
4.588 36.315 -1.424
4.638 36.256 -1.422
4.751 36.236 -1.422
4.865 36.221 -1.422
4.979 36.205 -1.422
5.089 36.164 -1.421
5.203 36.147 -1.421
5.309 36.084 -1.419
5.358 36.026 -1.416
5.466 35.973 -1.415
5.555 35.802 -1.408
5.644 35.636 -1.401
49.836 35.866 -1.082
49.428 35.455 -1.07
49.043 34.947 -1.058
48.689 34.464 -1.046
48.346 33.994 -1.034
48.001 33.527 -1.023
