-1.8308 -0.138478 0.0183367 -0.000820126
-2.133 3.645 -1.663
-2.131 3.669 -1.672
-2.129 3.692 -1.679
-2.127 3.716 -1.688
-2.133 3.754 -1.703
-2.123 3.765 -1.705
-2.126 3.785 -1.713
-2.145 4.118 -1.645
-2.141 4.142 -1.652
-2.144 4.18 -1.665
-2.145 4.198 -1.672
-2.144 4.23 -1.682
-2.146 4.267 -1.695
-2.157 4.723 -1.648
-2.155 4.759 -1.659
-2.153 4.794 -1.669
-2.148 4.823 -1.678
-2.15 4.87 -1.692
-2.146 4.903 -1.702
-2.132 4.913 -1.703
-2.171 5.232 -1.632
-2.172 5.281 -1.646
-2.168 5.317 -1.656
-2.166 5.36 -1.668
-2.16 5.395 -1.677
-2.155 5.432 -1.687
-2.15 5.442 -1.689
-2.172 6.043 -1.622
-2.166 6.088 -1.633
-2.165 6.146 -1.647
-2.169 6.187 -1.658
-2.165 6.238 -1.671
-2.16 6.285 -1.683
-2.18 8.627 -1.598
-2.175 8.722 -1.616
-2.171 8.822 -1.635
-2.163 8.909 -1.65
-2.15 8.979 -1.663
-2.125 8.997 -1.665
-2.218 8.531 -1.274
-2.236 8.71 -1.303
-2.222 8.768 -1.311
-2.17 8.68 -1.295
-2.188 8.867 -1.325
-18.167 11.507 -1.383
-18.163 11.584 -1.386
-18.138 11.649 -1.387
-18.122 11.719 -1.389
-18.106 11.79 -1.391
-18.099 11.866 -1.393
-18.09 11.942 -1.396
-18.1 11.989 -1.398
-18.069 12.05 -1.399
-18.047 12.118 -1.4
-18.039 12.194 -1.403
-18.017 12.262 -1.405
-18.001 12.334 -1.407
-17.974 12.399 -1.408
-17.979 12.444 -1.41
-17.961 12.515 -1.412
-17.935 12.581 -1.413
-17.917 12.652 -1.415
-17.893 12.72 -1.416
-17.874 12.791 -1.418
-17.853 12.861 -1.42
-17.852 12.903 -1.422
-17.831 12.973 -1.424
-17.802 13.037 -1.425
-17.783 13.11 -1.427
-17.75 13.171 -1.427
-17.718 13.234 -1.428
-17.695 13.304 -1.43
-17.695 13.348 -1.432
-17.675 13.42 -1.434
-17.644 13.484 -1.435
-9.504 40.731 -1.657
-9.392 40.826 -1.66
-9.275 40.906 -1.662
-9.155 40.974 -1.664
-9.05 41.114 -1.669
-9.035 41.67 -1.693
-8.925 41.794 -1.697
-8.915 42.073 -1.709
