-3.36414 0.177835 -0.00885281 0.000140893
-2.8 2.934 -1.592
-2.805 2.957 -1.601
-2.814 2.976 -1.609
-2.807 2.988 -1.611
-2.81 3.01 -1.619
-2.794 3.012 -1.615
-2.803 3.042 -1.626
-2.804 3.061 -1.633
-2.803 3.08 -1.638
-2.804 3.101 -1.645
-2.803 3.109 -1.647
-2.809 3.484 -1.581
-2.81 3.509 -1.588
-2.813 3.524 -1.593
-2.805 3.537 -1.596
-2.806 3.561 -1.603
-2.802 3.58 -1.608
-2.803 3.604 -1.615
-2.798 3.621 -1.619
-2.798 3.645 -1.626
-2.792 3.661 -1.63
-2.795 3.678 -1.635
-3.588 1.589 -1.257
-3.591 1.597 -1.259
-3.618 1.623 -1.271
-3.649 1.65 -1.285
-3.649 1.664 -1.287
-3.73 1.714 -1.32
-3.733 1.73 -1.324
-3.73 1.742 -1.324
-2.552 6.062 -1.664
-2.537 6.079 -1.667
-2.52 6.093 -1.668
-2.505 6.111 -1.672
-2.493 6.135 -1.676
-2.474 6.145 -1.677
-2.462 6.143 -1.675
-2.445 6.155 -1.676
-2.42 6.15 -1.673
-2.405 6.168 -1.676
-2.396 6.201 -1.683
-2.378 6.214 -1.685
-2.366 6.241 -1.69
-2.37 6.281 -1.701
-2.357 6.306 -1.706
-2.352 6.353 -1.718
-2.332 6.359 -1.717
-2.567 7.236 -1.655
-2.546 7.25 -1.657
-2.525 7.261 -1.658
-2.504 7.275 -1.659
-2.494 7.321 -1.669
-2.468 7.32 -1.666
-2.464 7.346 -1.672
-2.438 7.344 -1.669
-2.418 7.361 -1.672
-2.39 7.356 -1.669
-2.373 7.38 -1.673
-2.354 7.402 -1.676
-2.338 7.43 -1.681
-2.338 7.473 -1.691
-2.329 7.525 -1.701
-2.314 7.562 -1.709
-2.293 7.576 -1.711
-2.462 8.857 -1.655
-2.442 8.891 -1.661
-2.415 8.905 -1.662
-2.398 8.952 -1.67
-2.37 8.958 -1.669
-2.34 8.961 -1.669
-2.331 8.984 -1.673
-2.31 9.016 -1.677
-2.294 9.073 -1.687
-2.282 9.144 -1.7
-2.258 9.173 -1.704
-2.236 9.208 -1.71
-2.443 10.824 -1.637
-2.435 10.866 -1.643
-2.399 10.868 -1.642
-2.372 10.906 -1.647
-2.337 10.912 -1.647
-2.305 10.929 -1.648
-2.276 10.961 -1.652
-2.257 11.041 -1.664
-2.257 11.13 -1.678
-2.23 11.178 -1.685
-2.197 11.193 -1.686
-2.164 11.213 -1.688
-2.38 14.734 -1.633
-2.34 14.783 -1.638
-2.293 14.784 -1.637
-2.276 14.829 -1.643
-2.23 14.84 -1.643
-2.19 14.888 -1.648
-2.154 14.972 -1.658
-2.132 15.155 -1.68
-2.092 15.217 -1.686
-2.129 24.29 -1.595
-2.062 24.414 -1.604
-1.99 24.466 -1.607
-1.922 24.585 -1.616
-1.867 24.891 -1.638
-1.842 25.081 -1.652
-1.754 24.96 -1.642
-1.674 24.939 -1.641
-1.597 24.964 -1.642
-1.518 24.965 -1.642
-1.441 24.998 -1.644
-1.364 25.02 -1.645
-1.326 25.042 -1.647
-1.248 25.064 -1.648
-1.169 25.062 -1.647
-1.091 25.093 -1.649
