-5.35996 1.01213 -0.112618 0.00394783
-2.668 5.917 -1.641
-2.655 5.938 -1.644
-2.639 5.952 -1.646
-2.631 5.959 -1.647
-2.619 5.983 -1.652
-2.594 5.978 -1.647
-2.583 6.003 -1.653
-2.564 6.011 -1.653
-2.547 6.023 -1.654
-2.536 6.023 -1.653
-2.521 6.04 -1.655
-2.503 6.052 -1.656
-2.49 6.074 -1.661
-2.47 6.08 -1.66
-2.449 6.082 -1.658
-2.435 6.104 -1.663
-2.43 6.119 -1.666
-2.411 6.126 -1.666
-2.392 6.134 -1.666
-2.377 6.154 -1.669
-2.362 6.172 -1.673
-2.346 6.189 -1.675
-2.343 6.237 -1.687
-2.342 6.266 -1.695
-2.61 7.109 -1.631
-2.595 7.137 -1.636
-2.574 7.151 -1.637
-2.554 7.164 -1.639
-2.539 7.157 -1.636
-2.519 7.173 -1.638
-2.501 7.193 -1.641
-2.474 7.19 -1.638
-2.454 7.203 -1.64
-2.435 7.222 -1.642
-2.414 7.235 -1.644
-2.41 7.261 -1.649
-2.383 7.258 -1.646
-2.364 7.274 -1.649
-2.355 7.326 -1.66
-2.344 7.371 -1.669
-2.331 7.41 -1.676
-2.319 7.452 -1.685
-3.059 7.506 -1.445
-3.071 7.603 -1.463
-3.05 7.62 -1.465
-3.066 7.729 -1.485
-3.05 7.759 -1.49
-3.054 7.804 -1.498
-3.034 7.826 -1.501
-3.015 7.851 -1.504
-2.816 10.469 -1.596
-2.786 10.489 -1.598
-2.754 10.502 -1.599
-2.74 10.514 -1.6
-2.71 10.536 -1.602
-2.68 10.556 -1.604
-2.651 10.581 -1.607
-2.615 10.578 -1.605
-2.581 10.582 -1.604
-2.553 10.613 -1.608
-2.539 10.625 -1.609
-2.505 10.631 -1.609
-2.474 10.65 -1.611
-2.441 10.662 -1.612
-2.416 10.704 -1.617
-2.397 10.777 -1.628
-2.379 10.858 -1.64
-2.369 10.893 -1.645
-2.337 10.91 -1.646
-2.919 13.576 -1.577
-2.878 13.591 -1.578
-2.837 13.612 -1.579
-2.797 13.634 -1.581
-2.756 13.649 -1.582
-2.713 13.661 -1.582
-2.694 13.677 -1.584
-2.652 13.691 -1.584
-2.612 13.711 -1.586
-2.569 13.723 -1.586
-2.53 13.751 -1.589
-2.486 13.755 -1.588
-2.445 13.776 -1.59
-2.431 13.827 -1.596
-2.408 13.952 -1.612
-2.381 14.063 -1.625
-2.345 14.116 -1.631
-3.07 17.359 -1.531
-3.021 17.398 -1.534
-2.968 17.419 -1.535
-2.919 17.461 -1.539
-2.866 17.482 -1.54
-2.813 17.501 -1.541
-2.789 17.529 -1.543
-2.738 17.565 -1.546
-2.685 17.585 -1.547
-2.635 17.631 -1.551
-2.582 17.651 -1.552
-2.529 17.677 -1.554
-2.476 17.705 -1.556
-2.47 17.866 -1.571
-2.427 17.964 -1.58
-2.374 18.002 -1.583
-2.852 23.275 -1.527
-2.787 23.351 -1.532
-2.723 23.437 -1.537
-2.659 23.531 -1.544
-2.621 23.531 -1.543
-2.561 23.666 -1.553
-2.527 24.055 -1.581
