-2.19558 0.0093887 -0.00211165 4.98265e-05
-2.392 7.06 -1.604
-2.374 7.08 -1.607
-2.36 7.112 -1.613
-2.339 7.125 -1.614
-2.318 7.136 -1.615
-2.298 7.15 -1.617
-2.287 7.156 -1.617
-2.273 7.187 -1.623
-2.25 7.194 -1.623
-2.227 7.201 -1.623
-2.211 7.227 -1.627
-2.201 7.276 -1.638
-2.191 7.324 -1.648
-2.189 7.359 -1.655
-2.174 7.396 -1.663
-2.647 8.483 -1.596
-2.637 8.497 -1.598
-2.609 8.501 -1.597
-2.583 8.513 -1.598
-2.559 8.529 -1.6
-2.526 8.518 -1.596
-2.505 8.545 -1.6
-2.481 8.562 -1.601
-2.469 8.572 -1.603
-2.441 8.576 -1.602
-2.41 8.566 -1.598
-2.39 8.6 -1.604
-2.359 8.594 -1.601
-2.335 8.611 -1.603
-2.317 8.6 -1.6
-2.296 8.63 -1.604
-2.269 8.635 -1.604
-2.247 8.663 -1.608
-2.226 8.695 -1.613
-2.212 8.751 -1.623
-2.199 8.819 -1.635
-2.195 8.86 -1.643
-2.176 8.904 -1.65
-2.787 13.369 -1.547
-2.768 13.383 -1.549
-2.73 13.413 -1.551
-2.689 13.427 -1.552
-2.649 13.444 -1.553
-2.609 13.465 -1.555
-2.568 13.481 -1.556
-2.528 13.499 -1.557
-2.508 13.513 -1.559
-2.467 13.527 -1.559
-2.426 13.546 -1.561
-2.383 13.548 -1.56
-2.342 13.567 -1.562
-2.302 13.588 -1.563
-2.282 13.603 -1.565
-2.249 13.669 -1.572
-2.228 13.815 -1.59
-2.194 13.877 -1.598
-2.534 17.139 -1.502
-2.492 17.232 -1.51
-2.443 17.277 -1.514
-2.393 17.312 -1.516
-2.346 17.375 -1.522
-2.295 17.412 -1.525
-2.287 17.559 -1.539
-2.25 17.705 -1.553
-2.197 17.733 -1.555
-2.982 22.05 -1.438
-2.921 22.122 -1.443
-2.855 22.151 -1.444
-2.791 22.206 -1.448
-2.756 22.214 -1.448
-2.694 22.284 -1.453
-2.625 22.304 -1.454
-2.558 22.334 -1.455
-2.489 22.356 -1.456
-2.421 22.381 -1.457
-2.359 22.468 -1.463
-2.348 22.708 -1.481
-2.29 22.84 -1.49
-2.22 22.863 -1.491
