3.30131 -1.49246 0.105092 -0.00211581
-2.948 7.212 -1.682
-2.931 7.234 -1.685
-2.919 7.27 -1.692
-2.904 7.265 -1.689
-2.879 7.271 -1.688
-2.859 7.287 -1.69
-2.84 7.305 -1.692
-2.824 7.33 -1.697
-2.805 7.352 -1.7
-2.799 7.369 -1.703
-2.773 7.372 -1.701
-2.748 7.375 -1.7
-2.729 7.395 -1.703
-2.704 7.398 -1.701
-2.687 7.423 -1.706
-2.681 7.479 -1.717
-2.679 7.513 -1.725
-2.668 7.554 -1.733
-2.644 7.564 -1.733
-2.623 7.578 -1.734
-2.994 8.897 -1.693
-2.968 8.912 -1.694
-2.944 8.935 -1.697
-2.92 8.955 -1.699
-2.908 8.965 -1.7
-2.89 9.006 -1.707
-2.86 9.011 -1.706
-2.836 9.033 -1.709
-2.81 9.05 -1.71
-2.781 9.057 -1.71
-2.757 9.078 -1.712
-2.748 9.1 -1.716
-2.733 9.155 -1.725
-2.717 9.205 -1.734
-2.696 9.242 -1.739
-2.674 9.273 -1.744
-3.639 7.205 -1.156
-3.66 7.303 -1.172
-3.672 7.383 -1.184
-3.693 7.483 -1.2
-3.695 7.517 -1.205
-3.711 7.61 -1.219
-3.534 27.713 -1.857
-3.467 27.886 -1.869
-3.394 28.02 -1.879
-3.332 28.248 -1.895
-3.254 28.349 -1.901
-3.211 28.372 -1.903
-3.131 28.46 -1.909
-19.065 33.882 -0.61
-19.052 34.109 -0.614
-19.036 34.333 -0.618
-19.046 34.609 -0.623
-19.097 34.831 -0.628
-19.1 35.097 -0.633
-19.093 35.348 -0.637
-19.146 35.715 -0.645
-19.342 36.356 -0.658
-19.357 36.662 -0.664
