-3.54155 -0.627902 0.145797 -0.00704264
-3.897 0.818 -1.561
-3.928 0.838 -1.576
-3.942 0.854 -1.583
-3.948 0.868 -1.587
-3.956 0.877 -1.591
-3.992 0.898 -1.608
-3.991 0.911 -1.609
-4.003 0.927 -1.615
-4.422 0.664 -1.449
-4.444 0.682 -1.457
-4.447 0.696 -1.459
-4.455 0.712 -1.462
-4.477 0.73 -1.471
-4.497 0.747 -1.479
-4.502 0.763 -1.482
-4.528 0.774 -1.492
-4.55 0.793 -1.5
-5.009 1.119 -1.467
-5.086 1.144 -1.492
-5.14 1.173 -1.51
-5.142 1.19 -1.512
-5.082 1.194 -1.494
-5.09 1.212 -1.498
-5.151 1.244 -1.519
-5.14 1.258 -1.516
-5.149 1.269 -1.52
-5.143 1.284 -1.519
-5.152 1.304 -1.523
-5.146 1.32 -1.523
-5.153 1.339 -1.526
-5.167 1.359 -1.532
-5.18 1.38 -1.538
-5.177 1.388 -1.538
-5.626 1.746 -1.478
-5.672 1.78 -1.492
-5.681 1.802 -1.497
-5.758 1.846 -1.52
-5.666 1.837 -1.496
-5.732 1.878 -1.516
-5.773 1.901 -1.529
-5.619 1.015 -1.2
-5.674 1.043 -1.213
-5.778 1.08 -1.238
-5.791 1.092 -1.242
-5.753 1.104 -1.234
-5.859 1.142 -1.26
-5.876 1.165 -1.265
-5.917 1.192 -1.275
-2.754 7.983 -1.511
-2.751 8.055 -1.524
-2.752 8.144 -1.54
-2.751 8.223 -1.554
-2.734 8.259 -1.56
-2.708 8.268 -1.56
-2.706 8.304 -1.566
-2.688 8.339 -1.572
-3.353 8.624 -1.344
-3.363 8.731 -1.36
-3.266 8.562 -1.33
-3.289 8.703 -1.352
-3.283 8.727 -1.355
-3.232 8.676 -1.345
-3.215 8.714 -1.35
-3.215 8.797 -1.362
-3.195 8.829 -1.366
-3.14 8.763 -1.353
-3.107 8.758 -1.35
-3.109 8.807 -1.358
-3.066 8.772 -1.35
-3.036 8.774 -1.349
-3.051 8.909 -1.37
-3.079 9.083 -1.398
-3.079 9.177 -1.412
-3.086 9.293 -1.43
-2.898 12.978 -1.501
-2.883 13.005 -1.504
-2.843 13.018 -1.505
-2.807 13.048 -1.508
-2.76 13.03 -1.504
-2.737 13.124 -1.515
-2.693 13.119 -1.514
-2.655 13.147 -1.516
-2.635 13.155 -1.517
-2.594 13.165 -1.517
-2.557 13.195 -1.52
-2.515 13.201 -1.519
-2.477 13.224 -1.521
-2.437 13.242 -1.523
-2.421 13.275 -1.527
-2.394 13.364 -1.537
-2.371 13.477 -1.551
-2.339 13.547 -1.559
-2.3 13.578 -1.562
-3.061 16.551 -1.453
-3.038 16.572 -1.455
-2.99 16.609 -1.457
-2.939 16.622 -1.458
-2.887 16.631 -1.458
-2.833 16.63 -1.457
-2.783 16.657 -1.459
-2.735 16.691 -1.461
-2.711 16.707 -1.462
-2.663 16.741 -1.465
-2.612 16.761 -1.466
-2.564 16.803 -1.469
-2.514 16.828 -1.471
-2.464 16.856 -1.473
-2.455 16.98 -1.485
-2.428 17.171 -1.503
-2.985 21.321 -1.385
-2.927 21.393 -1.39
-2.897 21.427 -1.392
-2.834 21.468 -1.394
-2.774 21.534 -1.399
-2.71 21.572 -1.401
-2.653 21.662 -1.407
-2.59 21.714 -1.41
-2.525 21.754 -1.412
-2.515 21.962 -1.427
-2.462 22.112 -1.438
