-4.86228 0.400957 -0.017337 0.000124455
-3.663 1.502 -1.552
-3.688 1.519 -1.564
-3.719 1.546 -1.581
-3.735 1.566 -1.59
-3.76 1.591 -1.604
-3.767 1.608 -1.609
-4.017 1.806 -1.554
-4.037 1.831 -1.564
-4.06 1.857 -1.576
-4.084 1.884 -1.589
-4.109 1.911 -1.602
-4.113 1.921 -1.605
-4.297 1.336 -1.458
-4.318 1.357 -1.468
-4.324 1.374 -1.472
-4.333 1.392 -1.476
-4.337 1.408 -1.48
-4.335 1.422 -1.48
-4.336 1.43 -1.482
-4.34 1.447 -1.485
-4.345 1.463 -1.488
-4.344 1.478 -1.49
-4.346 1.494 -1.492
-4.354 1.512 -1.497
-4.353 1.527 -1.498
-4.357 1.544 -1.502
-4.362 1.553 -1.504
-4.362 1.569 -1.506
-4.368 1.586 -1.51
-4.746 2.52 -1.542
-4.802 2.569 -1.564
-4.827 2.592 -1.574
-4.859 2.629 -1.588
-4.881 2.66 -1.599
-4.885 2.682 -1.603
-5.305 3.087 -1.545
-5.349 3.123 -1.56
-5.399 3.175 -1.579
-5.45 3.228 -1.598
-6.138 3.094 -1.469
-6.177 3.138 -1.482
-6.179 3.163 -1.485
-6.195 3.196 -1.492
-6.195 3.221 -1.494
-6.187 3.229 -1.493
-6.19 3.255 -1.497
-6.194 3.282 -1.501
-6.178 3.299 -1.499
-6.197 3.334 -1.507
-6.192 3.356 -1.508
-6.205 3.388 -1.515
-6.214 3.405 -1.518
-6.22 3.434 -1.523
-6.238 3.47 -1.53
-2.793 8.523 -1.612
-2.768 8.538 -1.613
-2.764 8.57 -1.619
-2.738 8.582 -1.62
-2.712 8.595 -1.62
-2.685 8.603 -1.62
-2.664 8.63 -1.624
-2.638 8.644 -1.625
-2.628 8.66 -1.628
-2.598 8.659 -1.626
-2.578 8.691 -1.631
-2.55 8.697 -1.63
-2.529 8.724 -1.634
-2.499 8.724 -1.633
-2.482 8.768 -1.64
-2.459 8.74 -1.633
-2.439 8.776 -1.639
-2.414 8.791 -1.641
-2.382 8.782 -1.637
-2.359 8.806 -1.641
-2.333 8.819 -1.642
-2.308 8.84 -1.644
-2.298 8.857 -1.647
-2.283 8.915 -1.657
-2.271 8.985 -1.67
-2.253 9.03 -1.677
-2.226 9.045 -1.679
-2.2 9.059 -1.681
-2.703 10.242 -1.557
-2.724 10.453 -1.59
-2.703 10.509 -1.598
-2.678 10.548 -1.603
-2.651 10.579 -1.607
-2.625 10.616 -1.611
-2.649 13.672 -1.582
-2.61 13.702 -1.585
-2.57 13.727 -1.587
-2.529 13.745 -1.588
-2.49 13.776 -1.591
-2.47 13.792 -1.593
-2.432 13.829 -1.597
-2.391 13.85 -1.598
-2.353 13.891 -1.603
-2.325 13.996 -1.615
-2.296 14.097 -1.628
-2.261 14.159 -1.635
-2.622 17.541 -1.542
-2.569 17.567 -1.544
-2.519 17.606 -1.547
-2.499 17.669 -1.553
-2.447 17.7 -1.555
-2.401 17.779 -1.562
-2.363 17.915 -1.575
-2.33 18.102 -1.592
-2.275 18.127 -1.594
