-5.28443 -0.281788 0.165134 -0.0101974
-1.996 3.699 -1.654
-1.994 3.723 -1.663
-1.983 3.731 -1.664
-1.97 3.735 -1.663
-1.964 3.753 -1.668
-1.958 3.771 -1.674
-1.938 3.76 -1.666
-1.933 3.765 -1.667
-1.932 3.792 -1.677
-1.918 3.794 -1.675
-1.916 3.819 -1.684
-1.907 3.832 -1.687
-1.9 3.848 -1.692
-1.899 3.877 -1.703
-1.895 3.885 -1.705
-3.241 0.0699999 -1.044
-3.25 0.0799999 -1.048
-3.252 0.0909999 -1.048
-3.266 0.101 -1.054
-3.343 0.115 -1.081
-3.384 0.127 -1.096
-3.091 3.337 -1.286
-3.087 3.353 -1.289
-3.079 3.366 -1.291
-3.074 3.371 -1.291
-3.082 3.401 -1.299
-3.105 3.448 -1.315
-3.148 3.517 -1.34
-3.142 3.533 -1.342
-3.127 3.538 -1.34
-4.597 3.631 -1.469
-4.64 3.689 -1.488
-4.69 3.752 -1.509
-4.703 3.786 -1.518
-4.715 3.82 -1.526
-4.709 3.84 -1.528
-5.267 3.597 -1.354
-5.368 3.677 -1.384
-5.431 3.745 -1.405
-5.485 3.807 -1.423
-5.516 3.854 -1.436
-1.978 8.809 -1.623
-1.967 8.827 -1.627
-1.944 8.855 -1.631
-1.916 8.859 -1.63
-1.89 8.874 -1.632
-1.866 8.899 -1.636
-1.845 8.936 -1.642
-1.824 8.978 -1.649
-1.822 9.039 -1.661
-1.797 9.062 -1.664
-1.774 9.092 -1.669
-1.749 9.121 -1.674
-1.995 10.614 -1.59
-1.97 10.667 -1.597
-1.942 10.698 -1.601
-1.908 10.704 -1.601
-1.877 10.724 -1.603
-1.845 10.741 -1.605
-1.817 10.782 -1.611
-1.811 10.845 -1.621
-1.797 10.973 -1.641
-2.016 13.581 -1.557
-1.976 13.601 -1.559
-1.955 13.61 -1.559
-1.915 13.632 -1.561
-1.877 13.679 -1.567
-1.838 13.708 -1.57
-1.797 13.738 -1.573
-1.758 13.773 -1.577
-1.72 13.82 -1.582
-1.714 13.954 -1.599
-1.679 14.032 -1.608
-1.97 21.727 -1.406
-1.912 21.848 -1.415
-1.851 21.945 -1.421
-1.786 21.993 -1.425
-1.759 22.089 -1.431
-1.695 22.17 -1.437
-1.631 22.247 -1.442
-1.579 22.503 -1.461
-2.251 29.286 -1.271
-2.161 29.319 -1.273
-2.072 29.373 -1.275
-1.979 29.367 -1.274
-1.89 29.417 -1.277
-1.8 29.471 -1.279
-1.756 29.512 -1.281
-1.665 29.541 -1.282
-1.583 29.757 -1.293
-1.497 29.908 -1.3
-1.419 30.242 -1.317
-1.329 30.354 -1.322
-1.233 30.356 -1.322
