-1.97502 -0.0390773 0.00199623 -4.8274e-05
-2.286 6.061 -1.637
-2.272 6.08 -1.641
-2.258 6.102 -1.645
-2.242 6.116 -1.647
-2.225 6.131 -1.649
-2.205 6.134 -1.648
-2.187 6.144 -1.649
-2.182 6.161 -1.653
-2.161 6.164 -1.652
-2.142 6.17 -1.652
-2.125 6.184 -1.654
-2.105 6.189 -1.653
-2.09 6.209 -1.657
-2.085 6.228 -1.662
-2.071 6.251 -1.666
-2.064 6.294 -1.677
-2.049 6.316 -1.681
-2.033 6.335 -1.685
-2.016 6.35 -1.687
-1.999 6.364 -1.689
-2.213 7.077 -1.595
-2.201 7.116 -1.602
-2.193 7.171 -1.614
-2.172 7.183 -1.615
-2.155 7.207 -1.619
-2.132 7.214 -1.619
-2.118 7.208 -1.617
-2.107 7.253 -1.627
-2.089 7.275 -1.63
-2.079 7.326 -1.641
-2.065 7.365 -1.649
-2.045 7.383 -1.651
-2.534 8.446 -1.583
-2.512 8.469 -1.586
-2.487 8.483 -1.587
-2.461 8.494 -1.588
-2.436 8.508 -1.589
-2.423 8.511 -1.589
-2.4 8.532 -1.592
-2.374 8.542 -1.592
-2.349 8.558 -1.594
-2.322 8.566 -1.594
-2.294 8.567 -1.593
-2.271 8.588 -1.595
-2.259 8.597 -1.596
-2.232 8.606 -1.597
-2.206 8.617 -1.598
-2.177 8.614 -1.596
-2.157 8.649 -1.601
-2.128 8.649 -1.6
-2.109 8.69 -1.607
-2.11 8.752 -1.619
-2.092 8.801 -1.627
-2.071 8.836 -1.633
-2.62 10.19 -1.545
-2.597 10.23 -1.551
-2.567 10.246 -1.552
-2.539 10.273 -1.555
-2.531 10.31 -1.561
-2.5 10.322 -1.561
-2.469 10.337 -1.562
-2.438 10.35 -1.563
-2.404 10.352 -1.562
-2.371 10.358 -1.562
-2.341 10.375 -1.564
-2.326 10.386 -1.565
-2.291 10.382 -1.563
-2.262 10.405 -1.566
-2.232 10.423 -1.567
-2.204 10.453 -1.571
-2.177 10.487 -1.576
-2.167 10.525 -1.581
-2.149 10.606 -1.593
-2.123 10.645 -1.598
-2.093 10.669 -1.601
-2.446 16.73 -1.46
-2.427 16.787 -1.466
-2.383 16.855 -1.472
-2.336 16.904 -1.476
-2.286 16.933 -1.478
-2.243 17.021 -1.486
-2.216 17.229 -1.506
-2.198 17.304 -1.513
-2.146 17.33 -1.515
-2.699 21.479 -1.394
-2.636 21.527 -1.397
-2.571 21.555 -1.398
-2.54 21.589 -1.4
-2.481 21.674 -1.406
-2.42 21.743 -1.411
-2.362 21.838 -1.417
-2.323 22.133 -1.439
-2.265 22.247 -1.446
-2.915 29.91 -1.305
-2.824 29.954 -1.307
-2.736 30.025 -1.31
-2.648 30.103 -1.314
-2.56 30.193 -1.318
-2.477 30.35 -1.325
-2.422 30.865 -1.351
-2.382 30.969 -1.356
