-4.74026 0.705305 -0.0575479 0.00146098
-2.322 3.751 -1.557
-2.328 3.787 -1.569
-2.321 3.802 -1.573
-2.321 3.829 -1.581
-2.321 3.857 -1.591
-2.316 3.876 -1.596
-2.326 3.907 -1.608
-2.17 4.713 -1.647
-2.158 4.725 -1.649
-2.145 4.737 -1.651
-2.134 4.751 -1.653
-2.118 4.756 -1.653
-2.105 4.767 -1.654
-2.104 4.786 -1.66
-2.09 4.795 -1.661
-2.074 4.799 -1.66
-2.059 4.806 -1.66
-2.046 4.816 -1.662
-2.038 4.84 -1.668
-2.019 4.837 -1.665
-2.011 4.841 -1.665
-1.994 4.842 -1.663
-1.986 4.865 -1.669
-1.967 4.863 -1.666
-1.958 4.885 -1.672
-1.947 4.901 -1.676
-1.929 4.901 -1.673
-1.929 4.925 -1.681
-1.924 4.959 -1.691
-1.916 4.983 -1.698
-1.905 5.001 -1.702
-1.886 4.998 -1.699
-2.339 4.906 -1.561
-2.351 4.949 -1.574
-2.344 4.975 -1.581
-2.341 5.01 -1.59
-2.342 5.052 -1.602
-2.353 5.118 -1.622
-2.347 5.146 -1.629
-2.24 6.111 -1.645
-2.23 6.143 -1.653
-2.222 6.15 -1.654
-2.206 6.166 -1.656
-2.187 6.175 -1.657
-2.169 6.187 -1.658
-2.151 6.198 -1.66
-2.131 6.203 -1.659
-2.108 6.198 -1.656
-2.101 6.211 -1.658
-2.087 6.232 -1.663
-2.069 6.244 -1.664
-2.047 6.245 -1.663
-2.033 6.268 -1.667
-2.013 6.272 -1.667
-2.007 6.287 -1.67
-1.986 6.289 -1.669
-1.973 6.319 -1.676
-1.96 6.346 -1.682
-1.953 6.392 -1.693
-1.936 6.411 -1.697
-1.917 6.421 -1.698
-1.908 6.428 -1.699
-2.988 4.041 -1.083
-3.032 4.127 -1.105
-3.081 4.223 -1.131
-3.075 4.243 -1.134
-3.082 4.281 -1.142
-3.032 4.24 -1.127
-3.065 4.314 -1.146
-2.231 8.825 -1.638
-2.207 8.849 -1.641
-2.197 8.868 -1.644
-2.166 8.864 -1.642
-2.141 8.88 -1.644
-2.119 8.913 -1.649
-2.096 8.939 -1.653
-2.07 8.953 -1.655
-2.043 8.965 -1.656
-2.03 8.974 -1.657
-2.006 9 -1.661
-1.988 9.052 -1.67
-1.971 9.108 -1.68
-1.947 9.137 -1.684
-1.924 9.168 -1.689
-2.14 10.731 -1.612
-2.12 10.807 -1.624
-2.094 10.854 -1.63
-2.084 10.894 -1.636
-2.051 10.905 -1.637
-2.02 10.929 -1.64
-2.003 11.03 -1.655
-1.984 11.126 -1.669
-2.176 14.05 -1.619
-2.136 14.089 -1.623
-2.098 14.134 -1.628
-2.079 14.161 -1.631
-2.038 14.197 -1.635
-2.009 14.31 -1.649
-1.981 14.448 -1.666
-1.939 14.477 -1.669
-1.894 14.485 -1.669
-1.85 14.501 -1.67
-1.827 14.506 -1.671
-2.4 17.978 -1.581
-2.347 18.015 -1.584
-2.293 18.042 -1.586
-2.239 18.073 -1.589
-2.184 18.094 -1.59
-2.13 18.124 -1.592
-2.078 18.174 -1.597
-2.069 18.342 -1.613
-2.032 18.54 -1.632
