2.2945 -0.16158 0.02117 -0.000986308
1.881 3.931 -1.72
1.892 3.922 -1.718
1.901 3.911 -1.716
1.916 3.91 -1.718
1.919 3.884 -1.709
1.926 3.868 -1.704
1.923 3.848 -1.696
1.92 3.813 -1.682
1.928 3.799 -1.679
1.92 3.753 -1.66
1.884 4.422 -1.706
1.885 4.407 -1.701
1.891 4.382 -1.694
1.894 4.352 -1.684
1.896 4.319 -1.672
1.902 4.296 -1.665
1.909 4.276 -1.659
1.91 4.243 -1.648
1.826 5.014 -1.697
1.84 5.003 -1.695
1.85 4.981 -1.689
1.87 4.988 -1.694
1.881 4.97 -1.689
1.891 4.95 -1.684
1.891 4.927 -1.677
1.891 4.883 -1.663
1.898 4.855 -1.655
1.904 4.825 -1.646
1.847 5.58 -1.698
1.851 5.535 -1.685
1.867 5.523 -1.683
1.87 5.476 -1.669
1.877 5.439 -1.659
1.882 5.397 -1.648
1.887 5.359 -1.637
1.82 6.405 -1.686
1.834 6.375 -1.679
1.853 6.368 -1.679
1.86 6.317 -1.666
1.869 6.273 -1.655
1.873 6.215 -1.641
1.868 6.162 -1.627
1.875 6.115 -1.615
1.809 7.538 -1.673
1.828 7.513 -1.668
1.838 7.449 -1.654
1.846 7.382 -1.64
1.852 7.307 -1.623
1.847 7.238 -1.607
1.839 9.069 -1.667
1.863 9.041 -1.663
1.886 9.01 -1.658
1.869 8.788 -1.615
1.875 8.679 -1.595
1.88 8.571 -1.574
1.899 8.531 -1.568
10.891 5.887 -1.841
10.912 5.855 -1.841
10.915 5.812 -1.838
10.912 5.766 -1.835
10.913 5.723 -1.832
10.915 5.68 -1.829
10.917 5.638 -1.826
10.9 5.607 -1.821
10.894 5.561 -1.817
10.905 5.523 -1.816
10.896 5.476 -1.811
10.885 5.427 -1.806
10.898 5.391 -1.806
10.897 5.348 -1.802
10.89 5.323 -1.8
10.901 5.286 -1.799
10.9 5.243 -1.796
10.893 5.198 -1.791
10.895 5.157 -1.789
4.737 13.679 -1.652
4.753 13.587 -1.642
4.748 13.505 -1.632
4.78 13.462 -1.628
4.813 13.421 -1.624
4.839 13.363 -1.618
4.884 13.355 -1.619
4.907 13.289 -1.613
4.935 13.236 -1.607
4.948 13.206 -1.604
4.974 13.152 -1.599
12.514 1.917 -1.121
12.436 1.866 -1.112
12.375 1.817 -1.105
12.358 1.795 -1.103
12.206 1.734 -1.087
12.126 1.684 -1.078
12.094 1.641 -1.074
12.073 1.599 -1.071
6.11 32.557 -1.46
6.208 32.514 -1.458
6.292 32.4 -1.454
6.394 32.384 -1.454
6.487 32.319 -1.452
6.526 32.25 -1.449
6.524 31.726 -1.423
6.621 31.69 -1.422
6.658 31.374 -1.407
6.556 41.085 -0.667
6.576 40.393 -0.653
6.594 39.719 -0.639
6.651 39.304 -0.631
6.645 38.535 -0.615
