10.9714 6.44807 -0.750315 0.0208186
25.558 4.076 -1.706
25.541 3.991 -1.704
25.407 3.889 -1.693
25.349 3.798 -1.687
25.287 3.708 -1.682
25.228 3.618 -1.677
25.192 3.572 -1.674
25.134 3.484 -1.668
25.076 3.395 -1.663
25.047 3.311 -1.66
24.986 3.223 -1.655
7.127 32.828 -1.483
7.215 32.737 -1.48
7.308 32.67 -1.477
7.394 32.574 -1.474
7.483 32.494 -1.471
7.57 32.403 -1.467
7.609 32.34 -1.465
7.692 32.238 -1.461
7.789 32.197 -1.46
7.881 32.135 -1.458
7.977 32.091 -1.457
8.07 32.035 -1.455
8.164 31.984 -1.454
8.212 31.961 -1.453
8.297 31.876 -1.45
8.375 31.766 -1.446
8.459 31.68 -1.443
8.542 31.593 -1.44
8.618 31.482 -1.435
8.699 31.389 -1.432
