3.89906 -0.0357967 0.00808151 -0.0003823
3.871 2.386 -1.8
3.878 2.374 -1.8
3.871 2.362 -1.794
3.869 2.344 -1.79
3.87 2.328 -1.786
3.866 2.309 -1.781
3.872 2.296 -1.78
3.874 2.281 -1.778
3.867 2.261 -1.771
3.871 2.254 -1.771
3.873 2.24 -1.769
3.88 2.227 -1.769
3.869 2.205 -1.76
3.884 2.198 -1.764
3.878 2.178 -1.758
3.877 2.162 -1.754
3.877 2.154 -1.752
3.871 2.134 -1.746
3.87 4 -1.775
3.878 3.984 -1.773
3.875 3.955 -1.765
3.879 3.935 -1.761
3.884 3.915 -1.758
3.874 3.881 -1.747
3.878 3.873 -1.746
3.874 3.844 -1.738
3.872 3.819 -1.732
3.883 3.806 -1.731
3.883 3.781 -1.725
3.874 3.75 -1.716
3.889 5.798 -1.774
3.895 5.766 -1.767
3.898 5.731 -1.76
3.905 5.703 -1.755
3.903 5.662 -1.745
3.901 5.621 -1.736
3.91 5.596 -1.732
3.902 5.566 -1.724
3.925 7.171 -1.771
3.936 7.136 -1.765
3.941 7.093 -1.757
3.93 7.046 -1.746
3.934 7.001 -1.737
3.931 6.945 -1.725
3.938 6.907 -1.719
3.941 8.865 -1.754
3.957 8.826 -1.748
3.959 8.756 -1.736
3.965 8.697 -1.726
3.965 8.624 -1.713
3.976 8.578 -1.706
3.977 8.51 -1.694
3.909 10.988 -1.727
3.942 10.972 -1.726
3.969 10.939 -1.723
3.981 10.864 -1.712
3.992 10.842 -1.71
4.024 10.824 -1.709
4.056 10.804 -1.707
4.09 10.793 -1.708
4.114 10.754 -1.703
4.137 10.712 -1.698
4.167 10.69 -1.697
4.177 10.667 -1.694
4.206 10.642 -1.692
4.235 10.618 -1.69
4.263 10.59 -1.688
4.295 10.573 -1.687
4.321 10.543 -1.684
4.348 10.513 -1.681
4.364 10.506 -1.681
4.392 10.48 -1.679
4.422 10.458 -1.678
4.452 10.439 -1.677
4.478 10.409 -1.674
4.27 14.095 -1.684
4.311 14.074 -1.683
4.341 14.015 -1.677
4.37 13.952 -1.671
4.409 13.923 -1.669
4.446 13.889 -1.666
4.475 13.831 -1.66
4.495 13.818 -1.659
4.533 13.787 -1.657
4.571 13.756 -1.655
4.61 13.73 -1.653
4.651 13.71 -1.652
4.687 13.675 -1.65
4.722 13.638 -1.647
4.741 13.623 -1.646
4.777 13.587 -1.643
4.811 13.548 -1.639
4.849 13.521 -1.638
4.885 13.487 -1.635
4.924 13.463 -1.634
4.425 37.879 -1.711
4.485 37.876 -1.711
4.594 37.775 -1.707
4.7 37.657 -1.702
4.801 37.511 -1.695
4.905 37.391 -1.69
5.012 37.296 -1.686
5.123 37.237 -1.684
5.178 37.199 -1.682
5.29 37.153 -1.681
5.403 37.109 -1.679
5.512 37.04 -1.677
5.612 36.914 -1.671
5.727 36.892 -1.671
5.83 36.793 -1.667
5.887 36.78 -1.667
5.996 36.718 -1.664
6.105 36.661 -1.663
6.218 36.63 -1.662
6.333 36.609 -1.662
6.444 36.567 -1.661
6.557 36.537 -1.66
