9.36888 -6.19915 0.636185 0.0149014
-2.699 2.965 -1.573
-2.697 2.981 -1.578
-2.703 3.006 -1.587
-2.702 3.024 -1.592
-2.699 3.041 -1.597
-2.708 3.07 -1.609
-2.704 3.076 -1.609
-2.697 3.087 -1.611
-2.696 3.106 -1.616
-2.691 3.12 -1.619
-2.693 3.142 -1.627
-2.769 3.457 -1.563
-2.784 3.499 -1.579
-2.797 3.539 -1.594
-2.793 3.556 -1.598
-2.799 3.587 -1.609
-2.799 3.599 -1.613
-3.251 4.341 -1.557
-3.255 4.374 -1.566
-3.243 4.387 -1.567
-3.249 4.423 -1.577
-3.235 4.434 -1.577
-3.237 4.465 -1.585
-3.237 4.48 -1.589
-3.22 4.487 -1.588
-3.227 4.526 -1.599
-3.208 4.529 -1.596
-3.202 4.551 -1.601
-3.19 4.564 -1.602
-3.197 4.59 -1.61
-3.198 4.621 -1.618
-3.749 4.703 -1.511
-3.796 4.792 -1.538
-3.839 4.861 -1.56
-3.832 4.884 -1.564
-4.999 4.544 -1.014
-4.994 4.568 -1.016
-4.992 4.596 -1.019
-4.981 4.614 -1.02
-5.034 4.693 -1.035
-5.135 4.804 -1.061
-5.177 4.874 -1.074
-2.972 13.313 -1.545
-2.932 13.328 -1.546
-2.893 13.351 -1.548
-2.855 13.377 -1.55
-2.838 13.401 -1.553
-2.796 13.414 -1.553
-2.755 13.426 -1.554
-2.714 13.443 -1.555
-2.674 13.463 -1.556
-2.633 13.477 -1.557
-2.596 13.512 -1.561
-2.576 13.52 -1.561
-2.534 13.534 -1.562
-2.494 13.554 -1.563
-2.466 13.644 -1.574
-2.441 13.755 -1.587
-2.407 13.817 -1.595
-2.915 16.79 -1.474
-2.918 17.126 -1.506
-2.895 17.316 -1.524
-2.855 17.415 -1.533
-2.807 17.464 -1.537
-2.755 17.494 -1.539
-2.738 17.559 -1.545
-15.241 14.698 -1.359
-15.218 14.768 -1.361
-15.188 14.832 -1.363
-15.14 14.879 -1.363
-15.116 14.949 -1.365
-15.096 15.023 -1.368
-15.086 15.107 -1.372
-15.091 15.16 -1.375
-15.079 15.243 -1.379
-15.073 15.333 -1.383
-15.068 15.424 -1.388
-15.06 15.513 -1.392
-15.062 15.613 -1.397
-15.081 15.681 -1.402
-15.059 15.757 -1.405
-15.052 15.849 -1.409
-3.932 33.714 -1.501
-3.831 33.774 -1.503
-3.729 33.821 -1.505
-3.627 33.876 -1.507
-3.579 33.93 -1.51
-3.476 33.969 -1.511
-3.372 34.013 -1.513
-3.27 34.073 -1.515
-3.168 34.131 -1.518
-3.064 34.177 -1.519
-2.961 34.238 -1.522
-2.913 34.316 -1.526
-2.817 34.467 -1.533
-2.721 34.625 -1.54
-2.623 34.774 -1.547
-2.521 34.884 -1.553
