-0.956674 -0.341207 0.0168629 -0.000255634
-2.833 7.025 -1.632
-2.821 7.059 -1.638
-2.806 7.088 -1.643
-2.782 7.091 -1.641
-2.763 7.107 -1.643
-2.737 7.109 -1.641
-2.716 7.119 -1.642
-2.713 7.145 -1.647
-2.691 7.156 -1.648
-2.669 7.164 -1.648
-2.644 7.167 -1.646
-2.62 7.17 -1.645
-2.599 7.183 -1.646
-2.586 7.217 -1.653
-2.573 7.217 -1.652
-2.567 7.273 -1.664
-2.555 7.311 -1.671
-2.54 7.341 -1.676
-2.525 7.373 -1.682
-2.838 8.616 -1.632
-2.813 8.629 -1.633
-2.804 8.648 -1.636
-2.784 8.679 -1.64
-2.762 8.705 -1.644
-2.739 8.728 -1.647
-2.714 8.744 -1.648
-2.693 8.773 -1.652
-2.663 8.772 -1.65
-2.651 8.782 -1.652
-2.625 8.796 -1.653
-2.603 8.825 -1.657
-2.59 8.88 -1.666
-2.57 8.918 -1.673
-2.551 8.955 -1.678
-2.542 8.98 -1.682
-3.032 10.24 -1.571
-3.04 10.386 -1.593
-3.032 10.48 -1.607
-3.043 10.578 -1.623
-3.016 10.61 -1.626
-2.99 10.644 -1.63
-2.954 10.646 -1.629
-2.926 10.673 -1.632
-3.68 12.112 -1.121
-3.687 12.274 -1.137
-3.617 12.178 -1.126
-3.613 12.236 -1.131
-3.605 12.354 -1.143
-3.625 12.57 -1.165
-3.587 12.587 -1.166
-3.559 12.638 -1.17
-3.521 12.657 -1.171
-3.484 12.676 -1.172
-3.512 24.769 -1.642
-3.437 24.8 -1.644
-3.406 24.861 -1.648
-3.332 24.907 -1.65
-3.258 24.949 -1.653
-3.184 24.989 -1.655
-3.109 25.03 -1.657
-3.031 25.046 -1.658
-2.959 25.111 -1.662
-2.926 25.173 -1.666
-2.854 25.243 -1.671
-2.787 25.365 -1.679
-2.705 25.352 -1.677
-2.628 25.38 -1.679
-2.551 25.418 -1.681
-2.474 25.452 -1.683
-2.434 25.462 -1.683
-2.357 25.499 -1.686
-2.279 25.528 -1.687
-2.2 25.553 -1.689
-2.122 25.587 -1.691
-2.045 25.63 -1.693
-3.953 36.899 -1.66
-3.844 36.975 -1.663
-3.732 37.029 -1.665
-3.623 37.116 -1.669
-3.567 37.145 -1.67
-3.458 37.24 -1.674
-3.355 37.404 -1.682
-3.279 37.886 -1.706
-3.17 38.013 -1.712
