4.23275 -0.193282 0.0303252 -0.00113691
3.893 3.045 -1.758
3.887 3.02 -1.75
3.889 3.002 -1.747
3.915 3.003 -1.755
3.903 2.974 -1.745
3.888 2.954 -1.735
3.902 2.945 -1.738
3.904 2.927 -1.734
3.898 2.904 -1.727
3.91 2.894 -1.728
3.901 2.868 -1.72
3.895 2.854 -1.715
3.908 2.845 -1.717
3.902 2.822 -1.71
3.897 2.8 -1.703
3.911 3.785 -1.733
3.906 3.757 -1.725
3.911 3.738 -1.722
3.92 3.723 -1.721
3.915 3.695 -1.713
3.92 3.677 -1.71
3.915 3.649 -1.702
3.918 3.64 -1.701
3.921 3.62 -1.697
3.914 3.591 -1.689
3.914 3.569 -1.683
3.909 4.585 -1.743
3.936 4.544 -1.739
3.929 4.507 -1.729
3.936 4.486 -1.726
3.937 4.459 -1.72
3.945 4.44 -1.717
3.935 4.4 -1.705
3.939 4.391 -1.704
3.936 4.36 -1.697
3.939 4.335 -1.691
3.912 5.599 -1.733
3.933 5.592 -1.734
3.941 5.565 -1.73
3.947 5.537 -1.725
3.947 5.501 -1.717
3.949 5.467 -1.709
3.958 5.443 -1.706
3.948 5.411 -1.697
3.951 5.379 -1.69
3.952 5.345 -1.683
3.969 6.936 -1.728
3.978 6.9 -1.722
3.971 6.863 -1.714
3.972 6.815 -1.704
3.978 6.776 -1.697
3.973 6.72 -1.685
3.984 6.691 -1.681
3.985 6.643 -1.671
4.003 10.611 -1.676
4.027 10.574 -1.672
4.048 10.53 -1.666
4.06 10.511 -1.664
4.096 10.507 -1.666
4.126 10.485 -1.664
4.152 10.456 -1.661
4.177 10.422 -1.658
4.204 10.396 -1.656
4.233 10.374 -1.654
4.25 10.367 -1.654
4.275 10.338 -1.651
4.303 10.311 -1.649
4.326 10.276 -1.645
4.359 10.264 -1.646
4.385 10.236 -1.643
4.415 10.218 -1.642
4.428 10.202 -1.641
4.453 10.172 -1.638
4.485 10.16 -1.638
4.51 10.129 -1.635
4.539 10.108 -1.634
4.567 10.086 -1.633
4.593 10.059 -1.631
4.605 10.043 -1.629
4.637 10.03 -1.63
4.655 9.987 -1.625
5.189 13.399 -1.638
5.207 13.383 -1.637
5.235 13.332 -1.633
5.248 13.243 -1.623
5.278 13.197 -1.619
5.309 13.155 -1.615
5.338 13.109 -1.611
5.378 13.088 -1.611
5.393 13.067 -1.609
5.421 13.019 -1.604
5.457 12.989 -1.603
5.491 12.957 -1.601
5.525 12.924 -1.598
5.557 12.886 -1.596
5.571 12.863 -1.594
5.602 12.825 -1.591
5.636 12.793 -1.589
5.666 12.752 -1.585
4.233 37.248 -1.679
4.328 37.044 -1.669
4.419 36.818 -1.658
4.521 36.687 -1.652
4.623 36.572 -1.647
4.723 36.442 -1.641
4.824 36.326 -1.636
4.87 36.233 -1.632
4.975 36.15 -1.629
