-2.70585 0.0730223 -0.00390116 4.90252e-05
-2.986 1.611 -1.098
-3.022 1.643 -1.115
-3.025 1.657 -1.118
-3.092 1.707 -1.148
-3.021 1.68 -1.121
-3.032 1.698 -1.128
-3.065 1.724 -1.143
-3.084 1.747 -1.153
-3.496 3.877 -1.494
-3.555 3.966 -1.527
-3.611 4.054 -1.559
-3.623 4.092 -1.57
-3.619 4.114 -1.574
-5.564 5.956 -1.454
-5.672 6.108 -1.489
-5.69 6.166 -1.5
-5.704 6.22 -1.509
-5.692 6.246 -1.512
-5.658 6.229 -1.505
-5.676 6.288 -1.516
-5.122 1.111 -0.759
-5.146 1.133 -0.763
-5.184 1.159 -0.771
-5.2 1.18 -0.774
-5.235 1.205 -0.781
-5.269 1.222 -0.787
-5.304 1.248 -0.794
-5.317 1.269 -0.797
-5.376 1.301 -0.807
-5.383 1.321 -0.809
-2.482 13.372 -1.54
-2.445 13.404 -1.543
-2.41 13.456 -1.549
-2.372 13.487 -1.552
-2.334 13.516 -1.555
-2.295 13.545 -1.558
-2.263 13.616 -1.566
-2.263 13.751 -1.583
-2.229 13.817 -1.591
-2.551 17.068 -1.495
-2.526 17.088 -1.496
-2.48 17.147 -1.502
-2.432 17.194 -1.505
-2.384 17.249 -1.51
-2.349 17.396 -1.524
-2.318 17.581 -1.542
-2.296 17.624 -1.546
-2.73 22.288 -1.453
-2.704 22.365 -1.459
-2.641 22.433 -1.463
-2.578 22.508 -1.468
-2.514 22.578 -1.473
-2.472 22.845 -1.492
-2.429 23.123 -1.512
