-4.12693 0.88747 -0.604978 0.0143433
-3.99 0.522 -1.579
-4.012 0.538 -1.589
-4.021 0.552 -1.594
-4.029 0.566 -1.598
-4.058 0.583 -1.611
-4.062 0.597 -1.613
-4.082 0.607 -1.623
-4.101 0.623 -1.631
-4.104 0.636 -1.633
-4.361 0.833 -1.567
-4.384 0.844 -1.576
-4.386 0.859 -1.579
-4.389 0.874 -1.581
-4.423 0.895 -1.595
-4.439 0.913 -1.602
-4.452 0.931 -1.608
-4.475 0.95 -1.618
-2.122 5.348 -1.659
-2.107 5.36 -1.661
-2.091 5.369 -1.662
-2.08 5.391 -1.667
-2.073 5.423 -1.675
-2.069 5.437 -1.679
-2.045 5.427 -1.674
-2.03 5.437 -1.675
-2.019 5.459 -1.68
-2 5.46 -1.678
-1.978 5.454 -1.674
-1.963 5.466 -1.676
-1.957 5.478 -1.679
-1.944 5.495 -1.682
-1.933 5.519 -1.688
-1.923 5.546 -1.695
-1.919 5.59 -1.708
-1.896 5.58 -1.703
-1.881 5.595 -1.705
-1.873 5.6 -1.706
-1.857 5.611 -1.708
-1.843 5.626 -1.711
-5.378 0.876 -1.358
-5.439 0.895 -1.375
-5.507 0.923 -1.394
-5.424 0.927 -1.372
-5.434 0.947 -1.376
-5.325 0.945 -1.347
-5.364 0.969 -1.358
-5.425 0.989 -1.376
-5.503 1.021 -1.398
-5.498 1.038 -1.398
-5.431 1.043 -1.38
-5.501 1.074 -1.4
-5.447 1.081 -1.386
-5.511 1.112 -1.405
-5.559 1.14 -1.419
-5.614 1.16 -1.435
-5.62 1.179 -1.437
-2.237 7.272 -1.639
-2.222 7.303 -1.645
-2.201 7.319 -1.647
-2.181 7.335 -1.65
-2.174 7.352 -1.653
-2.151 7.358 -1.653
-2.133 7.386 -1.658
-2.112 7.398 -1.659
-2.085 7.392 -1.656
-2.062 7.398 -1.656
-2.046 7.433 -1.663
-2.032 7.428 -1.661
-2.007 7.427 -1.659
-1.991 7.462 -1.666
-1.968 7.47 -1.666
-1.95 7.497 -1.671
-1.944 7.569 -1.687
-1.933 7.576 -1.688
-1.917 7.61 -1.695
-1.897 7.635 -1.699
-2.185 8.877 -1.646
-2.167 8.924 -1.654
-2.136 8.919 -1.651
-2.114 8.951 -1.656
-2.091 8.98 -1.661
-2.065 8.998 -1.663
-2.039 9.014 -1.665
-2.028 9.029 -1.667
-2 9.037 -1.668
-1.975 9.061 -1.671
-1.959 9.125 -1.682
-1.94 9.177 -1.692
-1.918 9.212 -1.697
-1.893 9.237 -1.701
-2.754 10.636 -1.619
-2.723 10.655 -1.621
-2.694 10.678 -1.624
-2.676 10.677 -1.623
-2.649 10.714 -1.627
-2.617 10.73 -1.629
-2.586 10.746 -1.63
-2.551 10.75 -1.629
-2.522 10.777 -1.632
-2.488 10.785 -1.632
-2.471 10.789 -1.632
-2.439 10.806 -1.634
-2.406 10.82 -1.635
-2.374 10.833 -1.636
-2.34 10.842 -1.636
-2.306 10.848 -1.636
-2.275 10.87 -1.638
-2.257 10.872 -1.638
-2.226 10.894 -1.641
-2.195 10.913 -1.642
-2.165 10.945 -1.646
-2.135 10.971 -1.65
-2.104 10.995 -1.652
-2.072 11.015 -1.655
-2.055 11.024 -1.656
-2.023 11.044 -1.658
-1.995 11.088 -1.664
-1.978 11.193 -1.68
-1.947 11.223 -1.683
-2.169 14.909 -1.65
-2.127 14.951 -1.655
-2.085 14.991 -1.659
-2.064 15.016 -1.662
-2.025 15.082 -1.669
-1.999 15.247 -1.689
-1.959 15.313 -1.696
-1.916 15.364 -1.702
-2.413 18.075 -1.591
-2.396 18.386 -1.621
-2.377 18.467 -1.629
-2.327 18.533 -1.635
-2.275 18.59 -1.639
-2.219 18.623 -1.642
-2.167 18.687 -1.648
-2.115 18.751 -1.653
-2.613 24.495 -1.614
-2.539 24.535 -1.616
-2.504 24.571 -1.619
-2.429 24.6 -1.62
-2.354 24.63 -1.622
-2.284 24.716 -1.628
-2.208 24.741 -1.629
-2.136 24.82 -1.634
-2.079 25.067 -1.652
-2.051 25.207 -1.662
-1.974 25.245 -1.665
