15.5947 -14.715 3.71439 -0.297197
-3.14 2.457 -1.564
-3.18 2.505 -1.589
-3.211 2.546 -1.61
-3.207 2.56 -1.612
-3.204 2.575 -1.616
-3.433 2.733 -1.547
-3.469 2.78 -1.569
-3.508 2.83 -1.593
-3.521 2.859 -1.603
-3.372 1.948 -1.246
-3.413 1.985 -1.265
-3.41 1.998 -1.267
-3.404 2.001 -1.265
-3.415 2.023 -1.273
-3.383 2.018 -1.262
-3.399 2.042 -1.271
-3.408 2.061 -1.277
-3.429 2.089 -1.288
-3.453 2.118 -1.301
-3.469 2.135 -1.309
-2.526 5.048 -1.626
-2.515 5.066 -1.629
-2.5 5.076 -1.63
-2.491 5.076 -1.629
-2.479 5.093 -1.632
-2.468 5.111 -1.635
-2.459 5.134 -1.64
-2.443 5.142 -1.64
-2.43 5.155 -1.642
-2.41 5.155 -1.64
-2.4 5.154 -1.638
-2.392 5.18 -1.645
-2.37 5.176 -1.64
-2.362 5.201 -1.646
-2.344 5.204 -1.645
-2.322 5.2 -1.641
-2.317 5.231 -1.649
-2.315 5.249 -1.654
-2.306 5.274 -1.66
-2.295 5.293 -1.664
-2.29 5.327 -1.673
-2.277 5.342 -1.676
-2.266 5.364 -1.681
-2.251 5.374 -1.682
-2.241 5.376 -1.681
-4.453 3.823 -1.472
-4.515 3.9 -1.498
-4.589 3.976 -1.527
-4.593 4.005 -1.533
-4.583 4.022 -1.534
-2.272 7.185 -1.623
-2.266 7.244 -1.635
-2.264 7.277 -1.642
-2.251 7.316 -1.65
-2.247 7.385 -1.665
-2.226 7.399 -1.667
-2.208 7.423 -1.671
-2.193 7.458 -1.678
-2.422 8.508 -1.588
-2.403 8.542 -1.593
-2.389 8.545 -1.593
-2.375 8.598 -1.603
-2.351 8.617 -1.605
-2.327 8.636 -1.607
-2.294 8.62 -1.603
-2.275 8.658 -1.609
-2.252 8.68 -1.612
-2.242 8.699 -1.615
-2.224 8.744 -1.622
-2.208 8.793 -1.631
-2.191 8.843 -1.639
-2.311 10.473 -1.578
-2.299 10.494 -1.581
-2.267 10.508 -1.582
-2.24 10.541 -1.586
-2.206 10.546 -1.586
-2.184 10.605 -1.594
-2.166 10.685 -1.606
-2.17 10.793 -1.623
-2.142 10.827 -1.627
-2.111 10.853 -1.63
-2.225 13.52 -1.553
-2.195 13.603 -1.563
-2.176 13.625 -1.565
-2.137 13.657 -1.569
-2.098 13.685 -1.571
-2.065 13.764 -1.581
-2.042 13.906 -1.598
-2.006 13.969 -1.606
-2.362 17.286 -1.513
-2.31 17.311 -1.515
-2.255 17.317 -1.515
-2.202 17.337 -1.516
-2.151 17.366 -1.519
-2.131 17.433 -1.525
-2.08 17.471 -1.528
-2.027 17.487 -1.529
-1.979 17.559 -1.535
-1.949 17.788 -1.557
-1.9 17.864 -1.564
-2.029 22.755 -1.482
-1.964 22.839 -1.488
-1.899 22.932 -1.494
-1.841 23.111 -1.507
-1.792 23.413 -1.529
-1.722 23.468 -1.533
