-3.42801 -1.33662 0.241253 -0.0102477
-4.45 0.162 -1.572
-4.468 0.176 -1.579
-4.479 0.191 -1.584
-4.499 0.206 -1.591
-4.5 0.22 -1.592
-4.522 0.236 -1.601
-4.534 0.244 -1.606
-4.545 0.259 -1.61
-4.557 0.274 -1.615
-4.563 0.289 -1.618
-4.579 0.304 -1.624
-5.274 0.944 -1.537
-5.311 0.968 -1.549
-5.297 0.982 -1.546
-5.329 1.006 -1.557
-5.358 1.02 -1.567
-5.36 1.037 -1.568
-5.377 1.058 -1.575
-5.415 1.083 -1.588
-5.431 1.104 -1.594
-6.219 1.08 -1.339
-6.252 1.106 -1.348
-6.293 1.133 -1.358
-6.391 1.161 -1.382
-6.408 1.185 -1.386
-6.424 1.208 -1.391
-5.532 0.0229998 -1.011
-5.626 0.0419998 -1.031
-5.612 0.0589998 -1.028
-5.615 0.0769998 -1.029
-5.609 0.0859998 -1.028
-5.664 0.104 -1.039
-5.787 0.125 -1.064
-5.892 0.147 -1.086
-2.865 10.084 -1.539
-2.839 10.112 -1.543
-2.812 10.138 -1.545
-2.783 10.157 -1.547
-2.758 10.192 -1.551
-2.749 10.223 -1.556
-2.723 10.253 -1.559
-2.695 10.276 -1.562
-2.661 10.279 -1.561
-2.631 10.297 -1.562
-2.603 10.32 -1.565
-2.584 10.382 -1.574
-2.569 10.461 -1.585
-2.556 10.483 -1.588
-2.524 10.49 -1.588
-2.493 10.51 -1.59
-2.872 13.254 -1.535
-2.834 13.282 -1.538
-2.798 13.318 -1.541
-2.762 13.354 -1.545
-2.721 13.366 -1.545
-2.7 13.369 -1.545
-2.659 13.385 -1.546
-2.625 13.434 -1.551
-2.608 13.577 -1.569
-2.585 13.69 -1.583
-2.547 13.726 -1.586
-3.377 13.177 -1.22
-3.419 13.432 -1.246
-3.385 13.475 -1.25
-3.402 13.727 -1.276
-3.354 13.718 -1.274
-3.328 13.8 -1.281
-3.302 13.886 -1.29
