-0.704807 -0.378685 0.0262681 -0.000583989
-2.335 4.587 -1.633
-2.327 4.606 -1.637
-2.313 4.615 -1.638
-2.303 4.631 -1.641
-2.287 4.636 -1.64
-2.275 4.649 -1.642
-2.26 4.654 -1.642
-2.254 4.661 -1.643
-2.247 4.683 -1.649
-2.229 4.685 -1.647
-2.212 4.687 -1.645
-2.194 4.686 -1.642
-2.188 4.711 -1.649
-2.177 4.729 -1.653
-2.178 4.749 -1.659
-2.168 4.768 -1.663
-2.163 4.796 -1.671
-2.161 4.832 -1.682
-2.148 4.846 -1.685
-2.138 4.864 -1.689
-2.27 5.237 -1.645
-2.255 5.248 -1.646
-2.241 5.26 -1.648
-2.239 5.278 -1.653
-2.222 5.283 -1.652
-2.211 5.304 -1.657
-2.202 5.328 -1.663
-2.192 5.353 -1.669
-2.185 5.383 -1.676
-2.176 5.409 -1.683
-2.18 5.443 -1.693
-2.166 5.458 -1.696
-2.343 6.037 -1.636
-2.327 6.053 -1.639
-2.316 6.08 -1.645
-2.302 6.073 -1.642
-2.285 6.086 -1.643
-2.269 6.1 -1.645
-2.249 6.106 -1.645
-2.237 6.132 -1.651
-2.22 6.145 -1.652
-2.206 6.168 -1.657
-2.206 6.199 -1.665
-2.202 6.249 -1.677
-2.189 6.273 -1.682
-2.174 6.294 -1.686
-2.155 6.303 -1.687
-2.518 7.063 -1.614
-2.498 7.079 -1.616
-2.477 7.09 -1.617
-2.459 7.111 -1.62
-2.442 7.133 -1.623
-2.421 7.145 -1.624
-2.41 7.148 -1.624
-2.388 7.158 -1.625
-2.365 7.165 -1.625
-2.34 7.163 -1.623
-2.318 7.174 -1.623
-2.293 7.172 -1.621
-2.273 7.189 -1.623
-2.267 7.209 -1.627
-2.241 7.203 -1.624
-2.226 7.236 -1.631
-2.214 7.279 -1.639
-2.199 7.31 -1.645
-2.195 7.382 -1.661
-2.189 7.404 -1.665
-2.682 16.367 -1.429
-2.68 16.68 -1.459
-2.669 16.947 -1.485
-2.672 17.32 -1.521
-2.909 22.295 -1.455
-2.843 22.34 -1.458
-2.776 22.37 -1.46
-2.706 22.381 -1.46
-2.674 22.415 -1.462
-2.607 22.447 -1.464
-2.539 22.485 -1.466
-2.472 22.524 -1.468
-2.408 22.589 -1.473
-2.349 22.71 -1.481
-2.3 22.941 -1.498
-2.275 23.052 -1.506
