4.66349 -0.0736043 0.00624357 -0.000169085
4.422 3.734 -1.85
4.426 3.714 -1.847
4.436 3.698 -1.847
4.443 3.681 -1.845
4.451 3.663 -1.843
4.456 3.645 -1.84
4.435 3.616 -1.828
4.454 3.608 -1.832
4.443 3.576 -1.822
4.462 3.568 -1.825
4.46 3.544 -1.819
4.462 3.523 -1.816
4.455 3.506 -1.81
4.448 3.478 -1.803
4.465 3.469 -1.805
4.464 3.446 -1.8
4.35 7.309 -1.847
4.363 7.279 -1.843
4.375 7.247 -1.838
4.385 7.211 -1.832
4.377 7.148 -1.818
4.375 7.119 -1.813
4.386 7.087 -1.808
4.386 7.037 -1.798
4.399 7.008 -1.794
