-3.02154 0.33158 -0.0364646 0.00125423
-2.306 3.312 -1.584
-2.315 3.348 -1.598
-2.307 3.36 -1.601
-2.317 3.385 -1.612
-2.321 3.415 -1.623
-2.318 3.433 -1.629
-2.316 3.454 -1.636
-2.593 3.465 -1.398
-2.61 3.511 -1.415
-2.604 3.525 -1.417
-2.607 3.553 -1.426
-2.631 3.608 -1.447
-2.669 3.672 -1.472
-2.128 5.387 -1.671
-2.116 5.408 -1.676
-2.107 5.434 -1.682
-2.094 5.425 -1.678
-2.079 5.439 -1.681
-2.066 5.454 -1.684
-2.049 5.462 -1.684
-2.033 5.472 -1.685
-2.019 5.486 -1.688
-2.002 5.494 -1.688
-1.993 5.495 -1.688
-1.976 5.503 -1.688
-1.969 5.538 -1.698
-1.957 5.559 -1.703
-1.95 5.594 -1.712
-1.934 5.605 -1.714
-1.92 5.622 -1.717
-1.913 5.629 -1.718
-1.898 5.644 -1.721
-1.879 5.646 -1.72
-1.866 5.667 -1.725
-2.323 6.156 -1.665
-2.306 6.171 -1.667
-2.289 6.183 -1.668
-2.267 6.185 -1.667
-2.259 6.192 -1.668
-2.245 6.214 -1.672
-2.224 6.217 -1.671
-2.205 6.226 -1.672
-2.189 6.244 -1.675
-2.168 6.247 -1.674
-2.148 6.252 -1.673
-2.141 6.263 -1.675
-2.132 6.302 -1.685
-2.109 6.298 -1.682
-2.092 6.314 -1.684
-2.077 6.335 -1.688
-2.06 6.349 -1.69
-2.042 6.362 -1.693
-2.033 6.369 -1.694
-2.01 6.366 -1.691
-1.997 6.395 -1.697
-1.986 6.429 -1.705
-1.973 6.457 -1.711
-1.957 6.478 -1.716
-1.947 6.483 -1.716
-1.927 6.491 -1.717
-1.912 6.513 -1.721
-2.22 7.38 -1.662
-2.198 7.391 -1.663
-2.179 7.413 -1.667
-2.156 7.418 -1.666
-2.135 7.436 -1.669
-2.122 7.478 -1.678
-2.112 7.487 -1.679
-2.089 7.496 -1.679
-2.071 7.521 -1.684
-2.046 7.522 -1.683
-2.02 7.522 -1.681
-2.009 7.576 -1.692
-1.986 7.582 -1.692
-1.988 7.638 -1.705
-1.973 7.68 -1.714
-1.948 7.684 -1.713
-1.925 7.694 -1.714
-1.91 7.738 -1.723
-2.113 9.012 -1.668
-2.096 9.066 -1.677
-2.083 9.073 -1.678
-2.055 9.081 -1.678
-2.033 9.117 -1.684
-2.008 9.14 -1.687
-1.985 9.175 -1.693
-1.972 9.254 -1.707
-1.949 9.287 -1.713
-1.94 9.315 -1.718
-1.915 9.343 -1.722
-2.339 10.919 -1.648
-2.331 10.964 -1.655
-2.297 10.977 -1.656
-2.268 11.007 -1.659
-2.237 11.031 -1.662
-2.204 11.046 -1.663
-2.165 11.036 -1.661
-2.133 11.054 -1.662
-2.115 11.055 -1.662
-2.082 11.072 -1.664
-2.047 11.076 -1.663
-2.029 11.172 -1.678
-1.996 11.192 -1.68
-1.982 11.317 -1.699
-1.963 11.31 -1.698
-1.931 11.342 -1.702
-1.897 11.353 -1.703
-2.156 14.983 -1.659
-2.139 15.032 -1.665
-2.094 15.06 -1.667
-2.059 15.151 -1.678
-2.036 15.339 -1.7
-1.994 15.394 -1.706
-1.949 15.432 -1.71
-2.495 18.465 -1.63
-2.47 18.499 -1.633
-2.41 18.491 -1.631
-2.357 18.536 -1.635
-2.296 18.527 -1.634
-2.246 18.6 -1.64
-2.193 18.648 -1.644
-2.138 18.688 -1.647
-2.116 18.759 -1.654
-2.078 18.955 -1.673
-2.024 19.011 -1.678
-1.966 19.037 -1.68
-1.908 19.055 -1.681
-2.432 24.243 -1.594
-2.367 24.364 -1.602
-2.301 24.484 -1.611
-2.231 24.567 -1.616
-2.162 24.667 -1.623
-2.153 25.008 -1.648
-2.082 25.101 -1.655
-13.487 6.856 -0.653
-13.486 6.909 -0.654
-13.488 6.964 -0.655
-13.495 6.994 -0.656
-13.485 7.043 -0.657
-13.493 7.101 -0.659
-13.481 7.149 -0.66
-13.488 7.207 -0.662
-13.488 7.262 -0.663
-13.483 7.314 -0.664
-13.5 7.35 -0.666
-13.49 7.4 -0.667
-13.514 7.469 -0.67
-13.496 7.514 -0.67
-13.493 7.568 -0.672
-13.487 7.621 -0.673
-13.49 7.679 -0.675
-13.501 7.713 -0.676
-13.501 7.769 -0.678
-13.495 7.823 -0.679
-13.488 7.875 -0.68
-13.496 7.937 -0.682
-13.495 7.993 -0.684
-13.511 8.06 -0.687
-13.507 8.087 -0.687
-13.514 8.149 -0.689
-13.507 8.203 -0.691
-13.491 8.251 -0.691
-13.509 8.321 -0.694
-13.519 8.386 -0.697
-13.511 8.44 -0.698
-13.514 8.471 -0.699
-13.503 8.523 -0.7
-13.493 8.577 -0.701
-13.494 8.637 -0.703
