1.88401 0.361359 0.0116846 -0.00199989
20.983 4.115 -2.426
20.978 4.046 -2.424
20.916 4 -2.415
20.902 3.929 -2.412
20.885 3.858 -2.408
20.899 3.792 -2.408
20.91 3.727 -2.408
20.9 3.657 -2.406
20.894 3.588 -2.403
20.898 3.555 -2.403
20.899 3.488 -2.402
20.904 3.421 -2.401
20.899 3.353 -2.399
20.894 3.285 -2.397
20.894 3.218 -2.396
20.906 3.152 -2.396
20.888 3.116 -2.393
20.907 3.052 -2.395
20.881 2.981 -2.39
20.894 2.916 -2.391
20.886 2.848 -2.389
20.899 2.783 -2.389
20.879 2.747 -2.386
20.884 2.681 -2.386
20.884 2.614 -2.385
20.885 2.548 -2.384
20.885 2.481 -2.383
20.88 2.414 -2.381
20.87 2.346 -2.379
20.876 2.314 -2.379
20.855 2.245 -2.376
