0.29341 -0.718309 0.0612821 -0.00169433
-2.448 6.08 -1.658
-2.433 6.097 -1.661
-2.434 6.128 -1.668
-2.41 6.125 -1.665
-2.394 6.139 -1.667
-2.377 6.152 -1.669
-2.355 6.152 -1.667
-2.341 6.174 -1.671
-2.327 6.198 -1.676
-2.318 6.203 -1.676
-2.298 6.209 -1.676
-2.282 6.225 -1.678
-2.263 6.232 -1.678
-2.242 6.237 -1.678
-2.227 6.257 -1.682
-2.208 6.264 -1.682
-2.207 6.295 -1.689
-2.202 6.342 -1.701
-2.189 6.37 -1.707
-2.167 6.372 -1.706
-2.152 6.391 -1.709
-2.422 7.259 -1.65
-2.416 7.278 -1.653
-2.396 7.296 -1.656
-2.371 7.297 -1.654
-2.356 7.328 -1.66
-2.34 7.358 -1.665
-2.309 7.341 -1.66
-2.294 7.372 -1.665
-2.284 7.381 -1.667
-2.26 7.385 -1.666
-2.244 7.418 -1.672
-2.225 7.438 -1.675
-2.209 7.469 -1.681
-2.204 7.538 -1.696
-2.179 7.543 -1.696
-2.17 7.556 -1.698
-2.151 7.579 -1.702
-2.901 6.424 -1.24
-2.887 6.446 -1.243
-2.88 6.485 -1.249
-2.858 6.489 -1.248
-2.852 6.532 -1.256
-2.888 6.641 -1.278
-2.923 6.778 -1.305
-2.955 6.911 -1.331
-2.465 10.762 -1.628
-2.434 10.783 -1.63
-2.4 10.793 -1.63
-2.391 10.829 -1.636
-2.359 10.848 -1.638
-2.328 10.867 -1.64
-2.301 10.911 -1.646
-2.28 10.982 -1.656
-2.264 11.074 -1.67
-2.238 11.128 -1.677
-2.224 11.147 -1.68
-2.423 14.707 -1.631
-2.379 14.728 -1.632
-2.34 14.781 -1.638
-2.317 14.939 -1.657
-2.296 15.111 -1.677
-2.275 15.138 -1.68
-2.232 15.175 -1.684
-2.635 18.408 -1.626
-2.607 18.424 -1.627
-2.55 18.436 -1.628
-2.492 18.442 -1.628
-2.438 18.483 -1.631
-2.394 18.595 -1.641
-2.367 18.853 -1.666
-2.323 18.981 -1.678
-3.214 35.22 -1.572
-3.108 35.29 -1.575
-3.003 35.361 -1.578
-2.898 35.452 -1.582
-2.793 35.535 -1.586
-2.695 35.718 -1.595
-2.678 36.251 -1.622
-2.566 36.285 -1.623
-2.453 36.316 -1.624
