5.59009 -0.0308717 0.0620061 -0.00123379
6.142 3.362 -1.78
6.119 3.324 -1.769
6.121 3.301 -1.766
6.109 3.269 -1.76
6.094 3.249 -1.753
6.089 3.221 -1.749
6.079 3.191 -1.742
6.078 3.167 -1.739
6.054 3.13 -1.729
6.675 4.709 -1.769
6.674 4.677 -1.765
6.656 4.649 -1.757
6.638 4.605 -1.748
6.63 4.569 -1.742
6.616 4.528 -1.734
6.604 4.49 -1.727
6.597 4.455 -1.721
6.579 4.412 -1.712
7.498 6.277 -1.769
7.502 6.241 -1.765
7.495 6.195 -1.758
7.466 6.131 -1.746
7.427 6.06 -1.731
7.379 6.001 -1.717
1.92 10.73 -1.606
1.939 10.642 -1.593
1.961 10.576 -1.583
1.981 10.5 -1.571
2.002 10.431 -1.561
2.007 10.28 -1.538
11.578 10.77 -1.742
11.453 10.587 -1.715
11.394 10.466 -1.7
11.352 10.362 -1.688
11.336 10.282 -1.68
16.524 0.841001 -1.425
16.163 0.772001 -1.389
16.32 0.728001 -1.404
16.197 0.671001 -1.392
16.174 0.645001 -1.39
16.15 0.593001 -1.387
16.22 0.545001 -1.394
16.052 0.488001 -1.377
16.02 0.437001 -1.374
