-10.1066 0.641567 -0.0812135 0.00319775
-8.554 4.778 -1.772
-8.556 4.814 -1.776
-8.546 4.844 -1.777
-8.555 4.884 -1.783
-8.556 4.902 -1.785
-8.552 4.936 -1.787
-8.549 4.97 -1.79
-8.546 5.005 -1.793
-8.548 5.041 -1.797
-8.53 5.067 -1.796
-8.484 5.076 -1.79
-8.53 5.121 -1.802
-8.549 5.169 -1.81
-8.538 5.199 -1.811
-8.54 5.237 -1.815
-8.532 5.269 -1.817
-8.515 5.296 -1.817
-8.522 5.337 -1.822
-8.493 7.767 -1.702
-8.532 7.852 -1.716
-8.55 7.918 -1.725
-8.551 7.969 -1.731
-8.553 8.022 -1.737
-8.545 8.065 -1.741
-8.554 8.098 -1.745
-8.547 8.143 -1.749
-8.546 8.193 -1.755
-8.537 8.236 -1.758
-8.54 8.29 -1.765
-21.948 3.642 -2.532
-21.964 3.715 -2.536
-21.995 3.792 -2.541
-22.022 3.868 -2.546
-22.055 3.909 -2.551
-22.08 3.985 -2.555
-22.085 4.058 -2.557
-22.125 4.137 -2.564
-22.155 4.214 -2.569
-22.178 4.291 -2.574
-22.221 4.372 -2.581
-22.218 4.408 -2.582
-22.239 4.484 -2.586
-22.223 4.554 -2.586
-21.417 13.889 -2.307
-21.41 13.98 -2.311
-21.382 14.058 -2.313
-21.373 14.148 -2.318
-21.368 14.242 -2.322
-21.361 14.334 -2.327
-21.374 14.391 -2.331
-21.355 14.476 -2.334
-21.349 14.57 -2.339
-21.342 14.664 -2.343
-21.338 14.76 -2.348
-21.325 14.85 -2.352
-21.301 14.933 -2.355
-21.3 14.982 -2.358
