54.6469 -45.0995 8.28532 -0.454311
-8.537 4.804 -1.772
-8.543 4.842 -1.777
-8.556 4.867 -1.781
-8.542 4.895 -1.782
-8.547 4.933 -1.786
-8.547 4.969 -1.79
-8.538 5 -1.791
-8.546 5.04 -1.796
-8.541 5.056 -1.797
-8.495 5.065 -1.79
-8.536 5.125 -1.803
-8.534 5.16 -1.806
-8.531 5.195 -1.809
-8.528 5.23 -1.812
-8.528 5.267 -1.816
-8.512 5.276 -1.814
-8.528 5.323 -1.822
-8.534 7.903 -1.722
-8.549 7.968 -1.731
-8.558 8.001 -1.735
-8.548 8.042 -1.738
-8.542 8.087 -1.743
-8.546 8.141 -1.749
-8.534 8.182 -1.752
-8.534 8.233 -1.758
-8.535 8.286 -1.764
-8.538 8.315 -1.767
-8.534 8.364 -1.772
-8.54 8.422 -1.78
-21.94 3.641 -2.531
-21.966 3.716 -2.536
-21.982 3.789 -2.539
-22.009 3.83 -2.543
-22.038 3.906 -2.548
-22.088 3.987 -2.556
-22.089 4.058 -2.558
-22.119 4.136 -2.563
-22.159 4.215 -2.57
-22.18 4.292 -2.574
-22.22 4.335 -2.58
-22.228 4.409 -2.583
-22.241 4.485 -2.586
-29.107 13.725 -2.757
-29.195 13.879 -2.77
-29.493 14.078 -2.803
-29.628 14.257 -2.821
-29.68 14.397 -2.831
-29.903 14.622 -2.858
