6.01642 -0.333713 0.131157 -0.00628498
6.137 3.435 -1.788
6.129 3.418 -1.784
6.14 3.399 -1.784
6.12 3.363 -1.774
6.121 3.338 -1.771
6.131 3.318 -1.771
6.113 3.284 -1.762
6.097 3.263 -1.756
6.101 3.24 -1.754
6.092 3.211 -1.748
6.078 3.179 -1.741
6.07 3.15 -1.735
6.669 4.674 -1.763
6.668 4.642 -1.759
6.628 4.583 -1.743
6.617 4.544 -1.736
6.61 4.509 -1.73
6.598 4.471 -1.723
6.593 4.437 -1.718
6.568 4.405 -1.709
7.517 6.273 -1.771
7.476 6.199 -1.756
7.482 6.164 -1.752
7.453 6.101 -1.74
7.411 6.027 -1.725
7.394 5.995 -1.719
1.858 10.779 -1.612
1.871 10.753 -1.608
1.901 10.725 -1.604
1.933 10.708 -1.603
1.95 10.612 -1.588
1.973 10.549 -1.579
1.992 10.466 -1.566
2.01 10.38 -1.554
11.539 10.768 -1.738
11.499 10.663 -1.726
11.466 10.566 -1.715
11.399 10.437 -1.698
11.384 10.359 -1.69
11.358 10.302 -1.683
13.106 11.389 -1.505
12.986 11.212 -1.485
12.682 10.915 -1.443
21.477 5.284 -1.428
21.385 5.19 -1.42
21.05 5.038 -1.394
21.1 4.981 -1.396
21.159 4.924 -1.399
21.096 4.875 -1.394
21.034 4.791 -1.388
20.802 4.669 -1.37
20.978 4.639 -1.382
20.757 4.522 -1.364
20.749 4.452 -1.362
20.986 4.434 -1.379
21.032 4.409 -1.382
20.76 4.284 -1.361
20.799 4.224 -1.363
20.749 4.146 -1.358
20.618 4.052 -1.347
20.554 3.972 -1.341
20.533 3.935 -1.339
20.588 3.878 -1.342
20.612 3.816 -1.343
20.981 3.817 -1.37
20.482 3.659 -1.332
20.384 3.575 -1.324
16.479 47.209 -0.843
16.585 47.037 -0.841
16.723 46.956 -0.84
16.859 46.871 -0.839
16.995 46.788 -0.839
17.015 46.615 -0.835
17.196 46.655 -0.838
17.281 46.436 -0.834
17.243 45.893 -0.823
17.331 45.693 -0.82
17.583 45.92 -0.826
17.587 45.717 -0.822
17.295 44.541 -0.797
17.322 44.198 -0.79
