-8.48806 -0.195933 0.0593536 -0.0044516
-8.551 4.758 -1.77
-8.56 4.799 -1.776
-8.556 4.831 -1.778
-8.545 4.861 -1.779
-8.539 4.893 -1.781
-8.547 4.933 -1.786
-8.546 4.951 -1.788
-8.549 4.988 -1.792
-8.54 5.019 -1.793
-8.54 5.055 -1.797
-8.509 5.073 -1.793
-8.521 5.116 -1.8
-8.544 5.148 -1.807
-8.547 5.187 -1.811
-8.535 5.216 -1.812
-8.531 5.251 -1.815
-8.51 5.274 -1.814
-8.528 5.323 -1.822
-8.5 7.75 -1.701
-8.534 7.83 -1.714
-8.523 7.869 -1.717
-8.552 7.945 -1.728
-8.554 7.997 -1.734
-8.539 8.034 -1.737
-8.54 8.085 -1.742
-8.558 8.128 -1.749
-8.54 8.162 -1.751
-8.547 8.22 -1.758
-8.545 8.27 -1.763
-21.984 3.754 -2.539
-22.021 3.832 -2.545
-22.038 3.906 -2.548
-22.074 3.984 -2.555
-22.069 4.055 -2.556
-22.12 4.1 -2.563
-22.155 4.179 -2.569
-22.179 4.255 -2.573
-22.215 4.334 -2.579
-22.224 4.409 -2.582
-22.245 4.485 -2.587
-22.256 4.56 -2.59
-28.908 13.465 -2.73
-29.114 13.673 -2.755
-29.167 13.81 -2.765
-29.344 14.007 -2.787
-29.609 14.248 -2.819
-29.639 14.377 -2.827
-29.919 14.571 -2.858
-29.85 14.654 -2.855
