-9.76993 0.433175 -0.0416183 0.00083551
-8.55 4.758 -1.77
-8.55 4.793 -1.773
-8.563 4.818 -1.778
-8.551 4.847 -1.779
-8.543 4.877 -1.78
-8.546 4.915 -1.784
-8.55 4.953 -1.788
-8.534 4.979 -1.788
-8.543 5.003 -1.792
-8.559 5.048 -1.799
-8.528 5.066 -1.796
-8.489 5.079 -1.791
-8.542 5.147 -1.806
-8.526 5.174 -1.806
-8.524 5.21 -1.81
-8.526 5.229 -1.812
-8.532 5.269 -1.817
-8.527 5.303 -1.82
-8.522 5.337 -1.822
-8.555 7.923 -1.726
-8.556 7.974 -1.732
-8.557 8.026 -1.738
-8.549 8.069 -1.742
-8.557 8.127 -1.749
-8.533 8.155 -1.749
-8.53 8.203 -1.754
-8.548 8.247 -1.761
-8.551 8.301 -1.767
-8.539 8.342 -1.77
-8.542 8.398 -1.777
-29.132 13.737 -2.759
-29.231 13.897 -2.774
-29.611 14.192 -2.817
-29.624 14.312 -2.823
-29.77 14.499 -2.842
-29.898 14.678 -2.86
