-11.9061 1.43233 -0.193695 0.00840878
-8.539 4.84 -1.776
-8.545 4.878 -1.78
-8.555 4.92 -1.786
-8.548 4.952 -1.788
-8.549 4.988 -1.792
-8.537 5.017 -1.793
-8.536 5.034 -1.794
-8.532 5.068 -1.797
-8.499 5.085 -1.793
-8.528 5.139 -1.803
-8.541 5.183 -1.81
-8.526 5.211 -1.81
-8.515 5.241 -1.811
-8.538 5.273 -1.818
-8.52 5.299 -1.818
-8.513 5.332 -1.82
-8.502 5.362 -1.822
-8.46 5.373 -1.816
-8.473 5.418 -1.823
-8.474 5.457 -1.827
-8.505 7.754 -1.702
-8.504 7.802 -1.707
-8.52 7.866 -1.716
-8.55 7.944 -1.728
-8.555 7.973 -1.732
-8.547 8.016 -1.736
-8.555 8.074 -1.743
-8.543 8.113 -1.746
-8.53 8.152 -1.748
-8.54 8.213 -1.756
-21.978 3.753 -2.538
-22.003 3.829 -2.543
-22.03 3.869 -2.547
-22.055 3.945 -2.551
-22.074 4.02 -2.555
-22.114 4.099 -2.562
-22.148 4.177 -2.568
-22.164 4.252 -2.571
-22.207 4.333 -2.578
-22.21 4.37 -2.58
-22.241 4.448 -2.585
-22.254 4.524 -2.589
-29.071 13.653 -2.751
-29.136 13.795 -2.762
-29.28 13.92 -2.779
-29.599 14.186 -2.816
-29.638 14.319 -2.824
-29.833 14.53 -2.849
-29.86 14.659 -2.856
