-9.49347 0.301279 -0.0206312 -0.000262237
-8.548 4.739 -1.768
-8.546 4.773 -1.771
-8.544 4.807 -1.774
-8.554 4.83 -1.777
-8.551 4.864 -1.78
-8.537 4.892 -1.78
-8.54 4.929 -1.785
-8.542 4.966 -1.788
-8.535 4.998 -1.79
-8.545 5.022 -1.795
-8.546 5.059 -1.798
-8.497 5.066 -1.791
-8.525 5.118 -1.801
-8.539 5.163 -1.807
-8.534 5.197 -1.81
-8.528 5.23 -1.812
-8.525 5.247 -1.814
-8.517 5.279 -1.815
-8.512 5.313 -1.818
-8.508 5.348 -1.821
-8.553 7.946 -1.729
-8.558 8.001 -1.735
-8.548 8.042 -1.738
-8.544 8.089 -1.743
-8.547 8.143 -1.749
-8.536 8.183 -1.753
-8.534 8.233 -1.758
-8.544 8.269 -1.763
-8.546 8.323 -1.769
-8.533 8.362 -1.772
-8.539 8.421 -1.779
-21.982 3.754 -2.538
-22.025 3.832 -2.545
-22.032 3.905 -2.548
-22.076 3.984 -2.555
-22.069 4.055 -2.556
-22.125 4.137 -2.564
-22.157 4.215 -2.57
-22.171 4.254 -2.572
-22.213 4.334 -2.579
-22.209 4.406 -2.58
-22.247 4.486 -2.587
-22.252 4.56 -2.589
-29.098 13.721 -2.756
-29.185 13.818 -2.767
-29.445 14.055 -2.798
-29.618 14.252 -2.82
-29.655 14.385 -2.828
-29.905 14.623 -2.858
