6.47428 -0.649291 0.199886 -0.011032
6.14 3.399 -1.784
6.144 3.376 -1.782
6.132 3.357 -1.776
6.119 3.324 -1.769
6.101 3.289 -1.76
6.111 3.27 -1.76
6.096 3.237 -1.752
6.101 3.216 -1.751
6.084 3.182 -1.742
6.077 3.166 -1.739
6.063 3.134 -1.731
6.67 4.737 -1.772
6.667 4.704 -1.767
6.669 4.674 -1.763
6.674 4.646 -1.761
6.638 4.589 -1.746
6.625 4.55 -1.738
6.619 4.53 -1.735
6.596 4.484 -1.725
6.589 4.449 -1.719
7.503 6.261 -1.768
7.501 6.24 -1.765
7.489 6.19 -1.757
7.435 6.106 -1.738
7.418 6.053 -1.729
7.384 5.986 -1.716
1.838 10.758 -1.608
1.873 10.76 -1.609
1.905 10.745 -1.608
1.935 10.717 -1.604
1.954 10.629 -1.591
1.976 10.563 -1.581
1.979 10.486 -1.569
1.998 10.41 -1.558
11.56 10.72 -1.736
11.466 10.599 -1.718
11.398 10.47 -1.701
11.374 10.382 -1.691
11.346 10.291 -1.681
14.612 9.879 -1.532
14.594 9.799 -1.526
14.312 9.544 -1.489
14.487 9.596 -1.507
14.499 9.571 -1.506
14.414 9.45 -1.493
14.269 9.29 -1.472
19.279 12.69 -1.499
19.086 12.478 -1.479
19.06 12.375 -1.473
18.953 12.263 -1.462
18.822 12.094 -1.447
