-10.3935 0.779903 -0.104293 0.0044715
-8.55 4.758 -1.77
-8.555 4.796 -1.774
-8.55 4.828 -1.777
-8.547 4.862 -1.779
-8.54 4.894 -1.781
-8.54 4.929 -1.785
-8.546 4.951 -1.788
-8.546 4.986 -1.791
-8.547 5.023 -1.795
-8.536 5.053 -1.796
-8.504 5.07 -1.792
-8.523 5.117 -1.8
-8.547 5.168 -1.809
-8.539 5.182 -1.809
-8.538 5.218 -1.813
-8.538 5.255 -1.817
-8.528 5.286 -1.818
-8.518 5.317 -1.82
-8.508 5.348 -1.821
-8.533 7.878 -1.719
-8.553 7.946 -1.729
-8.558 8.001 -1.735
-8.54 8.035 -1.737
-8.538 8.083 -1.742
-8.544 8.14 -1.749
-8.54 8.162 -1.751
-8.54 8.213 -1.756
-8.537 8.262 -1.761
-8.539 8.316 -1.768
-8.536 8.365 -1.773
-8.533 8.415 -1.778
-21.978 3.753 -2.538
-22.015 3.831 -2.544
-22.038 3.906 -2.548
-22.078 3.985 -2.555
-22.075 4.056 -2.556
-22.124 4.101 -2.563
-22.161 4.18 -2.569
-22.181 4.256 -2.574
-22.211 4.334 -2.579
-22.222 4.408 -2.582
-22.245 4.485 -2.587
-22.26 4.561 -2.59
-28.912 13.467 -2.73
-29.111 13.671 -2.755
-29.177 13.815 -2.766
-29.358 14.014 -2.789
-29.609 14.248 -2.819
-29.641 14.378 -2.827
-29.885 14.613 -2.856
-29.835 14.647 -2.854
