7.18503 -1.14944 0.314397 -0.0195472
6.119 3.3 -1.766
6.114 3.272 -1.761
6.084 3.243 -1.75
6.091 3.222 -1.749
6.087 3.196 -1.745
6.075 3.165 -1.738
6.069 3.138 -1.733
6.064 3.111 -1.729
6.041 3.087 -1.72
6.037 3.061 -1.716
6.66 4.73 -1.769
6.667 4.704 -1.767
6.666 4.688 -1.765
6.664 4.654 -1.76
6.638 4.605 -1.748
6.621 4.562 -1.739
6.605 4.52 -1.731
6.598 4.485 -1.725
6.593 4.451 -1.72
6.582 4.429 -1.715
7.511 6.288 -1.772
7.502 6.241 -1.765
7.486 6.187 -1.756
7.458 6.125 -1.744
7.442 6.073 -1.735
7.387 6.007 -1.719
1.858 10.775 -1.611
1.885 10.732 -1.605
1.918 10.72 -1.604
1.941 10.656 -1.595
1.964 10.593 -1.586
1.982 10.506 -1.572
1.987 10.442 -1.563
1.997 10.312 -1.543
11.57 10.764 -1.741
11.454 10.588 -1.716
11.397 10.469 -1.701
11.351 10.36 -1.687
13.052 11.306 -1.496
12.749 11.008 -1.454
12.713 10.906 -1.445
