6.7488 -0.841714 0.244127 -0.0143794
6.137 3.359 -1.778
6.128 3.329 -1.772
6.119 3.3 -1.766
6.113 3.284 -1.762
6.082 3.242 -1.75
6.099 3.227 -1.752
6.091 3.198 -1.746
6.083 3.17 -1.741
6.057 3.132 -1.73
6.076 3.117 -1.732
6.048 3.091 -1.722
6.66 4.73 -1.769
6.667 4.704 -1.767
6.674 4.693 -1.767
6.672 4.66 -1.762
6.637 4.604 -1.748
6.63 4.569 -1.742
6.616 4.528 -1.734
6.598 4.485 -1.725
6.594 4.453 -1.72
6.579 4.427 -1.714
7.511 6.248 -1.767
7.493 6.193 -1.758
7.475 6.138 -1.748
7.442 6.073 -1.735
7.38 6.003 -1.717
7.369 5.955 -1.71
1.92 10.732 -1.606
1.941 10.654 -1.594
1.962 10.582 -1.584
1.982 10.502 -1.572
2.003 10.433 -1.562
2.006 10.272 -1.537
11.583 10.776 -1.743
11.46 10.593 -1.717
11.403 10.474 -1.702
11.356 10.366 -1.688
11.342 10.287 -1.681
16.603 3.259 -1.462
16.626 3.21 -1.463
16.558 3.143 -1.455
16.584 3.094 -1.457
16.615 3.045 -1.459
16.512 3 -1.448
16.496 2.943 -1.446
16.568 2.902 -1.452
16.445 2.828 -1.439
16.411 2.769 -1.434
16.42 2.717 -1.434
16.528 2.682 -1.444
16.638 2.673 -1.455
16.513 2.599 -1.442
16.466 2.539 -1.436
16.136 2.436 -1.403
16.163 2.388 -1.405
16.446 2.377 -1.432
16.278 2.301 -1.415
16.256 2.271 -1.412
16.011 2.185 -1.387
16.527 47.108 -0.842
16.652 46.99 -0.84
16.777 46.877 -0.839
16.923 46.818 -0.839
17.032 46.662 -0.836
17.175 46.599 -0.836
17.222 46.502 -0.835
17.21 46.025 -0.825
17.276 45.763 -0.821
17.469 45.839 -0.824
17.608 45.771 -0.823
17.33 44.629 -0.799
17.267 44.263 -0.791
