-13.4556 2.27206 -0.341811 0.0168221
-8.554 4.742 -1.769
-8.547 4.774 -1.771
-8.544 4.807 -1.774
-8.537 4.821 -1.774
-8.54 4.858 -1.778
-8.545 4.897 -1.782
-8.535 4.926 -1.784
-8.538 4.964 -1.788
-8.538 5 -1.791
-8.539 5.018 -1.793
-8.548 5.06 -1.799
-8.488 5.061 -1.789
-8.513 5.111 -1.798
-8.529 5.157 -1.805
-8.526 5.192 -1.808
-8.523 5.227 -1.811
-8.525 5.247 -1.814
-8.513 5.277 -1.815
-8.518 5.317 -1.82
-8.503 5.344 -1.82
-8.479 7.755 -1.699
-8.531 7.851 -1.716
-8.528 7.898 -1.721
-8.557 7.95 -1.73
-8.55 7.993 -1.733
-8.543 8.038 -1.737
-8.542 8.087 -1.743
-8.553 8.148 -1.751
-8.531 8.179 -1.752
-8.529 8.228 -1.757
-8.541 8.266 -1.762
-21.946 3.713 -2.533
-21.986 3.755 -2.539
-22.007 3.829 -2.543
-22.038 3.906 -2.548
-22.068 3.983 -2.554
-22.058 4.053 -2.554
-22.117 4.135 -2.563
-22.157 4.179 -2.569
-22.171 4.254 -2.572
-22.209 4.333 -2.579
-22.218 4.408 -2.582
-22.236 4.484 -2.586
-22.237 4.557 -2.587
-28.952 13.541 -2.737
-29.104 13.724 -2.756
-29.195 13.823 -2.768
-29.434 14.05 -2.797
-29.612 14.25 -2.819
-29.659 14.387 -2.829
-29.885 14.613 -2.856
