-8.0774 -0.400143 0.0928645 -0.00624897
-8.548 4.757 -1.769
-8.548 4.792 -1.773
-8.545 4.826 -1.776
-8.554 4.866 -1.781
-8.548 4.88 -1.781
-8.541 4.912 -1.783
-8.539 4.947 -1.786
-8.544 4.985 -1.791
-8.544 5.021 -1.794
-8.55 5.061 -1.799
-8.509 5.073 -1.793
-8.497 5.084 -1.793
-8.547 5.15 -1.807
-8.539 5.182 -1.809
-8.531 5.214 -1.811
-8.521 5.245 -1.813
-8.508 5.273 -1.814
-8.502 5.306 -1.816
-8.513 5.332 -1.82
-8.495 7.794 -1.705
-8.52 7.866 -1.716
-8.543 7.937 -1.726
-8.538 7.982 -1.731
-8.548 8.042 -1.738
-8.547 8.066 -1.741
-8.541 8.112 -1.745
-8.546 8.167 -1.752
-8.541 8.214 -1.757
-21.96 3.679 -2.534
-21.972 3.752 -2.537
-22.009 3.83 -2.543
-22.028 3.904 -2.547
-22.063 3.946 -2.552
-22.08 4.021 -2.556
-22.116 4.099 -2.562
-22.15 4.177 -2.568
-22.166 4.253 -2.572
-22.203 4.332 -2.578
-22.201 4.404 -2.579
-22.231 4.446 -2.584
-29.297 13.985 -2.783
-29.576 14.232 -2.816
-29.651 14.326 -2.825
-29.838 14.532 -2.849
-29.833 14.646 -2.853
