6.59169 -0.722364 0.215123 -0.0121719
6.129 3.355 -1.775
6.111 3.32 -1.766
6.116 3.298 -1.765
6.108 3.268 -1.759
6.082 3.23 -1.748
6.089 3.221 -1.749
6.063 3.183 -1.738
6.083 3.17 -1.741
6.04 3.123 -1.725
6.067 3.113 -1.73
6.05 3.08 -1.721
6.052 3.057 -1.719
6.024 3.031 -1.709
6.039 3.015 -1.711
6.023 2.983 -1.703
6.018 2.957 -1.699
6.677 4.679 -1.766
6.671 4.644 -1.76
6.621 4.593 -1.743
6.619 4.561 -1.739
6.608 4.523 -1.732
6.595 4.483 -1.724
6.594 4.453 -1.72
6.581 4.413 -1.712
7.505 6.283 -1.771
7.496 6.236 -1.763
7.489 6.19 -1.757
7.45 6.118 -1.742
7.421 6.055 -1.73
7.378 5.981 -1.714
1.936 10.723 -1.605
1.938 10.64 -1.592
1.96 10.568 -1.582
1.98 10.494 -1.571
1.998 10.41 -1.558
2.003 10.258 -1.534
11.573 10.766 -1.741
11.46 10.593 -1.717
11.4 10.471 -1.701
11.356 10.366 -1.688
11.336 10.282 -1.68
16.621 2.643 -1.453
16.548 2.605 -1.445
16.423 2.532 -1.432
16.149 2.438 -1.404
16.151 2.386 -1.403
16.365 2.366 -1.424
16.274 2.3 -1.414
16.2 2.238 -1.406
16.013 2.186 -1.387
