-9.77609 0.437574 -0.0426934 0.000917685
-8.555 4.743 -1.769
-8.552 4.777 -1.772
-8.553 4.812 -1.776
-8.546 4.844 -1.777
-8.55 4.881 -1.782
-8.559 4.904 -1.785
-8.55 4.935 -1.787
-8.54 4.965 -1.788
-8.56 5.013 -1.796
-8.544 5.039 -1.796
-8.527 5.065 -1.796
-8.49 5.08 -1.791
-8.541 5.128 -1.804
-8.535 5.161 -1.807
-8.539 5.2 -1.811
-8.531 5.232 -1.813
-8.533 5.27 -1.817
-8.508 5.292 -1.815
-8.518 5.335 -1.822
-8.508 5.348 -1.821
-8.494 7.768 -1.703
-8.519 7.84 -1.713
-8.548 7.917 -1.725
-8.541 7.96 -1.729
-8.543 8.012 -1.735
-8.542 8.062 -1.74
-8.555 8.1 -1.746
-8.537 8.133 -1.747
-8.539 8.186 -1.753
-8.536 8.235 -1.758
-21.958 3.714 -2.535
-21.999 3.792 -2.541
-22.03 3.869 -2.547
-22.055 3.945 -2.551
-22.063 3.982 -2.553
-22.085 4.058 -2.557
-22.131 4.138 -2.565
-22.174 4.218 -2.572
-22.182 4.292 -2.575
-22.219 4.371 -2.581
-22.219 4.444 -2.583
-22.259 4.488 -2.588
