6.63555 -0.755057 0.222205 -0.0125705
6.098 3.426 -1.777
6.131 3.419 -1.784
6.143 3.401 -1.785
6.132 3.369 -1.778
6.131 3.356 -1.776
6.106 3.317 -1.765
6.114 3.297 -1.764
6.114 3.272 -1.761
6.091 3.235 -1.751
6.094 3.212 -1.749
6.084 3.182 -1.742
6.068 3.162 -1.736
6.068 3.137 -1.733
6.067 3.113 -1.73
6.031 3.07 -1.716
6.67 4.737 -1.772
6.672 4.707 -1.768
6.667 4.673 -1.763
6.66 4.636 -1.757
6.631 4.585 -1.744
6.623 4.549 -1.738
6.606 4.522 -1.731
6.593 4.482 -1.724
6.578 4.442 -1.715
7.505 6.243 -1.766
7.492 6.192 -1.757
7.45 6.118 -1.742
7.426 6.059 -1.731
7.381 5.983 -1.715
1.839 10.766 -1.609
1.872 10.758 -1.609
1.904 10.741 -1.607
1.935 10.719 -1.604
1.955 10.637 -1.592
1.976 10.565 -1.582
1.977 10.476 -1.568
1.998 10.408 -1.558
11.546 10.707 -1.734
11.49 10.588 -1.719
11.41 10.481 -1.703
11.377 10.385 -1.692
11.343 10.289 -1.681
14.609 9.876 -1.532
14.6 9.804 -1.527
14.336 9.561 -1.492
14.482 9.593 -1.506
14.504 9.542 -1.505
14.394 9.437 -1.49
14.287 9.302 -1.474
19.297 12.702 -1.501
19.086 12.478 -1.479
19.014 12.345 -1.469
18.938 12.253 -1.461
18.818 12.092 -1.447
