-9.19969 0.157919 0.00176909 -0.00139006
-8.552 4.741 -1.769
-8.551 4.776 -1.772
-8.552 4.794 -1.774
-8.557 4.832 -1.778
-8.552 4.865 -1.78
-8.547 4.898 -1.783
-8.532 4.924 -1.783
-8.54 4.965 -1.788
-8.552 5.008 -1.794
-8.545 5.022 -1.795
-8.541 5.056 -1.797
-8.497 5.066 -1.791
-8.521 5.116 -1.8
-8.544 5.166 -1.809
-8.531 5.195 -1.809
-8.541 5.22 -1.814
-8.538 5.255 -1.817
-8.52 5.281 -1.816
-8.51 5.312 -1.818
-8.503 5.344 -1.82
-8.49 7.764 -1.702
-8.526 7.847 -1.715
-8.543 7.887 -1.721
-8.549 7.942 -1.728
-8.551 7.995 -1.734
-8.561 8.054 -1.741
-8.54 8.085 -1.742
-8.544 8.14 -1.749
-8.536 8.183 -1.753
-8.559 8.231 -1.76
-21.962 3.715 -2.535
-21.991 3.756 -2.54
-22.023 3.832 -2.545
-22.042 3.907 -2.549
-22.076 3.984 -2.555
-22.083 4.057 -2.557
-22.129 4.138 -2.565
-22.159 4.215 -2.57
-22.183 4.256 -2.574
-22.213 4.334 -2.579
-22.222 4.408 -2.582
-22.236 4.484 -2.586
-22.241 4.557 -2.588
-29.114 13.673 -2.755
-29.213 13.832 -2.77
-29.447 14.056 -2.798
-29.616 14.251 -2.82
-29.666 14.39 -2.829
-29.88 14.611 -2.856
