-40.7883 7.02084 -0.841848 0.0567786
-8.549 4.81 -1.775
-8.562 4.835 -1.779
-8.559 4.869 -1.782
-8.549 4.899 -1.783
-8.549 4.934 -1.787
-8.549 4.97 -1.79
-8.546 5.005 -1.793
-8.547 5.023 -1.795
-8.535 5.052 -1.796
-8.507 5.072 -1.793
-8.528 5.12 -1.801
-8.546 5.167 -1.809
-8.528 5.193 -1.809
-8.526 5.229 -1.812
-8.54 5.256 -1.817
-8.517 5.279 -1.815
-8.525 5.321 -1.821
-8.51 5.349 -1.822
-8.475 5.364 -1.817
-8.488 5.409 -1.824
-8.487 5.447 -1.828
-8.485 7.76 -1.701
-8.529 7.85 -1.716
-8.538 7.907 -1.723
-8.557 7.95 -1.73
-8.563 8.005 -1.736
-8.551 8.044 -1.739
-8.551 8.096 -1.745
-8.549 8.144 -1.75
-8.527 8.175 -1.751
-8.547 8.22 -1.758
-8.551 8.275 -1.764
-21.962 3.715 -2.535
-22.003 3.758 -2.541
-22.026 3.833 -2.546
-22.042 3.907 -2.549
-22.08 3.985 -2.555
-22.091 4.059 -2.558
-22.129 4.138 -2.565
-22.164 4.216 -2.571
-22.175 4.254 -2.573
-22.228 4.337 -2.581
-22.214 4.407 -2.581
-22.247 4.486 -2.587
-22.247 4.559 -2.589
-29.098 13.721 -2.756
-29.188 13.82 -2.767
-29.454 14.059 -2.799
-29.618 14.252 -2.82
-29.664 14.389 -2.829
-29.908 14.625 -2.859
