-7.96361 -0.448242 0.0991079 -0.0064978
-8.559 4.745 -1.77
-8.558 4.78 -1.773
-8.561 4.817 -1.777
-8.556 4.85 -1.78
-8.546 4.879 -1.781
-8.545 4.914 -1.784
-8.549 4.934 -1.787
-8.554 4.973 -1.791
-8.56 5.013 -1.796
-8.551 5.043 -1.798
-8.54 5.073 -1.799
-8.49 5.08 -1.791
-8.532 5.141 -1.804
-8.554 5.172 -1.811
-8.546 5.204 -1.813
-8.54 5.237 -1.815
-8.537 5.272 -1.818
-8.503 5.289 -1.814
-8.517 5.334 -1.821
-8.498 5.36 -1.821
-8.543 7.962 -1.729
-8.559 8.027 -1.738
-8.545 8.065 -1.741
-8.557 8.101 -1.746
-8.55 8.146 -1.75
-8.547 8.194 -1.755
-8.537 8.236 -1.758
-8.541 8.292 -1.765
-8.532 8.335 -1.769
-8.527 8.382 -1.774
-8.538 8.419 -1.779
-21.964 3.715 -2.536
-22.003 3.793 -2.542
-22.018 3.867 -2.545
-22.065 3.947 -2.553
-22.068 4.019 -2.555
-22.091 4.059 -2.558
-22.125 4.137 -2.564
-22.17 4.217 -2.571
-22.188 4.293 -2.575
-22.225 4.373 -2.582
-22.225 4.445 -2.583
-22.236 4.52 -2.586
-22.25 4.559 -2.589
-29.111 13.727 -2.757
-29.217 13.89 -2.772
-29.559 14.167 -2.812
-29.617 14.309 -2.822
-29.734 14.481 -2.839
-29.908 14.625 -2.859
