-11.5975 1.35585 -0.194198 0.00906306
-8.556 4.726 -1.768
-8.551 4.758 -1.77
-8.562 4.8 -1.776
-8.549 4.827 -1.776
-8.552 4.865 -1.78
-8.548 4.88 -1.781
-8.55 4.917 -1.785
-8.553 4.955 -1.789
-8.544 4.985 -1.791
-8.545 5.022 -1.795
-8.545 5.058 -1.798
-8.518 5.06 -1.794
-8.499 5.085 -1.793
-8.535 5.143 -1.805
-8.539 5.182 -1.809
-8.536 5.217 -1.812
-8.533 5.252 -1.815
-8.503 5.27 -1.812
-8.518 5.298 -1.818
-8.498 5.323 -1.817
-8.492 5.356 -1.819
-8.503 7.752 -1.702
-8.498 7.796 -1.706
-8.521 7.867 -1.716
-8.555 7.948 -1.729
-8.541 7.985 -1.732
-8.566 8.034 -1.74
-8.554 8.073 -1.742
-8.547 8.117 -1.747
-8.547 8.168 -1.752
-8.536 8.209 -1.755
-21.978 3.753 -2.538
-22.001 3.828 -2.542
-22.032 3.869 -2.547
-22.063 3.946 -2.552
-22.074 4.02 -2.555
-22.104 4.097 -2.561
-22.144 4.176 -2.567
-22.168 4.253 -2.572
-22.201 4.332 -2.578
-22.212 4.37 -2.58
-22.235 4.447 -2.585
-22.256 4.524 -2.589
-29.086 13.659 -2.752
-29.15 13.802 -2.763
-29.269 13.971 -2.78
-29.618 14.195 -2.818
-29.633 14.317 -2.824
-29.84 14.533 -2.849
-29.851 14.655 -2.855
