5.59371 -0.0215575 0.0573281 -0.000727397
6.117 3.424 -1.782
6.13 3.406 -1.782
6.13 3.381 -1.779
6.139 3.36 -1.778
6.121 3.338 -1.771
6.124 3.315 -1.769
6.101 3.277 -1.759
6.096 3.25 -1.754
6.109 3.232 -1.755
6.072 3.188 -1.74
6.082 3.169 -1.74
6.075 3.153 -1.737
6.044 3.112 -1.724
6.674 4.693 -1.767
6.662 4.653 -1.759
6.646 4.611 -1.751
6.633 4.571 -1.743
6.603 4.519 -1.73
6.599 4.501 -1.727
6.59 4.465 -1.721
6.575 4.425 -1.713
7.519 6.295 -1.774
7.511 6.248 -1.767
7.486 6.208 -1.758
7.47 6.154 -1.749
7.433 6.084 -1.735
7.388 6.009 -1.719
1.921 10.74 -1.607
1.943 10.668 -1.597
1.965 10.597 -1.586
1.968 10.522 -1.575
1.99 10.456 -1.565
1.999 10.323 -1.544
11.543 10.738 -1.736
11.457 10.591 -1.716
11.402 10.507 -1.704
11.343 10.386 -1.689
11.336 10.314 -1.682
13.067 11.355 -1.5
12.817 11.066 -1.463
12.698 10.893 -1.443
21.545 5.661 -1.44
21.241 5.546 -1.416
21.182 5.459 -1.41
21.123 5.373 -1.405
21.088 5.293 -1.401
21.238 5.26 -1.411
21.464 5.245 -1.427
21.294 5.132 -1.413
21.069 5.043 -1.395
21.192 5.002 -1.403
21.001 4.887 -1.388
21.125 4.846 -1.396
21.002 4.749 -1.385
20.902 4.657 -1.377
20.927 4.593 -1.377
20.725 4.515 -1.362
20.743 4.451 -1.362
20.987 4.434 -1.379
20.974 4.363 -1.377
20.822 4.263 -1.365
20.716 4.173 -1.356
20.753 4.147 -1.358
20.59 4.047 -1.345
20.538 3.969 -1.34
