5.23748 0.196525 0.0144857 0.0019613
6.137 3.359 -1.778
6.112 3.321 -1.767
6.119 3.3 -1.766
6.114 3.272 -1.761
6.089 3.234 -1.75
6.086 3.22 -1.748
6.077 3.191 -1.742
6.075 3.165 -1.738
6.056 3.131 -1.729
6.078 3.118 -1.733
6.053 3.081 -1.722
6.672 4.707 -1.768
6.671 4.675 -1.764
6.657 4.65 -1.758
6.627 4.598 -1.745
6.629 4.568 -1.742
6.621 4.532 -1.735
6.601 4.488 -1.726
6.586 4.447 -1.718
6.581 4.413 -1.712
7.504 6.282 -1.77
7.49 6.231 -1.762
7.492 6.192 -1.757
7.444 6.113 -1.741
7.433 6.065 -1.733
7.399 5.998 -1.72
7.369 5.955 -1.71
1.918 10.72 -1.604
1.939 10.644 -1.593
1.964 10.589 -1.585
1.98 10.492 -1.57
2.001 10.424 -1.56
2.006 10.274 -1.537
11.579 10.772 -1.742
11.453 10.587 -1.715
11.398 10.47 -1.701
11.349 10.359 -1.687
