7.61423 -1.43618 0.375 -0.0236565
6.131 3.343 -1.774
6.129 3.318 -1.771
6.099 3.289 -1.76
6.108 3.268 -1.759
6.097 3.238 -1.753
6.08 3.205 -1.744
6.082 3.181 -1.742
6.078 3.155 -1.738
6.064 3.135 -1.732
6.055 3.107 -1.726
6.044 3.077 -1.72
6.66 4.73 -1.769
6.662 4.7 -1.766
6.664 4.67 -1.762
6.652 4.63 -1.754
6.617 4.575 -1.74
6.623 4.549 -1.738
6.613 4.511 -1.731
6.595 4.483 -1.724
6.589 4.449 -1.719
7.512 6.269 -1.77
7.491 6.211 -1.76
7.483 6.165 -1.753
7.447 6.116 -1.741
7.403 6.04 -1.725
7.387 5.988 -1.717
1.841 10.778 -1.611
1.871 10.749 -1.607
1.9 10.719 -1.603
1.931 10.694 -1.6
1.953 10.626 -1.59
1.973 10.548 -1.579
1.992 10.468 -1.567
1.994 10.387 -1.554
11.532 10.967 -1.754
11.513 10.88 -1.745
11.482 10.783 -1.734
11.508 10.74 -1.733
11.522 10.684 -1.73
11.466 10.566 -1.715
11.408 10.479 -1.703
14.625 9.887 -1.534
14.597 9.801 -1.527
14.355 9.573 -1.495
14.467 9.583 -1.504
14.488 9.531 -1.503
14.404 9.411 -1.49
14.322 9.325 -1.478
