8.76673 -2.23551 0.553973 -0.0365969
5.388 0.549 -1.724
5.358 0.529 -1.713
5.348 0.511 -1.709
5.38 0.497 -1.72
5.338 0.476 -1.705
5.332 0.459 -1.702
5.33 0.442 -1.701
5.33 0.433 -1.701
5.316 0.416 -1.696
5.306 0.398 -1.692
5.311 0.382 -1.693
5.32 0.365 -1.696
5.304 0.348 -1.69
5.302 0.331 -1.689
5.294 0.322 -1.686
5.297 0.305 -1.687
5.291 0.288 -1.684
5.288 0.272 -1.683
5.291 0.255 -1.683
5.289 0.238 -1.683
5.278 0.23 -1.679
5.275 0.213 -1.678
5.274 0.196 -1.677
5.292 0.18 -1.683
5.288 0.164 -1.682
5.283 0.147 -1.68
5.276 0.13 -1.677
5.259 0.121 -1.671
6.131 3.343 -1.774
6.128 3.317 -1.77
6.116 3.285 -1.763
6.081 3.241 -1.749
6.084 3.231 -1.749
6.084 3.206 -1.745
6.065 3.172 -1.737
6.076 3.154 -1.737
6.057 3.12 -1.728
6.058 3.096 -1.726
6.041 3.063 -1.717
6.671 4.722 -1.77
6.674 4.693 -1.767
6.662 4.653 -1.759
6.663 4.638 -1.757
6.617 4.575 -1.74
6.609 4.539 -1.734
6.612 4.51 -1.731
6.597 4.469 -1.723
6.58 4.428 -1.714
7.51 6.308 -1.774
7.507 6.265 -1.769
7.491 6.211 -1.76
7.482 6.164 -1.752
7.446 6.096 -1.739
7.426 6.04 -1.729
7.375 5.978 -1.714
1.856 10.767 -1.61
1.886 10.738 -1.606
1.919 10.728 -1.605
1.929 10.684 -1.599
1.95 10.608 -1.587
1.971 10.536 -1.577
1.991 10.46 -1.566
2.007 10.364 -1.551
2.061 13.404 -1.535
2.084 13.277 -1.52
2.109 13.167 -1.506
2.11 12.914 -1.474
2.121 12.858 -1.467
