-9.1044 0.138743 0.000154309 -0.00107689
-8.556 4.709 -1.766
-8.561 4.746 -1.771
-8.561 4.781 -1.774
-8.553 4.812 -1.776
-8.547 4.827 -1.776
-8.556 4.867 -1.781
-8.554 4.902 -1.784
-8.544 4.931 -1.785
-8.54 4.965 -1.788
-8.54 5.001 -1.792
-8.544 5.039 -1.796
-8.546 5.059 -1.798
-8.49 5.062 -1.789
-8.523 5.117 -1.8
-8.542 5.165 -1.808
-8.538 5.199 -1.811
-8.538 5.236 -1.815
-8.525 5.265 -1.815
-8.522 5.282 -1.817
-8.528 5.323 -1.822
-8.507 5.347 -1.821
-8.553 7.946 -1.729
-8.561 8.004 -1.736
-8.551 8.044 -1.739
-8.553 8.097 -1.745
-8.553 8.148 -1.751
-8.531 8.179 -1.752
-8.533 8.232 -1.758
-8.547 8.271 -1.764
-8.541 8.317 -1.768
-8.539 8.368 -1.773
-8.54 8.422 -1.78
-21.958 3.714 -2.535
-21.989 3.791 -2.54
-22.036 3.834 -2.547
-22.051 3.909 -2.55
-22.082 3.985 -2.556
-22.091 4.059 -2.558
-22.127 4.137 -2.564
-22.163 4.216 -2.57
-22.178 4.291 -2.574
-22.23 4.337 -2.581
-22.24 4.412 -2.584
-22.255 4.487 -2.588
-29.104 13.724 -2.756
-29.203 13.827 -2.769
-29.479 14.071 -2.801
-29.63 14.258 -2.821
-29.678 14.396 -2.831
-29.901 14.621 -2.858
