-11.1327 1.13173 -0.158473 0.00718297
-8.504 7.802 -1.707
-8.513 7.859 -1.715
-8.556 7.949 -1.729
-8.545 7.989 -1.732
-8.552 8.02 -1.737
-8.557 8.075 -1.743
-8.556 8.125 -1.748
-8.539 8.16 -1.75
-8.547 8.22 -1.758
-21.97 3.752 -2.537
-22.009 3.83 -2.543
-22.032 3.905 -2.548
-22.077 3.949 -2.554
-22.082 4.021 -2.556
-22.108 4.098 -2.561
-22.152 4.178 -2.568
-22.171 4.254 -2.572
-22.207 4.333 -2.578
-22.211 4.406 -2.581
-22.243 4.449 -2.586
-22.263 4.526 -2.59
-29.075 13.654 -2.751
-29.141 13.798 -2.762
-29.269 13.971 -2.78
-29.588 14.181 -2.814
-29.635 14.318 -2.824
-29.833 14.53 -2.849
-29.835 14.647 -2.854
