-10.6716 0.897019 -0.1199 0.0051301
-8.54 4.77 -1.769
-8.567 4.803 -1.777
-8.556 4.831 -1.778
-8.544 4.86 -1.779
-8.547 4.898 -1.783
-8.564 4.943 -1.79
-8.554 4.973 -1.791
-8.556 4.992 -1.793
-8.549 5.024 -1.795
-8.553 5.063 -1.8
-8.5 5.068 -1.792
-8.513 5.111 -1.798
-8.544 5.166 -1.809
-8.531 5.195 -1.809
-8.541 5.22 -1.814
-8.53 5.25 -1.815
-8.515 5.278 -1.815
-8.523 5.32 -1.821
-8.545 7.889 -1.721
-8.557 7.95 -1.73
-8.554 7.997 -1.734
-8.552 8.046 -1.739
-8.545 8.09 -1.743
-8.549 8.144 -1.75
-8.527 8.175 -1.751
-8.539 8.212 -1.756
-8.545 8.27 -1.763
-8.536 8.313 -1.767
-8.532 8.361 -1.772
-8.533 8.415 -1.778
-8.513 8.448 -1.779
-21.966 3.68 -2.535
-21.984 3.754 -2.539
-22.015 3.831 -2.544
-22.042 3.907 -2.549
-22.066 3.983 -2.554
-22.075 4.056 -2.556
-22.113 4.135 -2.563
-22.154 4.178 -2.568
-22.17 4.253 -2.572
-22.213 4.334 -2.579
-22.216 4.407 -2.581
-22.237 4.484 -2.586
-22.241 4.557 -2.588
-28.942 13.481 -2.733
-29.118 13.675 -2.756
-29.174 13.813 -2.766
-29.375 14.021 -2.791
-29.607 14.247 -2.819
-29.642 14.379 -2.827
-29.874 14.608 -2.855
