-12.9688 2.07817 -0.3181 0.0159095
-8.54 4.735 -1.766
-8.56 4.763 -1.772
-8.55 4.793 -1.773
-8.552 4.829 -1.777
-8.551 4.864 -1.78
-8.539 4.893 -1.781
-8.545 4.932 -1.786
-8.551 4.954 -1.789
-8.548 4.987 -1.792
-8.537 5.017 -1.793
-8.546 5.059 -1.798
-8.502 5.069 -1.792
-8.516 5.113 -1.799
-8.539 5.163 -1.807
-8.542 5.184 -1.81
-8.533 5.215 -1.812
-8.537 5.254 -1.816
-8.505 5.271 -1.813
-8.522 5.319 -1.82
-8.5 5.342 -1.819
-8.539 7.883 -1.72
-8.553 7.946 -1.729
-8.556 7.999 -1.735
-8.543 8.038 -1.737
-8.531 8.077 -1.74
-8.546 8.141 -1.749
-8.546 8.167 -1.752
-8.543 8.216 -1.757
-8.543 8.267 -1.763
-8.541 8.317 -1.768
-8.533 8.362 -1.772
-8.533 8.415 -1.778
-21.968 3.681 -2.535
-21.988 3.755 -2.539
-22.011 3.83 -2.544
-22.044 3.907 -2.549
-22.084 3.986 -2.556
-22.077 4.056 -2.557
-22.113 4.135 -2.563
-22.163 4.18 -2.57
-22.177 4.255 -2.573
-22.215 4.334 -2.579
-22.222 4.408 -2.582
-22.236 4.484 -2.586
-29.114 13.673 -2.755
-29.168 13.81 -2.765
-29.362 14.015 -2.789
-29.614 14.25 -2.819
-29.641 14.378 -2.827
-29.887 14.614 -2.857
