-9.13206 0.129058 0.00559772 -0.00154972
-8.542 4.771 -1.77
-8.55 4.793 -1.773
-8.542 4.824 -1.775
-8.552 4.865 -1.78
-8.554 4.902 -1.784
-8.54 4.929 -1.785
-8.532 4.96 -1.786
-8.553 4.99 -1.793
-8.545 5.022 -1.795
-8.536 5.053 -1.796
-8.502 5.069 -1.792
-8.515 5.112 -1.798
-8.534 5.16 -1.806
-8.521 5.189 -1.807
-8.536 5.217 -1.812
-8.537 5.254 -1.816
-8.52 5.281 -1.816
-8.52 5.318 -1.82
-8.502 5.343 -1.82
-8.494 7.768 -1.703
-8.525 7.846 -1.715
-8.534 7.879 -1.719
-8.549 7.942 -1.728
-8.55 7.993 -1.733
-8.548 8.042 -1.738
-8.554 8.098 -1.745
-8.544 8.14 -1.749
-8.524 8.172 -1.75
-8.55 8.223 -1.758
-21.964 3.715 -2.536
-21.986 3.755 -2.539
-22.021 3.832 -2.545
-22.051 3.909 -2.55
-22.076 3.984 -2.555
-22.085 4.058 -2.557
-22.117 4.135 -2.563
-22.159 4.215 -2.57
-22.179 4.255 -2.573
-22.222 4.336 -2.58
-22.216 4.407 -2.581
-22.241 4.485 -2.586
-22.239 4.557 -2.588
-28.122 12.353 -2.622
-28.31 12.542 -2.645
-28.385 12.629 -2.654
-28.538 12.804 -2.674
-28.588 12.935 -2.683
-28.595 13.046 -2.688
