-9.72063 0.427261 -0.0429281 0.0010055
-8.565 4.731 -1.77
-8.556 4.761 -1.771
-8.559 4.798 -1.775
-8.545 4.826 -1.776
-8.545 4.861 -1.779
-8.562 4.888 -1.784
-8.548 4.916 -1.785
-8.539 4.947 -1.786
-8.549 4.988 -1.792
-8.547 5.023 -1.795
-8.54 5.055 -1.797
-8.51 5.074 -1.794
-8.511 5.092 -1.796
-8.549 5.151 -1.808
-8.542 5.184 -1.81
-8.529 5.213 -1.811
-8.515 5.241 -1.811
-8.527 5.285 -1.818
-8.518 5.317 -1.82
-8.517 5.334 -1.821
-8.508 7.756 -1.703
-8.512 7.81 -1.709
-8.517 7.863 -1.716
-8.553 7.946 -1.729
-8.543 7.987 -1.732
-8.535 8.03 -1.736
-8.557 8.075 -1.743
-8.548 8.119 -1.747
-8.536 8.158 -1.75
-8.544 8.217 -1.757
-29.087 13.66 -2.752
-29.145 13.799 -2.763
-29.285 13.979 -2.781
-29.615 14.193 -2.817
-29.635 14.318 -2.824
-29.867 14.546 -2.852
-29.853 14.656 -2.855
