6.16819 -0.425523 0.147906 -0.00723899
6.123 3.314 -1.769
6.094 3.273 -1.756
6.101 3.252 -1.755
6.094 3.224 -1.75
6.089 3.197 -1.745
6.08 3.18 -1.741
6.066 3.148 -1.734
6.056 3.119 -1.728
6.06 3.097 -1.726
6.042 3.064 -1.718
6.675 4.725 -1.771
6.67 4.69 -1.766
6.67 4.659 -1.762
6.656 4.618 -1.753
6.621 4.562 -1.739
6.597 4.531 -1.731
6.605 4.506 -1.729
6.59 4.465 -1.721
7.514 6.291 -1.773
7.513 6.25 -1.768
7.485 6.206 -1.758
7.467 6.151 -1.749
7.434 6.086 -1.736
7.408 6.025 -1.724
7.39 5.972 -1.715
1.855 10.759 -1.609
1.887 10.742 -1.607
1.921 10.736 -1.607
1.941 10.658 -1.595
1.966 10.603 -1.587
1.969 10.528 -1.576
1.987 10.442 -1.563
2 10.329 -1.545
11.54 10.735 -1.736
11.461 10.595 -1.717
11.411 10.515 -1.706
11.349 10.392 -1.69
11.342 10.32 -1.683
13.094 11.378 -1.504
12.861 11.104 -1.469
12.692 10.888 -1.442
21.554 5.7 -1.441
21.232 5.543 -1.416
21.185 5.46 -1.411
21.129 5.374 -1.405
21.072 5.29 -1.4
21.217 5.255 -1.409
21.461 5.28 -1.427
21.33 5.177 -1.416
21.065 5.042 -1.395
21.093 4.979 -1.396
21.05 4.899 -1.391
21.106 4.842 -1.394
20.997 4.747 -1.385
20.87 4.684 -1.375
20.929 4.628 -1.378
20.723 4.514 -1.361
20.741 4.45 -1.362
20.987 4.434 -1.379
20.986 4.365 -1.378
20.759 4.25 -1.36
20.717 4.207 -1.356
20.767 4.149 -1.359
20.604 4.049 -1.346
20.544 3.97 -1.34
