-9.44935 0.307422 -0.0262989 0.000270047
-8.541 4.841 -1.776
-8.554 4.866 -1.781
-8.557 4.903 -1.785
-8.552 4.936 -1.787
-8.538 4.964 -1.788
-8.535 4.998 -1.79
-8.543 5.038 -1.796
-8.546 5.059 -1.798
-8.495 5.065 -1.79
-8.535 5.124 -1.803
-8.53 5.158 -1.806
-8.516 5.186 -1.806
-8.521 5.226 -1.811
-8.532 5.269 -1.817
-8.528 5.286 -1.818
-8.528 5.323 -1.822
-8.513 5.351 -1.822
-8.471 5.362 -1.817
-8.483 5.406 -1.823
-8.486 5.446 -1.828
-8.491 7.766 -1.702
-8.534 7.854 -1.716
-8.539 7.909 -1.723
-8.543 7.962 -1.729
-8.557 8 -1.735
-8.548 8.042 -1.738
-8.554 8.098 -1.745
-8.549 8.144 -1.75
-8.536 8.183 -1.753
-8.539 8.237 -1.759
-21.962 3.715 -2.535
-21.984 3.79 -2.539
-22.028 3.833 -2.546
-22.051 3.909 -2.55
-22.08 3.985 -2.555
-22.077 4.056 -2.557
-22.123 4.136 -2.564
-22.164 4.216 -2.571
-22.184 4.292 -2.575
-22.216 4.335 -2.58
-22.253 4.414 -2.586
-29.105 13.725 -2.756
-29.186 13.875 -2.769
-29.475 14.07 -2.801
-29.626 14.256 -2.821
-29.678 14.396 -2.831
-29.907 14.624 -2.859
-14.95 51.406 -0.917
-14.868 51.73 -0.924
-14.828 52.209 -0.933
-14.807 52.768 -0.944
-14.782 53.323 -0.955
-14.785 53.992 -0.969
