7.13083 -1.0967 0.299106 -0.0182382
6.127 3.354 -1.775
6.124 3.34 -1.772
6.106 3.305 -1.763
6.099 3.276 -1.758
6.101 3.252 -1.755
6.097 3.226 -1.751
6.073 3.189 -1.741
6.083 3.17 -1.741
6.059 3.145 -1.732
6.057 3.12 -1.728
6.05 3.092 -1.723
6.674 4.724 -1.771
6.67 4.69 -1.766
6.66 4.652 -1.759
6.659 4.62 -1.754
6.632 4.57 -1.743
6.597 4.531 -1.731
6.604 4.505 -1.729
6.584 4.461 -1.719
7.514 6.291 -1.773
7.513 6.25 -1.768
7.485 6.206 -1.758
7.474 6.158 -1.75
7.431 6.083 -1.735
7.399 6.017 -1.722
1.921 10.74 -1.607
1.946 10.681 -1.599
1.95 10.61 -1.588
1.97 10.53 -1.576
1.987 10.438 -1.562
2.002 10.339 -1.547
11.543 10.738 -1.736
11.458 10.592 -1.716
11.412 10.516 -1.706
11.345 10.388 -1.689
11.342 10.32 -1.683
16.562 3.143 -1.456
16.573 3.119 -1.456
16.586 3.067 -1.457
16.504 2.998 -1.447
16.494 2.943 -1.445
16.55 2.899 -1.45
16.447 2.828 -1.439
16.427 2.771 -1.436
16.417 2.743 -1.435
16.5 2.704 -1.442
16.578 2.663 -1.449
16.478 2.594 -1.438
16.484 2.542 -1.438
16.169 2.441 -1.406
16.157 2.387 -1.404
16.442 2.403 -1.432
16.263 2.324 -1.413
16.246 2.27 -1.411
16.022 2.187 -1.388
