7.19794 -1.15296 0.31326 -0.0193295
6.144 3.388 -1.783
6.144 3.363 -1.78
6.136 3.334 -1.774
6.107 3.306 -1.764
6.114 3.284 -1.763
6.077 3.24 -1.748
6.086 3.22 -1.748
6.084 3.194 -1.744
6.071 3.163 -1.737
6.064 3.135 -1.732
6.668 4.736 -1.771
6.655 4.711 -1.766
6.663 4.685 -1.764
6.672 4.66 -1.762
6.638 4.605 -1.748
6.622 4.563 -1.74
6.609 4.524 -1.732
6.612 4.495 -1.729
6.586 4.462 -1.72
7.504 6.282 -1.77
7.507 6.245 -1.766
7.489 6.19 -1.757
7.468 6.153 -1.749
7.442 6.092 -1.738
7.396 6.015 -1.721
7.378 5.962 -1.712
1.919 10.724 -1.605
1.941 10.654 -1.594
1.962 10.582 -1.584
1.982 10.506 -1.572
2.002 10.429 -1.561
1.992 10.287 -1.539
11.557 10.751 -1.739
11.46 10.593 -1.717
11.407 10.478 -1.702
11.336 10.38 -1.688
13.07 11.358 -1.501
12.792 11.044 -1.46
12.708 10.903 -1.444
