8.28694 -1.90017 0.477841 -0.0310172
6.122 3.439 -1.785
6.126 3.416 -1.783
6.138 3.398 -1.783
6.12 3.363 -1.774
6.127 3.341 -1.773
6.119 3.312 -1.767
6.104 3.279 -1.76
6.101 3.265 -1.757
6.099 3.239 -1.753
6.075 3.202 -1.743
6.075 3.177 -1.74
6.063 3.147 -1.733
6.665 4.639 -1.758
6.622 4.578 -1.742
6.615 4.543 -1.736
6.616 4.513 -1.732
6.598 4.471 -1.723
6.584 4.446 -1.717
6.571 4.407 -1.71
6.554 4.365 -1.701
7.506 6.304 -1.773
7.514 6.27 -1.77
7.482 6.204 -1.757
7.488 6.169 -1.754
7.446 6.096 -1.739
7.407 6.044 -1.726
7.394 5.995 -1.719
1.857 10.769 -1.61
1.871 10.751 -1.608
1.902 10.727 -1.605
1.931 10.694 -1.6
1.952 10.62 -1.589
1.974 10.553 -1.58
1.993 10.471 -1.567
2.011 10.386 -1.555
11.527 10.757 -1.736
11.512 10.675 -1.728
11.466 10.566 -1.715
11.409 10.447 -1.7
11.387 10.361 -1.691
11.349 10.294 -1.682
14.234 10.529 -1.539
14.187 10.426 -1.529
14.245 10.434 -1.534
14.206 10.336 -1.525
14.171 10.243 -1.517
14.237 10.223 -1.521
14.188 10.12 -1.512
14.098 9.989 -1.497
14.186 10.018 -1.506
14.208 9.967 -1.504
14.293 9.96 -1.511
14.311 9.906 -1.509
14.419 9.914 -1.519
14.413 9.843 -1.514
14.358 9.739 -1.504
14.582 9.858 -1.529
14.592 9.798 -1.526
14.363 9.578 -1.495
14.439 9.564 -1.501
14.446 9.503 -1.498
14.376 9.392 -1.486
21.502 5.29 -1.43
21.386 5.191 -1.42
21.046 5.037 -1.393
21.04 4.966 -1.392
21.201 4.969 -1.403
21.077 4.87 -1.393
20.999 4.783 -1.386
20.794 4.667 -1.369
