-10.2882 0.779785 -0.111753 0.00519943
-8.54 4.717 -1.765
-8.555 4.76 -1.771
-8.555 4.796 -1.774
-8.555 4.813 -1.776
-8.548 4.845 -1.778
-8.538 4.875 -1.779
-8.543 4.913 -1.784
-8.558 4.957 -1.79
-8.541 4.983 -1.79
-8.52 5.007 -1.789
-8.536 5.034 -1.794
-8.515 5.058 -1.793
-8.48 5.074 -1.789
-8.532 5.141 -1.804
-8.534 5.179 -1.808
-8.524 5.21 -1.81
-8.521 5.245 -1.813
-8.523 5.264 -1.815
-8.53 5.305 -1.82
-8.503 7.752 -1.702
-8.495 7.794 -1.705
-8.517 7.863 -1.716
-8.543 7.937 -1.726
-8.551 7.969 -1.731
-8.562 8.03 -1.739
-8.548 8.067 -1.741
-8.55 8.12 -1.747
-8.543 8.164 -1.751
-8.53 8.203 -1.754
-21.946 3.677 -2.533
-21.974 3.717 -2.537
-22.005 3.794 -2.542
-22.026 3.868 -2.546
-22.043 3.943 -2.55
-22.068 4.019 -2.555
-22.09 4.095 -2.559
-22.132 4.174 -2.566
-22.182 4.22 -2.573
-22.188 4.293 -2.575
-22.231 4.374 -2.582
-22.231 4.446 -2.584
-22.226 4.518 -2.585
-22.22 4.589 -2.586
-29.055 13.645 -2.749
-29.145 13.743 -2.761
-29.237 13.899 -2.774
-29.582 14.178 -2.814
-29.629 14.315 -2.823
-29.779 14.503 -2.843
-29.864 14.661 -2.857
-37.672 0.357998 -2.39
-38.582 0.488998 -2.453
