7.38093 -1.28964 0.344847 -0.0216364
6.129 3.355 -1.775
6.119 3.324 -1.769
6.109 3.294 -1.763
6.108 3.268 -1.759
6.086 3.232 -1.749
6.096 3.225 -1.751
6.08 3.192 -1.743
6.082 3.169 -1.74
6.051 3.128 -1.728
6.074 3.116 -1.732
6.05 3.08 -1.721
6.667 4.704 -1.767
6.666 4.671 -1.762
6.66 4.636 -1.757
6.629 4.599 -1.746
6.622 4.563 -1.74
6.603 4.519 -1.73
6.599 4.486 -1.725
6.581 4.444 -1.716
7.513 6.29 -1.772
7.492 6.232 -1.762
7.493 6.193 -1.758
7.446 6.115 -1.741
7.418 6.053 -1.729
7.391 5.992 -1.718
1.935 10.719 -1.604
1.936 10.627 -1.59
1.959 10.562 -1.581
1.979 10.49 -1.57
1.998 10.408 -1.558
2.003 10.26 -1.535
11.563 10.757 -1.74
11.464 10.598 -1.717
11.404 10.475 -1.702
11.362 10.371 -1.689
11.338 10.283 -1.68
16.546 0.843001 -1.427
16.238 0.775001 -1.397
16.358 0.730001 -1.408
16.233 0.673001 -1.396
16.171 0.619001 -1.389
16.162 0.593001 -1.388
16.228 0.545001 -1.395
16.08 0.489001 -1.38
16.018 0.437001 -1.374
