-9.06942 0.0954177 0.0120365 -0.00194339
-8.551 4.706 -1.765
-8.561 4.746 -1.771
-8.558 4.78 -1.773
-8.551 4.811 -1.775
-8.55 4.846 -1.778
-8.555 4.884 -1.783
-8.556 4.902 -1.785
-8.545 4.932 -1.786
-8.557 4.975 -1.792
-8.548 5.006 -1.793
-8.551 5.043 -1.798
-8.544 5.075 -1.799
-8.498 5.067 -1.791
-8.541 5.128 -1.804
-8.546 5.167 -1.809
-8.536 5.198 -1.811
-8.536 5.235 -1.814
-8.53 5.268 -1.817
-8.505 5.29 -1.815
-8.528 5.323 -1.822
-8.508 5.348 -1.821
-8.551 7.919 -1.726
-8.542 7.961 -1.729
-8.549 8.017 -1.736
-8.551 8.044 -1.739
-8.555 8.1 -1.746
-8.55 8.146 -1.75
-8.541 8.189 -1.754
-8.537 8.236 -1.758
-8.541 8.292 -1.765
-8.528 8.331 -1.768
-8.539 8.368 -1.773
-8.535 8.417 -1.778
-21.954 3.714 -2.534
-21.989 3.791 -2.54
-22.015 3.866 -2.545
-22.048 3.908 -2.55
-22.078 3.985 -2.555
-22.085 4.058 -2.557
-22.127 4.137 -2.564
-22.157 4.215 -2.57
-22.165 4.289 -2.572
-22.212 4.37 -2.58
-22.224 4.409 -2.582
-22.239 4.484 -2.586
-29.111 13.727 -2.757
-29.192 13.878 -2.77
-29.507 14.142 -2.806
-29.628 14.257 -2.821
-29.68 14.397 -2.831
-29.894 14.618 -2.857
