6.06404 -0.382909 0.145455 -0.007531
5.643 1.071 -1.656
5.637 1.052 -1.653
5.648 1.045 -1.656
5.635 1.024 -1.651
5.615 1.002 -1.644
5.598 0.981 -1.637
5.605 0.964 -1.639
5.617 0.948 -1.642
5.614 0.929 -1.64
5.629 0.923 -1.644
5.619 0.903 -1.64
5.62 0.885 -1.639
5.653 0.872 -1.649
5.638 0.851 -1.643
5.626 0.831 -1.639
5.62 0.821 -1.636
5.613 0.802 -1.633
5.627 0.786 -1.637
5.623 0.768 -1.635
5.618 0.749 -1.633
5.628 0.733 -1.635
5.638 0.716 -1.637
5.612 0.704 -1.629
5.605 0.685 -1.626
5.547 0.66 -1.607
5.537 0.641 -1.604
6.129 3.38 -1.778
6.126 3.353 -1.774
6.131 3.343 -1.774
6.111 3.307 -1.765
6.104 3.279 -1.76
6.094 3.249 -1.753
6.106 3.231 -1.754
6.068 3.186 -1.739
6.072 3.176 -1.739
6.071 3.151 -1.736
6.05 3.116 -1.726
6.651 4.74 -1.769
6.671 4.722 -1.77
6.67 4.69 -1.766
6.67 4.659 -1.762
6.651 4.614 -1.752
6.633 4.571 -1.743
6.605 4.536 -1.733
6.602 4.503 -1.728
6.598 4.471 -1.723
6.579 4.427 -1.714
7.523 6.298 -1.775
7.516 6.252 -1.768
7.479 6.201 -1.757
7.48 6.163 -1.752
7.439 6.089 -1.737
7.394 6.014 -1.721
1.92 10.734 -1.606
1.943 10.668 -1.597
1.965 10.599 -1.587
1.97 10.532 -1.576
1.99 10.458 -1.565
2.001 10.333 -1.546
2.059 13.388 -1.533
2.083 13.268 -1.518
2.106 13.146 -1.503
2.102 12.869 -1.468
16.208 4.998 -1.466
16.22 4.946 -1.465
15.915 4.798 -1.433
16.291 4.856 -1.469
15.974 4.733 -1.436
15.941 4.669 -1.431
16.133 4.671 -1.45
16.087 4.603 -1.443
15.902 4.495 -1.423
15.799 4.413 -1.411
