-9.31795 0.219058 -0.00764955 -0.000929764
-8.542 4.718 -1.765
-8.553 4.759 -1.771
-8.543 4.789 -1.772
-8.544 4.825 -1.775
-8.539 4.84 -1.776
-8.536 4.874 -1.779
-8.548 4.916 -1.785
-8.546 4.951 -1.788
-8.527 4.975 -1.787
-8.528 5.012 -1.791
-8.536 5.053 -1.796
-8.518 5.06 -1.794
-8.494 5.082 -1.792
-8.535 5.143 -1.805
-8.527 5.175 -1.807
-8.523 5.209 -1.809
-8.523 5.246 -1.813
-8.51 5.274 -1.814
-8.498 5.286 -1.813
-8.505 5.327 -1.818
-8.507 7.804 -1.708
-8.508 7.855 -1.714
-8.54 7.934 -1.726
-8.559 7.977 -1.733
-8.556 8.024 -1.737
-8.542 8.062 -1.74
-8.553 8.123 -1.748
-8.531 8.153 -1.749
-8.534 8.208 -1.755
-8.533 8.258 -1.76
-21.946 3.677 -2.533
-21.966 3.751 -2.537
-22.011 3.795 -2.543
-22.02 3.867 -2.546
-22.045 3.943 -2.55
-22.066 4.018 -2.554
-22.073 4.091 -2.557
-22.134 4.175 -2.566
-22.15 4.25 -2.57
-22.194 4.294 -2.576
-22.208 4.369 -2.579
-22.217 4.444 -2.582
-22.232 4.519 -2.586
