-9.27378 0.198287 -0.00583185 -0.000926245
-8.56 4.763 -1.772
-8.55 4.793 -1.773
-8.557 4.832 -1.778
-8.56 4.852 -1.78
-8.548 4.88 -1.781
-8.548 4.916 -1.785
-8.55 4.953 -1.788
-8.551 4.989 -1.792
-8.54 5.019 -1.793
-8.543 5.057 -1.798
-8.535 5.07 -1.798
-8.504 5.088 -1.794
-8.545 5.149 -1.807
-8.539 5.182 -1.809
-8.526 5.211 -1.81
-8.53 5.25 -1.815
-8.51 5.274 -1.814
-8.515 5.296 -1.817
-8.515 5.333 -1.821
-8.506 5.365 -1.823
-8.485 7.784 -1.703
-8.518 7.865 -1.716
-8.547 7.941 -1.727
-8.552 7.97 -1.731
-8.557 8.026 -1.738
-8.542 8.062 -1.74
-8.548 8.119 -1.747
-8.539 8.16 -1.75
-8.534 8.208 -1.755
-21.952 3.678 -2.533
-21.966 3.751 -2.537
-21.997 3.828 -2.542
-22.02 3.903 -2.546
-22.061 3.946 -2.552
-22.07 4.019 -2.555
-22.098 4.096 -2.56
-22.138 4.175 -2.566
-22.16 4.251 -2.571
-22.197 4.331 -2.577
-22.197 4.403 -2.579
-22.233 4.447 -2.584
-22.244 4.522 -2.587
-29.086 13.659 -2.752
-29.15 13.802 -2.763
-29.265 13.969 -2.779
-29.606 14.189 -2.816
-29.647 14.324 -2.825
-29.826 14.526 -2.848
-29.835 14.647 -2.854
