6.4303 -0.621576 0.194848 -0.010823
6.142 3.362 -1.78
6.117 3.323 -1.769
6.109 3.294 -1.763
6.106 3.268 -1.759
6.087 3.233 -1.75
6.094 3.224 -1.75
6.079 3.191 -1.742
6.068 3.162 -1.736
6.056 3.131 -1.729
6.655 4.727 -1.768
6.665 4.702 -1.766
6.667 4.673 -1.763
6.658 4.635 -1.756
6.637 4.604 -1.748
6.609 4.554 -1.736
6.609 4.524 -1.732
6.596 4.484 -1.725
6.583 4.445 -1.717
7.488 6.309 -1.771
7.502 6.281 -1.77
7.496 6.236 -1.763
7.486 6.187 -1.756
7.452 6.12 -1.742
7.432 6.064 -1.733
7.384 5.986 -1.716
1.934 10.715 -1.604
1.938 10.636 -1.592
1.959 10.564 -1.581
1.978 10.48 -1.568
2 10.418 -1.559
2.002 10.252 -1.534
11.562 10.755 -1.739
11.461 10.595 -1.717
11.397 10.469 -1.701
11.355 10.364 -1.688
11.336 10.282 -1.68
14.592 9.865 -1.53
14.592 9.798 -1.526
14.345 9.566 -1.493
14.464 9.613 -1.506
14.459 9.545 -1.502
14.401 9.441 -1.491
14.246 9.275 -1.469
