-11.2578 1.11277 -0.141796 0.00565934
-8.555 4.76 -1.771
-8.552 4.794 -1.774
-8.545 4.826 -1.776
-8.556 4.85 -1.78
-8.562 4.888 -1.784
-8.541 4.912 -1.783
-8.538 4.946 -1.786
-8.548 4.987 -1.792
-8.542 5.02 -1.794
-8.536 5.053 -1.796
-8.528 5.066 -1.796
-8.492 5.081 -1.792
-8.538 5.145 -1.806
-8.531 5.177 -1.807
-8.524 5.21 -1.81
-8.521 5.245 -1.813
-8.517 5.279 -1.815
-8.513 5.295 -1.817
-8.518 5.335 -1.822
-8.489 7.788 -1.704
-8.521 7.867 -1.716
-8.549 7.942 -1.728
-8.543 7.987 -1.732
-8.556 8.024 -1.737
-8.549 8.069 -1.742
-8.551 8.121 -1.748
-8.547 8.168 -1.752
-8.539 8.212 -1.756
-29.073 13.653 -2.751
-29.143 13.799 -2.763
-29.282 13.921 -2.779
-29.608 14.19 -2.817
-29.647 14.324 -2.825
-29.802 14.515 -2.846
-29.858 14.658 -2.856
-37.613 0.298998 -2.386
-37.738 0.358998 -2.394
-38.59 0.488998 -2.453
