6.2269 -0.478501 0.162986 -0.0085575
6.141 3.412 -1.786
6.135 3.383 -1.781
6.134 3.358 -1.777
6.117 3.323 -1.769
6.128 3.304 -1.769
6.096 3.274 -1.757
6.098 3.251 -1.754
6.108 3.231 -1.754
6.062 3.182 -1.737
6.07 3.162 -1.737
6.071 3.139 -1.734
6.067 3.125 -1.731
6.046 3.09 -1.722
6.664 4.717 -1.768
6.679 4.697 -1.768
6.657 4.65 -1.758
6.648 4.612 -1.751
6.635 4.572 -1.743
6.605 4.52 -1.731
6.606 4.491 -1.727
6.597 4.469 -1.723
6.583 4.43 -1.715
7.513 6.29 -1.772
7.49 6.231 -1.762
7.484 6.186 -1.755
7.478 6.141 -1.749
7.428 6.081 -1.734
7.388 6.009 -1.719
1.922 10.742 -1.608
1.942 10.664 -1.596
1.964 10.593 -1.586
1.985 10.521 -1.575
1.987 10.442 -1.563
1.997 10.316 -1.543
2.052 13.483 -1.545
2.057 13.378 -1.532
2.083 13.268 -1.518
2.106 13.144 -1.503
2.103 12.873 -1.469
14.552 9.871 -1.527
14.572 9.818 -1.526
14.43 9.656 -1.505
14.464 9.613 -1.506
14.469 9.551 -1.503
14.419 9.453 -1.493
14.231 9.265 -1.468
