5.9491 -0.267114 0.110831 -0.00440305
6.137 3.397 -1.783
6.141 3.374 -1.781
6.127 3.341 -1.773
6.131 3.318 -1.771
6.092 3.273 -1.756
6.115 3.26 -1.76
6.099 3.239 -1.753
6.08 3.205 -1.744
6.077 3.178 -1.74
6.075 3.153 -1.737
6.059 3.12 -1.729
6.673 4.692 -1.766
6.656 4.665 -1.76
6.653 4.631 -1.755
6.622 4.578 -1.742
6.607 4.537 -1.734
6.607 4.507 -1.729
6.605 4.475 -1.725
6.59 4.435 -1.717
6.564 4.402 -1.708
7.488 6.169 -1.754
7.442 6.092 -1.738
7.403 6.021 -1.723
7.391 5.992 -1.718
7.352 5.922 -1.703
1.857 10.773 -1.611
1.871 10.749 -1.607
1.904 10.739 -1.607
1.931 10.696 -1.601
1.951 10.616 -1.589
1.973 10.546 -1.578
1.993 10.469 -1.567
2.008 10.374 -1.553
11.545 10.774 -1.739
11.497 10.661 -1.726
11.459 10.559 -1.714
11.403 10.441 -1.699
11.374 10.349 -1.689
11.365 10.309 -1.685
13.132 11.484 -1.513
13.099 11.382 -1.504
12.972 11.2 -1.483
12.679 10.912 -1.443
21.482 5.285 -1.429
21.377 5.188 -1.42
21.081 5.046 -1.396
21.05 4.969 -1.392
21.139 4.92 -1.398
21.114 4.879 -1.395
21.02 4.787 -1.387
20.827 4.674 -1.371
