-11.3053 1.2551 -0.184642 0.00886285
-8.551 4.758 -1.77
-8.557 4.797 -1.775
-8.556 4.831 -1.778
-8.547 4.862 -1.779
-8.545 4.897 -1.782
-8.562 4.924 -1.788
-8.548 4.952 -1.788
-8.542 4.984 -1.79
-8.54 5.019 -1.793
-8.545 5.058 -1.798
-8.512 5.075 -1.794
-8.502 5.087 -1.794
-8.549 5.151 -1.808
-8.541 5.183 -1.81
-8.535 5.216 -1.812
-8.545 5.259 -1.818
-8.523 5.283 -1.817
-8.525 5.321 -1.821
-8.522 5.337 -1.822
-8.509 7.807 -1.709
-8.513 7.859 -1.715
-8.543 7.937 -1.726
-8.553 7.996 -1.734
-8.54 8.035 -1.737
-8.548 8.067 -1.741
-8.553 8.123 -1.748
-8.537 8.159 -1.75
-8.533 8.206 -1.755
-8.538 8.263 -1.762
-21.952 3.678 -2.533
-21.976 3.753 -2.538
-21.995 3.827 -2.542
-22.028 3.904 -2.547
-22.061 3.982 -2.553
-22.082 4.021 -2.556
-22.11 4.098 -2.561
-22.148 4.177 -2.568
-22.16 4.251 -2.571
-22.189 4.329 -2.576
-22.226 4.409 -2.583
-22.224 4.481 -2.584
-29.102 13.667 -2.754
-29.156 13.804 -2.764
-29.297 13.985 -2.783
-29.612 14.25 -2.819
-29.638 14.319 -2.824
-29.849 14.537 -2.85
-29.837 14.648 -2.854
