-11.4849 1.36759 -0.206299 0.01016
-8.551 4.758 -1.77
-8.562 4.8 -1.776
-8.549 4.827 -1.776
-8.539 4.857 -1.777
-8.542 4.895 -1.782
-8.565 4.926 -1.788
-8.544 4.95 -1.787
-8.551 4.989 -1.792
-8.544 5.021 -1.794
-8.548 5.06 -1.799
-8.51 5.074 -1.794
-8.503 5.105 -1.796
-8.545 5.149 -1.807
-8.547 5.187 -1.811
-8.533 5.215 -1.812
-8.533 5.252 -1.815
-8.517 5.279 -1.815
-8.513 5.314 -1.818
-8.5 5.342 -1.819
-8.5 5.361 -1.821
-8.505 7.754 -1.702
-8.511 7.808 -1.709
-8.529 7.874 -1.718
-8.547 7.941 -1.727
-8.545 7.989 -1.732
-8.546 8.04 -1.738
-8.548 8.067 -1.741
-8.551 8.121 -1.748
-8.541 8.163 -1.751
-8.546 8.219 -1.758
-21.954 3.678 -2.534
-21.984 3.754 -2.539
-22.032 3.834 -2.546
-22.036 3.906 -2.548
-22.076 3.984 -2.555
-22.078 4.021 -2.556
-22.122 4.1 -2.563
-22.148 4.177 -2.568
-22.171 4.254 -2.572
-22.199 4.331 -2.577
-22.244 4.412 -2.585
-22.226 4.482 -2.584
-22.238 4.52 -2.587
-29.098 13.665 -2.754
-29.163 13.808 -2.765
-29.317 13.994 -2.785
-29.603 14.245 -2.818
-29.647 14.324 -2.825
-29.84 14.533 -2.849
-29.808 14.634 -2.851
