-2.20267 4.52548 -0.703545 0.0295758
6.129 3.318 -1.771
6.106 3.28 -1.76
6.103 3.266 -1.758
6.101 3.24 -1.754
6.074 3.201 -1.742
6.073 3.177 -1.739
6.076 3.154 -1.737
6.069 3.126 -1.732
6.065 3.1 -1.728
6.019 3.064 -1.712
6.681 4.698 -1.769
6.656 4.665 -1.76
6.658 4.635 -1.756
6.626 4.582 -1.743
6.61 4.54 -1.734
6.604 4.505 -1.729
6.605 4.475 -1.725
6.59 4.435 -1.717
7.489 6.17 -1.754
7.449 6.098 -1.739
7.405 6.022 -1.723
7.394 5.995 -1.719
7.363 5.931 -1.706
7.334 5.869 -1.694
1.921 10.738 -1.607
1.929 10.684 -1.599
1.949 10.602 -1.587
1.971 10.536 -1.577
1.99 10.458 -1.565
2.003 10.347 -1.548
11.545 10.774 -1.739
11.49 10.655 -1.724
11.453 10.554 -1.713
11.391 10.431 -1.697
11.379 10.353 -1.689
11.364 10.307 -1.684
13.13 11.483 -1.513
13.1 11.384 -1.504
12.966 11.195 -1.482
12.688 10.92 -1.444
