6.97013 -1.01467 0.286805 -0.0176911
6.138 3.398 -1.783
6.132 3.369 -1.778
6.116 3.335 -1.77
6.118 3.311 -1.767
6.109 3.282 -1.761
6.104 3.267 -1.758
6.096 3.237 -1.752
6.068 3.198 -1.741
6.08 3.18 -1.741
6.078 3.155 -1.738
6.067 3.125 -1.731
6.682 4.699 -1.769
6.661 4.668 -1.761
6.65 4.629 -1.754
6.626 4.582 -1.743
6.613 4.542 -1.735
6.608 4.508 -1.73
6.598 4.471 -1.723
6.585 4.431 -1.715
7.5 6.179 -1.757
7.442 6.092 -1.738
7.412 6.029 -1.725
7.393 5.993 -1.718
7.361 5.929 -1.706
1.856 10.767 -1.61
1.885 10.73 -1.605
1.902 10.727 -1.605
1.93 10.692 -1.6
1.95 10.612 -1.588
1.972 10.54 -1.577
1.993 10.469 -1.567
2.005 10.358 -1.55
11.524 10.995 -1.756
11.536 10.936 -1.752
11.538 10.87 -1.747
11.496 10.796 -1.737
11.552 10.78 -1.741
11.488 10.653 -1.724
11.455 10.555 -1.713
11.397 10.436 -1.698
13.105 11.388 -1.505
12.978 11.206 -1.484
12.688 10.92 -1.444
