-10.3391 0.724276 -0.0901424 0.00347157
-8.547 4.721 -1.766
-8.562 4.747 -1.771
-8.556 4.779 -1.773
-8.549 4.81 -1.775
-8.553 4.848 -1.779
-8.55 4.881 -1.782
-8.545 4.914 -1.784
-8.539 4.947 -1.786
-8.545 4.968 -1.789
-8.552 5.008 -1.794
-8.544 5.039 -1.796
-8.527 5.065 -1.796
-8.485 5.077 -1.79
-8.532 5.141 -1.804
-8.537 5.181 -1.809
-8.544 5.203 -1.812
-8.535 5.234 -1.814
-8.533 5.27 -1.817
-8.505 5.29 -1.815
-8.51 5.33 -1.82
-8.49 5.355 -1.819
-8.494 7.768 -1.703
-8.526 7.847 -1.715
-8.557 7.925 -1.727
-8.548 7.966 -1.73
-8.547 8.016 -1.736
-8.549 8.069 -1.742
-8.541 8.112 -1.745
-8.546 8.141 -1.749
-8.547 8.194 -1.755
-21.958 3.679 -2.534
-21.976 3.717 -2.537
-22.013 3.795 -2.543
-22.022 3.868 -2.546
-22.049 3.944 -2.551
-22.076 4.02 -2.556
-22.092 4.095 -2.559
-22.144 4.176 -2.567
-22.163 4.216 -2.57
-22.198 4.295 -2.576
-22.225 4.373 -2.582
-22.235 4.447 -2.585
-22.242 4.521 -2.587
-29.062 13.593 -2.748
-29.129 13.736 -2.759
-29.233 13.897 -2.774
-29.582 14.178 -2.814
-29.617 14.309 -2.822
-29.758 14.493 -2.841
-29.875 14.666 -2.858
-29.666 14.621 -2.839
