7.33742 -1.24622 0.333899 -0.0208018
6.137 3.359 -1.778
6.112 3.321 -1.767
6.118 3.299 -1.765
6.114 3.272 -1.761
6.087 3.245 -1.751
6.094 3.224 -1.75
6.075 3.19 -1.741
6.085 3.171 -1.741
6.045 3.126 -1.726
6.677 4.679 -1.766
6.66 4.652 -1.759
6.624 4.595 -1.744
6.63 4.569 -1.742
6.608 4.523 -1.732
6.598 4.485 -1.725
6.593 4.451 -1.72
6.576 4.41 -1.711
7.517 6.293 -1.774
7.493 6.233 -1.763
7.49 6.191 -1.757
7.458 6.125 -1.744
7.424 6.058 -1.731
7.382 6.004 -1.718
1.921 10.74 -1.607
1.939 10.642 -1.593
1.962 10.582 -1.584
1.982 10.504 -1.572
2.001 10.422 -1.56
2.009 10.287 -1.539
2.074 13.349 -1.529
2.1 13.241 -1.515
2.102 13.12 -1.5
2.101 12.861 -1.467
