-9.11425 0.117516 0.0083432 -0.00174402
-8.547 4.774 -1.771
-8.548 4.809 -1.774
-8.546 4.844 -1.777
-8.551 4.864 -1.78
-8.551 4.9 -1.784
-8.547 4.933 -1.786
-8.538 4.964 -1.788
-8.533 4.997 -1.79
-8.543 5.038 -1.796
-8.545 5.076 -1.8
-8.495 5.065 -1.79
-8.533 5.123 -1.803
-8.537 5.162 -1.807
-8.523 5.19 -1.807
-8.53 5.231 -1.813
-8.518 5.261 -1.814
-8.513 5.295 -1.817
-8.517 5.316 -1.819
-8.51 5.349 -1.822
-8.488 7.763 -1.701
-8.526 7.847 -1.715
-8.547 7.915 -1.725
-8.541 7.96 -1.729
-8.554 7.997 -1.734
-8.551 8.044 -1.739
-8.547 8.092 -1.744
-8.536 8.132 -1.747
-8.541 8.189 -1.754
-8.53 8.229 -1.757
-21.95 3.713 -2.534
-21.995 3.792 -2.541
-22.022 3.868 -2.546
-22.048 3.908 -2.55
-22.07 3.983 -2.554
-22.087 4.058 -2.558
-22.123 4.136 -2.564
-22.161 4.216 -2.57
-22.173 4.29 -2.573
-22.212 4.37 -2.58
-22.224 4.409 -2.582
-22.234 4.483 -2.585
-22.235 4.556 -2.587
-29.109 13.726 -2.757
-29.208 13.885 -2.771
-29.503 14.14 -2.806
-29.623 14.255 -2.82
-29.7 14.407 -2.833
-29.907 14.624 -2.859
