-12.2159 1.72968 -0.265246 0.0132873
-8.551 4.723 -1.767
-8.562 4.747 -1.771
-8.564 4.783 -1.775
-8.56 4.816 -1.777
-8.546 4.844 -1.777
-8.553 4.883 -1.782
-8.548 4.916 -1.785
-8.562 4.942 -1.79
-8.543 4.967 -1.789
-8.55 5.007 -1.794
-8.551 5.043 -1.798
-8.53 5.067 -1.796
-8.49 5.08 -1.791
-8.53 5.14 -1.804
-8.556 5.174 -1.811
-8.538 5.199 -1.811
-8.535 5.234 -1.814
-8.535 5.271 -1.818
-8.517 5.297 -1.817
-8.52 5.336 -1.822
-8.493 5.357 -1.82
-8.557 7.925 -1.727
-8.552 7.97 -1.731
-8.559 8.027 -1.738
-8.548 8.067 -1.741
-8.558 8.102 -1.746
-8.55 8.146 -1.75
-8.539 8.186 -1.753
-8.544 8.243 -1.76
-8.544 8.294 -1.766
-8.536 8.339 -1.77
-8.531 8.387 -1.774
-8.543 8.425 -1.78
-21.974 3.717 -2.537
-22.001 3.793 -2.542
-22.036 3.87 -2.547
-22.065 3.947 -2.553
-22.08 4.021 -2.556
-22.087 4.058 -2.558
-22.141 4.14 -2.566
-22.172 4.218 -2.572
-22.194 4.294 -2.576
-22.214 4.37 -2.58
-22.256 4.451 -2.587
-22.24 4.521 -2.587
-22.241 4.557 -2.588
-29.114 13.729 -2.757
-29.222 13.892 -2.773
-29.554 14.164 -2.811
-29.627 14.314 -2.823
-29.725 14.477 -2.838
-29.908 14.625 -2.859
-14.879 51.462 -0.918
-14.881 51.776 -0.925
-14.852 52.296 -0.935
-14.833 52.858 -0.946
-14.817 53.448 -0.958
-14.81 54.083 -0.971
