7.3666 -1.26219 0.335985 -0.0208959
6.132 3.394 -1.781
6.136 3.371 -1.779
6.133 3.344 -1.775
6.116 3.31 -1.766
6.116 3.298 -1.765
6.103 3.266 -1.758
6.084 3.231 -1.749
6.092 3.211 -1.748
6.08 3.18 -1.741
6.076 3.154 -1.737
6.059 3.12 -1.729
6.677 4.71 -1.77
6.658 4.666 -1.76
6.665 4.639 -1.758
6.626 4.582 -1.743
6.623 4.549 -1.738
6.604 4.505 -1.729
6.602 4.473 -1.724
6.581 4.444 -1.716
7.515 6.271 -1.771
7.488 6.209 -1.759
7.479 6.161 -1.752
7.447 6.116 -1.741
7.406 6.043 -1.726
7.39 5.991 -1.717
1.857 10.771 -1.61
1.869 10.741 -1.606
1.9 10.717 -1.603
1.932 10.7 -1.601
1.951 10.618 -1.589
1.972 10.542 -1.578
1.992 10.468 -1.567
2.006 10.36 -1.55
11.533 10.763 -1.737
11.512 10.675 -1.728
11.463 10.563 -1.715
11.407 10.445 -1.7
11.373 10.38 -1.691
11.348 10.293 -1.682
13.109 11.392 -1.506
12.965 11.23 -1.485
12.687 10.919 -1.444
