6.05007 -0.360384 0.137089 -0.00669329
6.128 3.405 -1.782
6.135 3.383 -1.781
6.137 3.359 -1.778
6.116 3.323 -1.768
6.106 3.292 -1.762
6.116 3.273 -1.762
6.099 3.239 -1.753
6.096 3.225 -1.751
6.079 3.191 -1.742
6.085 3.171 -1.741
6.04 3.123 -1.725
6.677 4.71 -1.77
6.671 4.675 -1.764
6.666 4.64 -1.758
6.638 4.605 -1.748
6.621 4.562 -1.739
6.613 4.526 -1.733
6.604 4.49 -1.727
6.594 4.453 -1.72
6.566 4.403 -1.708
7.506 6.325 -1.776
7.507 6.285 -1.771
7.492 6.232 -1.762
7.495 6.195 -1.758
7.45 6.118 -1.742
7.42 6.054 -1.73
7.399 5.998 -1.72
1.92 10.732 -1.606
1.939 10.642 -1.593
1.963 10.586 -1.584
1.979 10.488 -1.57
1.999 10.414 -1.559
2.009 10.289 -1.539
11.567 10.761 -1.74
11.454 10.588 -1.716
11.398 10.47 -1.701
11.356 10.366 -1.688
11.341 10.286 -1.68
