6.00844 -0.322286 0.126059 -0.00572553
5.644 1.118 -1.659
5.646 1.099 -1.659
5.644 1.081 -1.657
5.645 1.062 -1.656
5.637 1.043 -1.653
5.635 1.024 -1.651
5.621 1.003 -1.646
5.604 0.991 -1.64
5.607 0.973 -1.64
5.604 0.955 -1.638
5.615 0.938 -1.64
5.623 0.922 -1.642
5.624 0.904 -1.642
5.624 0.894 -1.641
5.63 0.877 -1.642
5.628 0.859 -1.64
5.626 0.841 -1.639
5.625 0.822 -1.638
5.628 0.805 -1.638
5.625 0.786 -1.636
5.632 0.778 -1.638
5.621 0.759 -1.634
5.621 0.741 -1.633
5.627 0.723 -1.635
5.611 0.703 -1.629
5.601 0.684 -1.625
5.55 0.66 -1.609
6.134 3.37 -1.778
6.124 3.34 -1.772
6.133 3.319 -1.772
6.099 3.276 -1.758
6.099 3.264 -1.756
6.101 3.24 -1.754
6.068 3.198 -1.741
6.08 3.18 -1.741
6.073 3.152 -1.736
6.064 3.123 -1.73
6.06 3.109 -1.728
6.027 3.068 -1.715
6.681 4.698 -1.769
6.658 4.666 -1.76
6.655 4.633 -1.755
6.626 4.582 -1.743
6.609 4.539 -1.734
6.61 4.509 -1.73
6.6 4.472 -1.724
6.58 4.428 -1.714
7.51 6.308 -1.774
7.514 6.27 -1.77
7.483 6.205 -1.758
7.491 6.172 -1.755
7.448 6.097 -1.739
7.398 6.037 -1.724
1.904 10.741 -1.607
1.933 10.708 -1.603
1.95 10.61 -1.588
1.971 10.536 -1.577
1.991 10.46 -1.566
2.006 10.36 -1.55
11.542 10.771 -1.739
11.487 10.652 -1.724
11.463 10.563 -1.715
11.399 10.437 -1.698
11.386 10.36 -1.691
11.36 10.303 -1.684
14.817 9.32 -1.519
14.732 9.202 -1.506
14.705 9.121 -1.499
14.677 9.071 -1.495
14.702 9.023 -1.494
14.379 8.762 -1.454
