6.64394 -0.814415 0.248886 -0.0154275
6.132 3.357 -1.776
6.126 3.328 -1.771
6.118 3.299 -1.765
6.113 3.271 -1.761
6.082 3.242 -1.75
6.087 3.221 -1.748
6.075 3.19 -1.741
6.082 3.169 -1.74
6.054 3.13 -1.729
6.069 3.114 -1.73
6.05 3.08 -1.721
6.672 4.676 -1.764
6.667 4.656 -1.761
6.638 4.605 -1.748
6.632 4.57 -1.743
6.603 4.519 -1.73
6.606 4.491 -1.727
6.597 4.455 -1.721
6.577 4.411 -1.711
7.508 6.286 -1.771
7.487 6.228 -1.761
7.486 6.187 -1.756
7.475 6.138 -1.748
7.435 6.066 -1.733
7.379 6.001 -1.717
7.384 5.967 -1.714
1.921 10.738 -1.607
1.942 10.66 -1.595
1.96 10.572 -1.582
1.984 10.515 -1.574
2.002 10.428 -1.561
2.009 10.289 -1.539
11.576 10.769 -1.742
11.454 10.588 -1.716
11.397 10.469 -1.701
11.343 10.354 -1.686
11.333 10.279 -1.679
8.096 56.351 -0.989
8.107 55.197 -0.965
8.117 54.084 -0.942
8.163 53.254 -0.925
8.082 52.18 -0.902
