-9.19911 0.185927 -0.0069868 -0.000739927
-8.544 4.755 -1.769
-8.564 4.783 -1.775
-8.56 4.816 -1.777
-8.541 4.841 -1.776
-8.55 4.881 -1.782
-8.541 4.912 -1.783
-8.544 4.95 -1.787
-8.566 4.98 -1.794
-8.55 5.007 -1.794
-8.544 5.039 -1.796
-8.532 5.068 -1.797
-8.494 5.082 -1.792
-8.532 5.141 -1.804
-8.541 5.183 -1.81
-8.538 5.199 -1.811
-8.525 5.228 -1.812
-8.532 5.269 -1.817
-8.525 5.302 -1.819
-8.513 5.332 -1.82
-8.482 7.782 -1.703
-8.528 7.848 -1.715
-8.56 7.927 -1.727
-8.548 7.966 -1.73
-8.55 8.019 -1.736
-8.555 8.074 -1.743
-8.54 8.11 -1.745
-8.546 8.141 -1.749
-8.541 8.189 -1.754
-21.956 3.679 -2.534
-21.974 3.717 -2.537
-21.997 3.792 -2.541
-22.026 3.868 -2.546
-22.065 3.947 -2.553
-22.07 4.019 -2.555
-22.094 4.095 -2.559
-22.128 4.173 -2.565
-22.17 4.217 -2.571
-22.188 4.293 -2.575
-22.231 4.374 -2.582
-22.233 4.447 -2.584
-22.238 4.52 -2.587
-22.228 4.591 -2.587
-29.122 13.732 -2.758
-29.237 13.899 -2.774
-29.584 14.179 -2.814
-29.622 14.312 -2.823
-29.749 14.488 -2.84
-29.873 14.665 -2.858
