-12.7399 1.84736 -0.261734 0.0120554
-8.563 4.73 -1.769
-8.555 4.76 -1.771
-8.561 4.781 -1.774
-8.546 4.808 -1.774
-8.55 4.846 -1.778
-8.548 4.88 -1.781
-8.539 4.911 -1.783
-8.551 4.954 -1.789
-8.553 4.99 -1.793
-8.54 5.001 -1.792
-8.539 5.036 -1.795
-8.527 5.065 -1.796
-8.497 5.084 -1.793
-8.538 5.145 -1.806
-8.539 5.182 -1.809
-8.529 5.213 -1.811
-8.533 5.233 -1.814
-8.527 5.266 -1.816
-8.512 5.294 -1.816
-8.517 5.334 -1.821
-8.495 5.358 -1.82
-8.485 7.784 -1.703
-8.534 7.854 -1.716
-8.554 7.922 -1.726
-8.551 7.969 -1.731
-8.557 8.026 -1.738
-8.542 8.062 -1.74
-8.548 8.119 -1.747
-8.543 8.164 -1.751
-8.54 8.187 -1.753
-21.974 3.717 -2.537
-21.999 3.792 -2.541
-22.024 3.868 -2.546
-22.045 3.943 -2.55
-22.078 4.021 -2.556
-22.088 4.094 -2.559
-22.135 4.139 -2.565
-22.176 4.218 -2.572
-22.188 4.293 -2.575
-22.235 4.375 -2.583
-22.229 4.446 -2.584
-22.248 4.522 -2.588
-22.239 4.593 -2.589
-29.138 13.74 -2.76
-29.217 13.89 -2.772
-29.579 14.176 -2.814
-29.624 14.312 -2.823
-29.759 14.494 -2.841
-29.912 14.685 -2.862
-14.882 51.476 -0.918
-14.819 51.867 -0.926
-14.788 52.381 -0.936
-14.856 52.941 -0.948
-14.842 53.54 -0.96
-14.847 54.218 -0.974
