6.19434 -0.441443 0.151486 -0.00752052
6.131 3.343 -1.774
6.116 3.31 -1.766
6.113 3.284 -1.762
6.101 3.252 -1.755
6.104 3.23 -1.753
6.065 3.184 -1.738
6.071 3.163 -1.737
6.08 3.156 -1.738
6.061 3.121 -1.729
6.053 3.093 -1.724
6.663 4.716 -1.768
6.679 4.697 -1.768
6.66 4.652 -1.759
6.651 4.614 -1.752
6.637 4.573 -1.744
6.609 4.539 -1.734
6.6 4.502 -1.728
6.595 4.468 -1.722
6.572 4.423 -1.712
7.479 6.161 -1.752
7.436 6.087 -1.736
7.406 6.024 -1.724
7.383 5.966 -1.713
7.355 5.905 -1.702
7.32 5.839 -1.688
1.92 10.734 -1.606
1.943 10.669 -1.597
1.965 10.597 -1.586
1.969 10.526 -1.575
1.988 10.446 -1.563
2.002 10.343 -1.548
11.547 10.742 -1.737
11.469 10.602 -1.718
11.41 10.513 -1.705
11.35 10.393 -1.69
11.346 10.324 -1.684
13.073 11.36 -1.501
12.832 11.079 -1.465
12.707 10.901 -1.444
21.24 5.545 -1.416
21.191 5.461 -1.411
21.141 5.377 -1.406
21.094 5.295 -1.401
21.24 5.261 -1.411
21.473 5.247 -1.427
21.292 5.167 -1.413
21.048 5.038 -1.393
21.18 4.999 -1.402
21.013 4.89 -1.388
21.118 4.845 -1.395
21.018 4.752 -1.386
20.889 4.654 -1.376
20.916 4.625 -1.377
20.716 4.513 -1.361
20.747 4.451 -1.362
20.991 4.435 -1.38
20.976 4.363 -1.377
20.788 4.256 -1.362
20.716 4.173 -1.356
20.755 4.147 -1.358
20.6 4.049 -1.346
20.54 3.97 -1.34
20.572 3.909 -1.342
20.478 3.824 -1.334
