-9.85179 0.47622 -0.048847 0.00123243
-8.552 4.741 -1.769
-8.549 4.775 -1.771
-8.536 4.803 -1.772
-8.556 4.831 -1.778
-8.549 4.863 -1.78
-8.551 4.9 -1.784
-8.544 4.931 -1.785
-8.545 4.968 -1.789
-8.545 5.004 -1.793
-8.541 5.037 -1.795
-8.541 5.056 -1.797
-8.497 5.066 -1.791
-8.528 5.12 -1.801
-8.539 5.163 -1.807
-8.548 5.205 -1.813
-8.533 5.233 -1.814
-8.518 5.261 -1.814
-8.523 5.283 -1.817
-8.513 5.314 -1.818
-8.505 5.346 -1.82
-8.481 7.756 -1.7
-8.52 7.842 -1.714
-8.551 7.919 -1.726
-8.542 7.961 -1.729
-8.553 7.996 -1.734
-8.555 8.048 -1.74
-8.557 8.101 -1.746
-8.546 8.141 -1.749
-8.539 8.186 -1.753
-8.536 8.235 -1.758
-21.956 3.714 -2.535
-21.991 3.791 -2.54
-22.026 3.833 -2.546
-22.048 3.908 -2.55
-22.078 3.985 -2.555
-22.085 4.058 -2.557
-22.123 4.136 -2.564
-22.163 4.216 -2.57
-22.175 4.29 -2.574
-22.222 4.336 -2.58
-22.218 4.408 -2.582
-22.249 4.486 -2.587
-21.462 13.727 -2.302
-21.445 13.812 -2.305
-21.405 13.881 -2.306
-21.386 13.965 -2.309
-21.371 14.05 -2.312
-21.373 14.148 -2.318
-21.377 14.199 -2.321
-21.381 14.298 -2.326
-21.352 14.377 -2.328
-21.346 14.47 -2.333
-21.337 14.562 -2.337
-21.322 14.65 -2.341
-21.309 14.74 -2.345
-21.315 14.794 -2.348
-21.323 14.898 -2.355
