-10.8539 0.978918 -0.13155 0.00566215
-8.563 4.73 -1.769
-8.562 4.764 -1.772
-8.552 4.794 -1.774
-8.559 4.833 -1.779
-8.552 4.865 -1.78
-8.548 4.88 -1.781
-8.555 4.92 -1.786
-8.548 4.952 -1.788
-8.551 4.989 -1.792
-8.54 5.019 -1.793
-8.545 5.058 -1.798
-8.509 5.073 -1.793
-8.497 5.084 -1.793
-8.542 5.147 -1.806
-8.542 5.184 -1.81
-8.519 5.207 -1.809
-8.528 5.249 -1.814
-8.517 5.279 -1.815
-8.51 5.312 -1.818
-8.512 5.331 -1.82
-8.515 7.763 -1.705
-8.511 7.808 -1.709
-8.53 7.875 -1.718
-8.552 7.945 -1.728
-8.543 7.987 -1.732
-8.545 8.039 -1.738
-8.562 8.081 -1.744
-8.547 8.117 -1.747
-8.547 8.168 -1.752
-8.539 8.212 -1.756
-21.948 3.677 -2.533
-21.982 3.754 -2.538
-22.017 3.831 -2.544
-22.038 3.906 -2.548
-22.075 3.948 -2.554
-22.08 4.021 -2.556
-22.104 4.097 -2.561
-22.152 4.178 -2.568
-22.17 4.253 -2.572
-22.207 4.333 -2.578
-22.246 4.413 -2.585
-29.096 13.664 -2.753
-29.156 13.804 -2.764
-29.299 13.985 -2.783
-29.582 14.235 -2.816
-29.645 14.323 -2.825
-29.869 14.547 -2.852
-29.855 14.657 -2.856
