-5.23306 -0.393839 -0.00283865 0.000625686
-9.60836 17.8596 -1.06284
-9.59203 17.9794 -1.06797
-9.57123 18.0922 -1.07268
-9.56183 18.2281 -1.07875
-9.54054 18.3428 -1.08356
-9.52497 18.4701 -1.08911
-9.50955 18.5993 -1.09476
-9.49874 18.7392 -1.10104
-9.44672 18.7991 -1.10261
-9.45763 18.9857 -1.11162
-9.40368 19.0436 -1.11308
-10.9796 30.6986 -0.569088
-10.9217 30.8763 -0.571671
-10.8893 31.1124 -0.575371
-10.8696 31.4072 -0.580118
-10.8337 31.6607 -0.584097
-10.7552 31.793 -0.585842
-10.7101 32.0276 -0.589472
-10.6559 32.2394 -0.592684
-10.6091 32.4779 -0.596384
-10.5719 32.7507 -0.600712
-10.5025 32.9284 -0.603295
-10.4536 33.1747 -0.607134
-10.4138 33.4554 -0.611602
-10.3604 33.6979 -0.615372
-10.2718 33.8296 -0.617117
-10.1996 34.0185 -0.619909
