-23.5072 7.09407 -0.608322 0.0139111
0.0316241 8.23609 -1.01127
0.0617809 8.23195 -1.01078
0.0887564 8.20192 -1.00713
0.117386 8.20156 -1.00713
0.145908 8.19515 -1.0064
0.174894 8.21245 -1.00859
0.201687 8.19396 -1.0064
0.229674 8.17138 -1.00372
0.257131 8.1368 -0.999572
0.285671 8.13982 -1.00006
0.313623 8.12687 -0.998597
0.343156 8.11972 -0.997866
0.368905 8.09276 -0.994698
0.396665 8.08151 -0.993479
0.423934 8.06223 -0.991285
0.451185 8.04485 -0.989335
0.477847 8.01945 -0.986411
0.504837 8.00188 -0.984461
0.531711 7.98422 -0.982511
0.559994 7.98826 -0.983242
0.587875 7.98626 -0.983242
0.615596 7.98217 -0.982998
0.64047 7.9603 -0.980561
0.667256 7.94615 -0.979098
0.695509 7.9497 -0.97983
0.723074 7.94525 -0.979586
0.750617 7.9407 -0.979342
0.777168 7.92618 -0.97788
0.804229 7.9175 -0.977149
0.832277 7.91859 -0.977636
0.860341 7.91958 -0.978123
0.886874 7.90667 -0.976905
0.913328 7.89366 -0.975686
0.939701 7.88057 -0.974467
0.967687 7.88118 -0.974955
0.993948 7.86791 -0.973736
1.02029 7.86654 -0.97398
1.04512 7.84325 -0.971543
1.07115 7.82972 -0.970324
1.09737 7.81807 -0.969349
1.12606 7.82402 -0.970568
1.15386 7.81395 -0.969836
1.17502 7.77867 -0.965937
1.20035 7.76275 -0.964474
1.2262 7.75067 -0.963499
1.25523 7.75005 -0.963987
1.27931 7.73605 -0.962768
1.30399 7.71783 -0.961062
0.220941 10.2903 -0.900493
0.256114 10.2596 -0.897878
0.289853 10.2487 -0.897007
0.32512 10.2317 -0.895612
0.360996 10.1847 -0.891603
0.394374 10.1276 -0.886723
0.428963 10.1083 -0.885154
0.463331 10.0868 -0.883411
0.495013 10.0494 -0.880273
0.527254 9.99387 -0.875567
0.560458 9.96213 -0.872952
0.593684 9.93426 -0.870686
0.626973 9.91026 -0.868768
0.654793 9.80662 -0.859879
0.684411 9.73869 -0.854126
0.720014 9.7581 -0.856044
0.749926 9.70189 -0.851337
0.780578 9.6595 -0.847851
24.7452 6.22015 -1.33718
24.7202 6.12222 -1.33467
24.5707 5.99423 -1.32546
24.4128 5.8655 -1.31583
24.1532 5.71404 -1.30076
23.9785 5.58439 -1.29029
23.7993 5.45514 -1.27961
41.9537 10.3747 -0.754363
41.7448 10.1686 -0.749965
41.5506 9.96776 -0.745846
40.9507 9.6728 -0.734467
40.4038 9.39483 -0.724065
40.1985 9.19931 -0.719807
39.7856 8.95878 -0.711849
39.4301 8.73422 -0.704938
39.1555 8.53013 -0.699492
