2.21037 0.0444239 0.0101335 -0.000419272
2.51952 3.94726 -1.08111
2.51363 3.90937 -1.07302
2.50713 3.8695 -1.06447
2.50464 3.83625 -1.05772
2.50409 3.80632 -1.05187
2.50444 3.77807 -1.04647
2.49662 3.73645 -1.03747
2.4857 3.69215 -1.02758
2.60203 4.73503 -1.05021
2.61011 4.71264 -1.04716
2.60261 4.66064 -1.03762
2.59864 4.61561 -1.02961
2.58663 4.55699 -1.01854
2.59667 4.53771 -1.01625
2.59562 4.49756 -1.00938
2.5886 4.44944 -1.0006
2.58899 4.41283 -0.994497
2.6611 5.8555 -1.0187
2.67164 5.82463 -1.01495
2.68265 5.79781 -1.01182
2.69518 5.77457 -1.00932
2.71784 5.77048 -1.01025
2.72695 5.73777 -1.00619
2.72133 5.67478 -0.996801
2.70671 5.59412 -0.984286
2.70629 5.54381 -0.97709
2.6977 5.47762 -0.967078
5.60879 2.57027 -0.75754
5.60507 2.54493 -0.755834
5.59626 2.51623 -0.753396
5.58281 2.48796 -0.750471
5.57693 2.46205 -0.748522
5.5855 2.44257 -0.748522
5.58306 2.41832 -0.747059
5.57505 2.39177 -0.744866
5.55961 2.36221 -0.741697
5.56009 2.34068 -0.740722
5.5609 2.3182 -0.739747
5.55795 2.29423 -0.738285
5.55123 2.26881 -0.736335
5.53335 2.23899 -0.732922
5.54666 2.22187 -0.733654
5.54146 2.19738 -0.731947
5.55464 2.1802 -0.732679
5.53446 2.15001 -0.729023
5.53452 2.12783 -0.728048
5.54897 2.11229 -0.729023
5.54702 2.08941 -0.727804
5.57102 2.07627 -0.729997
5.54471 2.04445 -0.72561
5.53689 2.01964 -0.72366
5.54018 1.99896 -0.723173
5.54338 1.97827 -0.722685
5.5443 1.9579 -0.721954
5.53389 1.93361 -0.71976
5.5256 1.90909 -0.717811
5.52847 1.88851 -0.717323
5.53127 1.86793 -0.716836
5.53775 1.84861 -0.716836
5.52187 1.82084 -0.713911
5.52064 1.79909 -0.712936
5.50957 1.7753 -0.710742
5.52867 1.76123 -0.712448
5.531 1.74073 -0.711961
5.51459 1.71338 -0.709036
5.51295 1.69179 -0.708061
5.50713 1.67005 -0.706599
3.18438 9.73111 -0.895787
3.18514 9.61969 -0.886548
3.17756 9.48572 -0.875218
3.15438 9.30851 -0.859879
3.13874 9.16229 -0.847328
3.14824 9.09159 -0.84175
3.10431 14.6297 -0.783783
3.14439 14.5803 -0.78169
3.19312 14.5595 -0.781167
3.24095 14.5469 -0.781062
3.29072 14.5193 -0.780225
3.33853 14.4838 -0.778968
3.38588 14.4585 -0.778236
3.42939 14.4174 -0.776666
3.47032 14.3665 -0.774572
3.51556 14.3452 -0.774049
3.55781 14.3122 -0.772897
3.59305 14.2519 -0.770281
3.6403 14.2296 -0.769757
3.67687 14.1562 -0.766513
3.69267 14.0158 -0.759604
3.70033 13.8485 -0.75123
3.66926 13.5425 -0.73532
3.6509 13.2908 -0.722341
4.75812 24.4556 -0.434879
4.83257 24.384 -0.433902
4.90025 24.2807 -0.432366
4.91078 23.9235 -0.426292
4.87567 23.3385 -0.41617
4.85915 22.8801 -0.408282
4.92463 22.7966 -0.407095
4.97962 22.6864 -0.405419
5.03526 22.5635 -0.403535
5.11134 22.5341 -0.403325
5.17502 22.4333 -0.401859
5.24351 22.3558 -0.400812
5.30297 22.2596 -0.399416
5.3683 22.2069 -0.398787
5.42667 22.1268 -0.397671
5.48746 22.0582 -0.396763
5.54974 21.9808 -0.395716
5.60063 21.8605 -0.393901
5.65175 21.7441 -0.392156
5.72427 21.6961 -0.391667
5.78859 21.6335 -0.390899
5.8536 21.5746 -0.390201
5.9119 21.4923 -0.389084
5.96541 21.3945 -0.387688
6.02591 21.3235 -0.38678
6.08379 21.2447 -0.385733
6.15234 21.2041 -0.385384
6.18513 21.0696 -0.38329
