-12.2972 0.233212 -0.00773544 0.000168257
-11.123 5.75575 -1.53775
-11.1116 5.79914 -1.53897
-11.1159 5.85083 -1.54238
-11.1112 5.89797 -1.54457
-11.1028 5.94328 -1.54628
-11.0977 5.99049 -1.54847
-11.0872 6.03488 -1.54993
-11.0949 6.08689 -1.55383
-11.091 6.13519 -1.55627
-11.0862 6.18064 -1.55847
-11.0576 6.21541 -1.55749
-11.0566 6.26571 -1.56042
-11.064 6.32101 -1.56456
-11.0453 6.36158 -1.56505
-11.0539 6.41803 -1.56943
-11.036 6.45665 -1.56992
-11.0305 6.50522 -1.57236
-11.0265 6.55484 -1.57504
-11.0359 6.61268 -1.57967
-11.0212 6.6563 -1.58089
-11.0064 6.69989 -1.58211
-10.9863 6.74035 -1.5826
-10.9627 6.77865 -1.5826
-10.966 6.83367 -1.5865
-10.9509 6.88015 -1.58796
-10.3923 11.7257 -1.37079
-10.3776 11.7918 -1.37427
-10.3699 11.8622 -1.37846
-10.365 11.9404 -1.38334
-10.3516 12.0179 -1.38769
-10.3441 12.09 -1.39205
-10.325 12.1533 -1.39519
-10.3215 12.2398 -1.40077
-10.3107 12.314 -1.40512
-10.3157 12.4032 -1.4114
-10.3151 12.4865 -1.41698
-10.279 12.5317 -1.41802
-10.2657 12.6095 -1.42256
-10.2292 12.6545 -1.4236
-9.37109 20.0872 -1.16165
-9.34449 20.2141 -1.16709
-9.3321 20.3737 -1.17442
-9.32282 20.5425 -1.18227
-9.2989 20.6717 -1.18792
-9.27547 20.8135 -1.1942
-9.25072 20.9643 -1.2009
-9.22628 21.1081 -1.20729
-9.20229 21.2449 -1.21336
-9.14202 21.2991 -1.21472
-12.2232 24.6451 -0.480186
-12.2068 24.8294 -0.482943
-12.1867 25.0085 -0.485596
-12.168 25.1931 -0.488353
-12.1421 25.3653 -0.490866
-12.1204 25.5485 -0.493589
-12.1071 25.7405 -0.496521
-12.0763 25.9095 -0.498964
-12.0663 26.1258 -0.502315
-12.0266 26.2805 -0.504479
-12.0137 26.4841 -0.507621
-11.9964 26.6806 -0.510623
-11.9683 26.8685 -0.513415
-11.9423 27.0768 -0.516556
-11.9086 27.2576 -0.519209
-11.8944 27.4732 -0.52256
-11.8757 27.6946 -0.525981
-11.8493 27.9015 -0.529122
-11.8231 28.1123 -0.532333
