-11.6746 0.140455 -0.00297767 7.08295e-05
-11.0226 5.33091 -1.50338
-11.0057 5.37023 -1.50362
-10.9958 5.413 -1.50484
-10.9964 5.46106 -1.50752
-11.0039 5.51274 -1.51118
-10.9935 5.5556 -1.5124
-10.9838 5.59654 -1.51362
-10.973 5.63937 -1.51484
-10.9692 5.68586 -1.51703
-10.9774 5.73884 -1.52093
-10.9731 5.78545 -1.52312
-10.9598 5.82745 -1.5241
-10.9429 5.86754 -1.52459
-10.9416 5.91609 -1.52727
-10.9505 5.9704 -1.53141
-10.9435 6.01624 -1.53336
-10.9433 6.06596 -1.53629
-10.9231 6.10221 -1.53629
-10.9218 6.14911 -1.53897
-10.921 6.19896 -1.54189
-10.9389 6.25972 -1.5475
-10.9176 6.30076 -1.54774
-10.8939 6.33784 -1.5475
-10.8974 6.39088 -1.55115
-10.8778 6.428 -1.5514
-10.8707 6.47507 -1.55359
-10.3699 11.5534 -1.35824
-10.356 11.6193 -1.36172
-10.3497 11.6941 -1.36625
-10.3404 11.7661 -1.37044
-10.3321 11.8397 -1.37479
-10.3316 11.9272 -1.38055
-10.325 12.0039 -1.38525
-10.3063 12.0672 -1.38839
-10.2925 12.1365 -1.39223
-10.2911 12.2211 -1.3978
-10.297 12.3151 -1.40443
-10.2819 12.3847 -1.40826
-10.2636 12.4463 -1.4114
-9.53156 19.9385 -1.15819
-9.50723 20.0673 -1.16374
-9.49837 20.2217 -1.17086
-9.48251 20.3724 -1.17766
-9.46212 20.5249 -1.18447
-9.45266 20.6941 -1.19232
-9.42518 20.8163 -1.19755
-9.40559 20.9675 -1.20436
-9.3729 21.0915 -1.20959
-9.30485 21.1369 -1.21032
-11.5727 26.0661 -0.497812
-11.5332 26.2235 -0.500046
-11.539 26.4873 -0.504305
-11.4956 26.6412 -0.506469
-11.4795 26.8614 -0.509889
-11.459 27.0744 -0.513171
-11.4355 27.2839 -0.516382
-11.4094 27.4768 -0.519314
-11.3925 27.7088 -0.522944
-11.356 27.8966 -0.525736
-11.2735 27.9732 -0.526434
-11.2321 28.1535 -0.529087
-11.2116 28.3897 -0.532787
-11.1984 28.6484 -0.536906
-11.2483 29.3795 -0.549123
