-12.2146 0.230374 -0.0118041 0.000306621
-11.1927 6.0443 -1.56188
-11.182 6.08903 -1.56334
-11.1711 6.13376 -1.5648
-11.1757 6.18714 -1.56846
-11.1644 6.23192 -1.56992
-11.1651 6.28351 -1.57309
-11.1528 6.32539 -1.57431
-11.1594 6.37811 -1.57821
-11.1416 6.41706 -1.5787
-11.1517 6.47484 -1.58333
-11.1548 6.52878 -1.58698
-11.1268 6.56465 -1.58625
-11.1072 6.60547 -1.58674
-11.1164 6.6636 -1.59137
-11.1181 6.7148 -1.59478
-11.1251 6.77214 -1.59917
-11.1031 6.81197 -1.59941
-11.0978 6.86217 -1.60209
-11.0986 6.91363 -1.60551
-11.103 6.97027 -1.60965
-11.1004 7.02279 -1.61282
-10.6345 12.054 -1.40635
-10.6234 12.1222 -1.41018
-10.6176 12.2013 -1.41506
-10.6167 12.2865 -1.42064
-10.6096 12.361 -1.42517
-10.5918 12.4234 -1.42831
-10.5831 12.5013 -1.43301
-10.5843 12.5916 -1.43912
-10.5735 12.6682 -1.44365
-10.567 12.7461 -1.44853
-10.5402 12.8045 -1.45097
-10.5361 12.8955 -1.4569
-10.506 12.9508 -1.45899
-10.4583 12.9842 -1.45864
-9.93085 19.8834 -1.16479
-9.91633 20.029 -1.17128
-9.8974 20.1674 -1.17735
-9.88115 20.3043 -1.18342
-9.86575 20.4538 -1.19012
-9.85474 20.6053 -1.19703
-9.84606 20.7732 -1.20477
-9.82783 20.9231 -1.21147
-9.80109 21.0569 -1.21723
-9.74007 21.1182 -1.2188
-9.66131 21.1411 -1.21817
