2.64326 -0.211168 0.0460987 -0.00186921
2.37392 3.61807 -1.15951
2.37801 3.59687 -1.15537
2.38091 3.57408 -1.15071
2.37768 3.54371 -1.14346
2.37597 3.51458 -1.13673
2.37783 3.49231 -1.13207
2.37252 3.4585 -1.12379
2.3692 3.42795 -1.11655
2.3685 3.40022 -1.11033
2.36925 3.37612 -1.10516
2.42806 4.25512 -1.13105
2.42832 4.22128 -1.12431
2.42765 4.18791 -1.11756
2.4258 4.15292 -1.11036
2.43138 4.12931 -1.10631
2.44053 4.11032 -1.10361
2.43485 4.06833 -1.09461
2.42689 4.0231 -1.08471
2.42775 3.99295 -1.07887
2.47941 5.14265 -1.10975
2.48361 5.10572 -1.10364
2.49104 5.07587 -1.09906
2.49219 5.03371 -1.09181
2.50623 5.01795 -1.09028
2.52904 5.0197 -1.09257
2.53765 4.99333 -1.08876
2.53446 4.94426 -1.07998
2.52376 4.88132 -1.06815
2.51634 4.82766 -1.05823
4.32147 6.19007 -0.926938
4.33042 6.15471 -0.924013
4.32317 6.09907 -0.91792
4.35021 6.09202 -0.919139
4.37029 6.07518 -0.918895
4.37876 6.04458 -0.916458
4.37655 5.99956 -0.911826
4.38572 5.96825 -0.909389
4.38054 5.9178 -0.904027
4.39626 5.89375 -0.902808
4.39892 5.85456 -0.899152
4.40017 5.81384 -0.895252
4.4122 5.78975 -0.89379
4.41425 5.75069 -0.890134
4.41852 5.71483 -0.886965
4.42258 5.67901 -0.883797
4.42645 5.64323 -0.880628
4.43161 5.61139 -0.877947
4.43784 5.58112 -0.875509
4.60473 8.59498 -0.85308
4.61332 8.54285 -0.84942
4.60691 8.4602 -0.842796
4.61966 8.41008 -0.839484
4.6181 8.33813 -0.833906
4.60638 8.2489 -0.826585
4.62243 8.2102 -0.824319
4.62407 8.14977 -0.819787
4.60995 8.05921 -0.812292
4.59625 7.97058 -0.80497
4.62666 7.96219 -0.805668
4.64839 7.93567 -0.804622
4.68011 7.92626 -0.805319
4.68671 7.87139 -0.801484
12.0026 16.0092 0.349258
12.1066 16.0311 0.350654
12.2469 16.1054 0.353167
12.3735 16.1547 0.355191
12.5227 16.2317 0.357844
12.7412 16.3963 0.362452
12.9722 16.5738 0.367373
13.15 16.6807 0.370759
13.2923 16.7467 0.373202
13.4002 16.7681 0.374668
13.5995 16.8902 0.378508
13.7029 16.8915 0.37966
13.9207 17.0442 0.384127
14.1804 17.2451 0.389712
14.2112 17.1601 0.388909
14.3624 17.2138 0.391318
14.4901 17.2503 0.393238
14.6794 17.3523 0.396728
14.8315 17.4146 0.399276
