4.81537 -1.27317 0.196596 -0.00877646
2.25351 5.17284 -1.09677
2.26444 5.14877 -1.09334
2.27752 5.13226 -1.09143
2.28267 5.09342 -1.08494
2.28182 5.04428 -1.07616
2.27577 4.98449 -1.0651
2.266 4.91986 -1.05288
2.25668 4.85495 -1.04067
2.3786 6.31476 -1.06876
2.395 6.29165 -1.06626
2.39567 6.22795 -1.05687
2.39021 6.14958 -1.04498
2.38277 6.06765 -1.03247
2.37521 5.98994 -1.02058
2.37377 5.92885 -1.01151
4.98431 4.47688 -0.822618
4.98361 4.44492 -0.819937
4.96938 4.40117 -0.815062
4.96533 4.36676 -0.811894
4.97008 4.34026 -0.810187
4.9747 4.31378 -0.808481
4.96716 4.27696 -0.804825
4.97301 4.25186 -0.803363
4.97571 4.22419 -0.801413
4.97373 4.19272 -0.798732
4.97848 4.16856 -0.797269
4.96705 4.12958 -0.793126
4.96388 4.09919 -0.790445
4.95277 4.05957 -0.786301
4.96383 4.03975 -0.785814
4.96864 4.01491 -0.784351
4.95165 3.9727 -0.779476
4.94841 3.94179 -0.776795
4.94969 3.91464 -0.774845
4.93834 3.87772 -0.770946
2.6459 10.6996 -0.964291
2.67644 10.6632 -0.961851
2.70578 10.6229 -0.959062
2.73238 10.5729 -0.955401
2.76219 10.5363 -0.952961
2.78308 10.4669 -0.947557
2.75995 10.2359 -0.927511
2.73577 10.0072 -0.90764
