3.6522 -0.601951 0.082935 -0.00274574
2.2809 3.61361 -1.14502
2.268 3.5669 -1.13259
2.26229 3.52929 -1.12327
2.26621 3.50839 -1.11913
2.26369 3.47779 -1.11189
2.26038 3.44765 -1.10464
2.25749 3.41717 -1.09739
2.25014 3.38032 -1.08808
2.33151 4.29769 -1.1288
2.3336 4.26771 -1.12296
2.32717 4.21566 -1.11171
2.31934 4.16875 -1.10136
2.31886 4.13554 -1.09461
2.31506 4.09519 -1.08606
2.32065 4.07184 -1.08201
2.31058 4.02148 -1.07077
2.40606 5.13405 -1.10211
2.4088 5.09586 -1.09563
2.40379 5.03739 -1.08494
2.39751 4.97944 -1.07425
2.39686 4.93396 -1.06624
2.39507 4.88896 -1.05823
2.38516 4.826 -1.0464
2.50215 6.3391 -1.0794
2.50158 6.27344 -1.0697
2.49798 6.19827 -1.05844
2.49725 6.13463 -1.04905
2.4883 6.05506 -1.03685
2.48292 5.98248 -1.0259
2.61284 8.05107 -1.0393
2.63536 8.02492 -1.03711
2.66147 8.01002 -1.03638
2.6559 7.90096 -1.02346
2.65534 7.80895 -1.01273
2.64901 7.70202 -1.00006
2.6361 7.57835 -0.985192
2.79455 10.884 -0.983117
2.82248 10.8357 -0.979631
2.84145 10.7545 -0.973181
2.87537 10.731 -0.971961
2.91699 10.7363 -0.973355
2.93751 10.6646 -0.967777
2.91686 10.447 -0.948952
2.89634 10.2355 -0.930649
5.72552 11.4486 -0.670842
5.75304 11.399 -0.669168
5.75655 11.3076 -0.664981
5.7393 11.1819 -0.6587
5.75442 11.1156 -0.655979
5.7905 11.0856 -0.655456
5.79751 11.0053 -0.651897
5.79841 10.9144 -0.64771
5.78837 10.8043 -0.642372
5.82132 10.7798 -0.642058
5.85703 10.7604 -0.642058
5.86963 10.6989 -0.639545
5.90866 10.6683 -0.639127
5.8817 10.537 -0.632428
5.89605 10.4809 -0.63023
5.8784 10.3647 -0.624473
5.81838 10.1759 -0.61432
