-5.20438 -0.00330021 0.00189543 -1.51252e-05
-5.195 2.322 -1.64
-5.197 2.342 -1.643
-5.196 2.362 -1.645
-5.192 2.38 -1.646
-5.194 2.4 -1.649
-5.199 2.412 -1.652
-5.189 2.428 -1.652
-5.187 2.446 -1.653
-5.182 2.464 -1.655
-5.185 2.485 -1.658
-5.188 2.507 -1.662
-5.183 2.525 -1.663
-5.192 2.549 -1.669
-5.192 2.559 -1.67
-5.185 2.576 -1.671
-5.181 2.594 -1.672
-5.185 2.616 -1.676
-5.181 2.635 -1.678
-5.171 2.651 -1.677
-5.18 2.676 -1.683
-5.178 2.685 -1.684
-5.179 2.706 -1.687
-5.176 2.725 -1.689
-5.179 2.747 -1.693
-5.181 3.807 -1.624
-5.182 3.832 -1.628
-5.181 3.856 -1.632
-5.187 3.886 -1.638
-5.179 3.906 -1.64
-5.176 3.929 -1.643
-5.175 3.941 -1.644
-5.181 3.971 -1.651
-5.181 3.997 -1.655
-5.179 4.021 -1.658
-5.168 4.039 -1.659
-5.173 4.069 -1.665
-5.168 4.091 -1.668
-5.178 4.113 -1.674
-5.182 5.331 -1.599
-5.177 5.36 -1.603
-5.182 5.399 -1.61
-5.186 5.419 -1.614
-5.173 5.44 -1.616
-5.172 5.473 -1.621
-5.174 5.51 -1.628
-5.168 5.538 -1.632
-5.166 5.571 -1.637
-5.159 5.599 -1.641
-5.164 5.621 -1.645
-5.166 5.659 -1.652
-5.144 7.162 -1.583
-5.137 7.199 -1.588
-5.152 7.244 -1.596
-5.151 7.29 -1.604
-5.14 7.324 -1.608
-5.138 7.371 -1.615
-5.128 7.404 -1.619
-5.131 7.459 -1.628
-5.133 7.487 -1.633
-5.123 7.522 -1.638
-5.115 9.226 -1.55
-5.108 9.282 -1.557
-5.092 9.322 -1.561
-5.05 9.315 -1.557
-5.028 9.345 -1.56
-5.032 9.422 -1.571
-5.041 9.511 -1.584
-5.026 9.519 -1.584
-5.02 9.58 -1.592
-5.017 9.648 -1.602
-4.995 9.679 -1.604
-4.968 9.7 -1.605
-4.941 9.723 -1.607
-4.982 12.534 -1.526
-4.975 12.631 -1.537
-4.953 12.693 -1.543
-4.946 12.793 -1.555
-4.946 12.914 -1.569
-4.946 12.978 -1.577
-4.831 16.396 -1.479
-4.817 16.539 -1.492
-4.807 16.699 -1.507
-4.79 16.837 -1.519
-4.744 16.878 -1.522
-4.739 16.961 -1.53
-4.59 21.552 -1.422
-4.567 21.781 -1.439
-4.541 21.827 -1.441
-4.497 21.96 -1.45
-4.49 22.281 -1.474
-4.436 22.374 -1.479
-4.368 22.401 -1.48
-12.699 28.26 -1.352
-12.731 28.449 -1.361
-12.702 28.626 -1.369
-12.677 28.814 -1.377
-12.659 29.018 -1.386
-12.629 29.199 -1.394
-12.589 29.36 -1.4
-12.544 29.509 -1.406
