-5.15192 0.0653234 -0.00766593 0.000525526
-4.982 4.074 -1.625
-4.981 4.099 -1.63
-4.984 4.128 -1.635
-4.983 4.154 -1.64
-4.98 4.164 -1.641
-4.977 4.188 -1.644
-4.981 4.219 -1.651
-4.974 4.239 -1.653
-4.971 4.264 -1.656
-4.971 4.29 -1.661
-4.968 4.302 -1.663
-4.967 4.328 -1.667
-4.96 4.35 -1.669
-4.967 4.383 -1.677
-4.945 5.575 -1.603
-4.941 5.605 -1.608
-4.933 5.614 -1.608
-4.953 5.672 -1.621
-4.945 5.699 -1.625
-4.939 5.728 -1.629
-4.941 5.767 -1.636
-4.929 5.79 -1.638
-4.921 5.817 -1.642
-4.945 5.864 -1.654
-4.9 7.32 -1.581
-4.89 7.355 -1.585
-4.877 7.385 -1.589
-4.873 7.429 -1.596
-4.876 7.46 -1.601
-4.869 7.5 -1.607
-4.864 7.543 -1.613
-4.864 7.596 -1.622
-4.87 7.658 -1.633
-4.793 9.545 -1.571
-4.794 9.584 -1.577
-4.791 9.654 -1.586
-4.78 9.706 -1.593
-4.759 9.743 -1.597
-4.758 9.818 -1.607
-4.741 9.861 -1.612
-4.732 9.921 -1.62
-4.734 9.965 -1.627
-3.163 23.632 -0.994
-3.095 23.69 -0.996
-3.028 23.759 -0.999
-2.962 23.834 -1.002
-2.93 23.888 -1.005
-2.864 23.968 -1.009
-2.798 24.056 -1.013
-2.729 24.123 -1.015
-2.664 24.232 -1.021
-2.598 24.334 -1.025
-2.558 24.322 -1.024
-2.493 24.433 -1.03
-2.423 24.513 -1.033
-2.354 24.602 -1.037
-2.213 24.771 -1.045
