6.43599 -0.409913 0.0507948 -0.00188294
5.409 3.992 -1.704
5.409 3.966 -1.699
5.419 3.959 -1.7
5.412 3.929 -1.694
5.411 3.901 -1.689
5.415 3.879 -1.687
5.41 3.849 -1.681
5.416 3.828 -1.679
5.391 3.785 -1.667
5.408 3.785 -1.671
5.419 3.766 -1.67
5.424 3.745 -1.668
5.422 3.718 -1.663
5.433 3.701 -1.663
5.431 3.674 -1.658
5.41 3.635 -1.648
5.445 5.602 -1.687
5.446 5.568 -1.681
5.441 5.528 -1.674
5.446 5.498 -1.669
5.43 5.464 -1.661
5.429 5.429 -1.655
5.447 5.414 -1.656
5.438 5.37 -1.647
5.443 5.341 -1.643
5.458 5.322 -1.643
5.448 5.279 -1.634
5.468 7.517 -1.675
5.463 7.486 -1.67
5.47 7.445 -1.664
5.464 7.388 -1.655
5.468 7.346 -1.649
5.482 7.316 -1.646
5.476 7.26 -1.636
5.477 7.214 -1.629
5.471 7.182 -1.623
5.475 9.576 -1.626
5.479 9.512 -1.618
5.478 9.442 -1.608
5.479 9.409 -1.604
5.484 9.35 -1.596
5.478 9.273 -1.585
5.479 9.208 -1.576
5.676 11.768 -1.472
5.688 11.7 -1.465
5.698 11.673 -1.462
5.7 11.586 -1.452
5.733 11.561 -1.451
5.741 11.486 -1.443
5.756 11.426 -1.437
5.751 11.328 -1.426
5.764 11.266 -1.419
