-4.45984 -0.259125 0.0428728 -0.00199017
-6.043 0.826 -1.534
-6.046 0.846 -1.536
-6.106 0.874 -1.553
-6.168 0.892 -1.57
-6.217 0.919 -1.585
-4.93 5.664 -1.616
-4.917 5.685 -1.618
-4.905 5.708 -1.62
-4.926 5.749 -1.631
-4.917 5.775 -1.634
-4.91 5.804 -1.638
-4.913 5.845 -1.646
-4.896 5.861 -1.646
-4.9 5.904 -1.654
-4.909 5.952 -1.664
-4.908 5.97 -1.667
-4.855 7.635 -1.627
-4.846 7.673 -1.633
-4.836 7.712 -1.638
-4.839 7.77 -1.648
-4.821 7.795 -1.65
-4.805 7.824 -1.653
-4.81 7.887 -1.664
-4.809 7.913 -1.668
-4.794 7.945 -1.672
-4.786 7.989 -1.679
-4.771 8.021 -1.682
-4.815 9.663 -1.589
-4.79 9.69 -1.591
-4.762 9.709 -1.592
-4.742 9.747 -1.596
-4.757 9.816 -1.607
-4.752 9.883 -1.616
-4.75 9.96 -1.627
-4.752 10.044 -1.639
-18.774 31.524 -1.639
-18.728 31.674 -1.644
-18.643 31.757 -1.645
-18.65 31.998 -1.656
-18.903 32.667 -1.691
