5.37039 0.0106228 -0.000138649 2.84855e-05
5.391 4.125 -1.721
5.4 4.104 -1.72
5.403 4.08 -1.717
5.405 4.068 -1.715
5.399 4.037 -1.709
5.406 4.016 -1.707
5.411 3.993 -1.704
5.406 3.963 -1.698
5.414 3.943 -1.697
5.415 3.918 -1.693
5.409 3.9 -1.689
5.417 3.88 -1.687
5.424 3.86 -1.686
5.409 3.823 -1.677
5.42 3.805 -1.676
5.424 3.783 -1.674
5.421 3.756 -1.669
5.446 5.568 -1.681
5.442 5.529 -1.674
5.436 5.488 -1.666
5.452 5.47 -1.666
5.437 5.438 -1.658
5.439 5.405 -1.653
5.451 5.383 -1.651
5.44 5.338 -1.642
5.437 5.302 -1.636
5.456 5.288 -1.637
5.448 5.246 -1.629
5.444 7.585 -1.683
5.465 7.563 -1.682
5.469 7.519 -1.676
5.469 7.47 -1.668
5.467 7.442 -1.663
5.466 7.391 -1.655
5.472 7.351 -1.65
5.463 7.291 -1.639
5.47 7.252 -1.634
5.471 7.206 -1.627
5.432 9.712 -1.642
5.463 9.694 -1.642
5.469 9.634 -1.634
5.475 9.574 -1.626
5.479 9.512 -1.618
5.48 9.445 -1.609
5.483 9.382 -1.6
5.469 9.324 -1.591
5.519 12.965 -1.603
5.551 12.928 -1.6
5.56 12.839 -1.59
5.562 12.735 -1.578
5.565 12.632 -1.566
5.547 12.54 -1.554
5.55 12.441 -1.543
5.574 17.017 -1.559
5.627 16.996 -1.558
5.665 16.932 -1.554
5.667 16.762 -1.538
5.669 16.597 -1.522
5.649 16.452 -1.508
5.65 16.288 -1.493
5.836 22.528 -1.514
5.905 22.5 -1.513
5.879 22.259 -1.495
5.878 21.973 -1.475
5.877 21.694 -1.455
5.871 21.406 -1.434
5.875 21.159 -1.417
6.466 28.471 -1.262
6.492 28.172 -1.248
6.565 28.086 -1.245
6.611 27.888 -1.236
6.681 27.793 -1.232
6.654 27.49 -1.217
6.695 27.282 -1.207
