-0.167228 0.860889 0.0665673 -0.0255586
2.753 4.12 -1.412
2.752 4.091 -1.405
2.749 4.058 -1.396
2.753 4.037 -1.391
2.747 4 -1.38
2.738 3.973 -1.372
2.74 3.949 -1.366
2.73 3.909 -1.354
8.851 1.211 -1.605
8.923 1.193 -1.619
8.845 1.154 -1.603
8.814 1.121 -1.596
8.816 1.107 -1.596
8.724 1.068 -1.577
8.68 1.035 -1.568
8.636 1.002 -1.559
8.591 0.969 -1.549
11.143 1.503 -1.66
11.13 1.466 -1.657
11.029 1.417 -1.641
11.019 1.398 -1.639
10.928 1.351 -1.623
10.861 1.308 -1.612
10.985 1.288 -1.631
10.922 1.246 -1.62
10.793 1.197 -1.599
3.825 28.757 -1.253
3.911 28.717 -1.252
3.995 28.656 -1.249
4.037 28.633 -1.248
4.12 28.573 -1.246
4.203 28.509 -1.243
4.285 28.45 -1.241
4.369 28.399 -1.239
4.453 28.353 -1.238
4.544 28.347 -1.238
4.586 28.326 -1.237
4.675 28.314 -1.237
4.764 28.297 -1.237
4.856 28.299 -1.238
4.951 28.319 -1.24
5.04 28.306 -1.24
5.08 28.274 -1.239
5.169 28.256 -1.239
5.255 28.228 -1.238
5.339 28.188 -1.237
5.424 28.147 -1.236
5.506 28.101 -1.234
5.587 28.046 -1.232
5.62 27.98 -1.229
5.698 27.914 -1.227
5.775 27.847 -1.224
5.849 27.764 -1.221
5.924 27.689 -1.218
6.002 27.627 -1.216
6.035 27.569 -1.214
6.117 27.532 -1.213
6.199 27.491 -1.211
6.282 27.456 -1.211
6.362 27.409 -1.209
6.44 27.356 -1.208
6.516 27.293 -1.205
6.55 27.247 -1.204
6.63 27.203 -1.202
