-2.15453 -0.114338 -0.000855157 6.77258e-05
-2.666 3.191 -1.636
-2.662 3.207 -1.64
-2.665 3.231 -1.648
-2.671 3.249 -1.656
-2.668 3.266 -1.661
-2.673 3.294 -1.671
-2.679 3.324 -1.682
-2.678 3.344 -1.689
-2.741 3.69 -1.627
-2.754 3.732 -1.642
-2.75 3.751 -1.647
-2.748 3.773 -1.654
-2.757 3.799 -1.664
-2.759 3.826 -1.672
-2.755 3.847 -1.678
-2.749 3.864 -1.682
-2.888 4.757 -1.601
-2.885 4.785 -1.608
-2.887 4.824 -1.619
-2.888 4.859 -1.628
-2.9 4.896 -1.64
-2.887 4.909 -1.641
-2.898 4.964 -1.658
-2.989 5.611 -1.605
-2.991 5.658 -1.616
-2.994 5.705 -1.628
-2.996 5.754 -1.64
-3.008 5.798 -1.652
-3.007 5.84 -1.662
-3.112 6.698 -1.588
-3.118 6.764 -1.602
-3.118 6.822 -1.614
-3.129 6.901 -1.632
-3.128 6.956 -1.644
-3.285 8.092 -1.566
-3.29 8.177 -1.582
-3.3 8.277 -1.601
-3.303 8.358 -1.615
-3.304 8.4 -1.623
-3.293 8.448 -1.631
-3.506 9.922 -1.546
-3.528 10.032 -1.563
-3.529 10.138 -1.579
-3.534 10.253 -1.597
-3.508 10.283 -1.6
-3.484 10.318 -1.604
-3.831 12.53 -1.477
-3.824 12.578 -1.482
-3.781 12.579 -1.481
-3.761 12.655 -1.489
-3.773 12.846 -1.513
-3.783 13.031 -1.536
-3.785 13.194 -1.556
-3.794 13.305 -1.57
-4.135 16.065 -1.429
-4.14 16.292 -1.451
-4.149 16.546 -1.475
-4.167 16.839 -1.504
-4.162 16.933 -1.512
-4.115 16.971 -1.515
-4.52 21.391 -1.41
-4.523 21.741 -1.435
-4.525 22.093 -1.46
-4.477 22.215 -1.469
-4.414 22.262 -1.471
-4.382 22.287 -1.472
-4.669 29.83 -1.312
-4.642 29.961 -1.319
-4.612 30.4 -1.34
-4.592 30.921 -1.366
-4.563 31.397 -1.389
-4.488 31.576 -1.398
