6.56748 -0.584933 0.0884501 -0.00229842
5.618 5.293 -1.665
5.598 5.257 -1.656
5.591 5.217 -1.648
5.6 5.193 -1.646
5.589 5.15 -1.637
5.592 5.121 -1.633
5.59 5.086 -1.627
5.591 5.055 -1.623
5.58 5.029 -1.617
5.605 5.02 -1.62
5.608 4.99 -1.616
5.616 4.966 -1.613
8.075 3.015 -1.544
8.001 2.973 -1.528
8.062 2.967 -1.539
8.008 2.918 -1.526
7.958 2.872 -1.514
8.08 2.887 -1.537
8.072 2.856 -1.533
7.983 2.796 -1.513
7.867 2.741 -1.489
6.142 30.347 -1.351
6.227 30.274 -1.348
6.309 30.19 -1.345
6.386 30.088 -1.341
6.466 30 -1.337
6.549 29.93 -1.335
6.589 29.887 -1.333
6.679 29.846 -1.332
6.764 29.788 -1.33
6.853 29.747 -1.329
6.942 29.708 -1.328
7.03 29.663 -1.327
7.121 29.629 -1.327
7.173 29.643 -1.328
7.256 29.58 -1.326
7.338 29.512 -1.323
7.415 29.425 -1.32
7.496 29.359 -1.318
7.576 29.285 -1.315
7.656 29.217 -1.313
7.691 29.162 -1.311
7.778 29.12 -1.31
7.867 29.09 -1.31
7.956 29.056 -1.309
8.044 29.019 -1.308
8.132 28.982 -1.308
8.21 28.908 -1.305
8.226 28.793 -1.3
