-5.36406 0.018803 5.19956e-05 1.89812e-05
-5.272 3.612 -1.613
-5.27 3.635 -1.617
-5.272 3.66 -1.621
-5.265 3.68 -1.622
-5.258 3.7 -1.624
-5.254 3.722 -1.627
-5.25 3.744 -1.629
-5.262 3.765 -1.635
-5.256 3.786 -1.637
-5.26 3.813 -1.642
-5.253 3.833 -1.644
-5.255 3.86 -1.649
-5.25 3.882 -1.651
-5.249 3.907 -1.655
-5.252 3.922 -1.658
-5.252 3.947 -1.662
-5.252 3.973 -1.666
-5.257 5.176 -1.586
-5.265 5.216 -1.594
-5.262 5.246 -1.598
-5.263 5.281 -1.604
-5.262 5.312 -1.609
-5.251 5.334 -1.611
-5.254 5.372 -1.618
-5.262 5.397 -1.623
-5.256 5.424 -1.627
-5.25 5.452 -1.63
-5.252 5.488 -1.637
-5.252 5.523 -1.642
-5.254 7.031 -1.575
-5.26 7.085 -1.584
-5.257 7.128 -1.59
-5.256 7.173 -1.597
-5.25 7.212 -1.603
-5.245 7.254 -1.609
-5.254 7.289 -1.615
-5.254 7.337 -1.623
-5.239 7.365 -1.625
-5.232 7.405 -1.631
-5.218 7.435 -1.634
-5.193 8.998 -1.524
-5.178 9.038 -1.529
-5.216 9.169 -1.55
-5.22 9.244 -1.561
-5.223 9.283 -1.566
-5.206 9.322 -1.57
-5.196 9.373 -1.577
-5.149 9.356 -1.571
-5.13 9.391 -1.574
-5.109 9.423 -1.577
-5.084 12.171 -1.488
-5.098 12.314 -1.505
-5.113 12.406 -1.517
-5.103 12.494 -1.527
-5.094 12.585 -1.537
-5.067 12.632 -1.542
-5.049 12.704 -1.549
-5.019 15.837 -1.432
-5.005 15.966 -1.443
-4.991 16.098 -1.455
-4.979 16.239 -1.468
-4.987 16.355 -1.479
-4.953 16.426 -1.485
-4.909 16.47 -1.488
-4.855 20.429 -1.346
-4.835 20.631 -1.36
-4.851 20.848 -1.376
-4.814 20.985 -1.385
-4.766 21.076 -1.391
-4.743 21.288 -1.406
-4.681 21.322 -1.407
-4.618 21.356 -1.409
-4.46 27.928 -1.217
-4.408 28.168 -1.228
-4.375 28.545 -1.246
-4.342 28.932 -1.265
-4.332 29.176 -1.277
-4.268 29.377 -1.287
-4.184 29.448 -1.29
