6.84342 -1.4019 0.437355 -0.0444198
2.7 4.561 -1.685
2.716 4.554 -1.685
2.733 4.55 -1.687
2.74 4.53 -1.683
2.728 4.494 -1.67
2.723 4.455 -1.658
2.727 4.43 -1.651
2.731 4.405 -1.645
2.73 4.374 -1.636
2.739 4.358 -1.633
5.387 4.216 -1.736
5.389 4.191 -1.732
5.389 4.163 -1.727
5.388 4.136 -1.722
5.393 4.113 -1.72
5.384 4.093 -1.715
5.391 4.071 -1.712
5.392 4.045 -1.708
5.387 4.015 -1.703
5.395 3.995 -1.701
5.397 3.97 -1.697
5.405 3.949 -1.696
5.389 3.925 -1.688
5.395 3.903 -1.686
5.4 3.881 -1.684
7.319 4.621 -1.551
7.312 4.584 -1.546
7.279 4.532 -1.536
7.292 4.508 -1.535
7.293 4.477 -1.532
7.298 4.449 -1.53
7.285 4.425 -1.526
7.359 4.439 -1.539
7.254 4.343 -1.512
7.362 4.377 -1.534
7.345 4.336 -1.527
7.21 4.225 -1.493
8.91 5.858 -1.568
8.894 5.807 -1.561
8.869 5.751 -1.553
8.842 5.694 -1.545
8.84 5.654 -1.541
8.96 5.711 -1.562
8.995 5.694 -1.565
8.799 5.53 -1.525
9.017 5.629 -1.563
8.917 5.527 -1.541
9.126 5.618 -1.577
9.016 5.53 -1.554
8.966 5.46 -1.542
8.947 5.41 -1.535
8.858 5.318 -1.515
