6.8563 -0.69731 0.0920652 -0.0024107
5.368 4.215 -1.731
5.364 4.185 -1.726
5.364 4.157 -1.721
5.372 4.137 -1.719
5.375 4.112 -1.716
5.381 4.09 -1.714
5.372 4.07 -1.708
5.384 4.052 -1.708
5.373 4.018 -1.7
5.386 4.001 -1.7
5.384 3.973 -1.695
5.383 3.946 -1.69
5.384 3.921 -1.687
5.386 3.909 -1.685
5.384 3.882 -1.68
5.416 5.733 -1.704
5.423 5.704 -1.7
5.417 5.662 -1.692
5.432 5.642 -1.691
5.41 5.601 -1.681
5.417 5.573 -1.677
5.423 5.545 -1.674
5.423 5.509 -1.668
5.414 5.466 -1.659
5.43 5.448 -1.659
5.417 5.4 -1.649
2.801 8.789 -1.661
2.828 8.78 -1.661
2.853 8.764 -1.66
2.86 8.691 -1.647
2.827 8.498 -1.609
2.815 8.419 -1.594
18.163 0.899001 -1.586
18.156 0.841001 -1.585
18.082 0.809001 -1.578
17.885 0.744001 -1.558
17.85 0.686001 -1.554
17.804 0.628001 -1.55
17.776 0.571001 -1.547
17.569 0.509001 -1.526
5.456 28.806 -1.269
5.498 28.782 -1.268
5.585 28.745 -1.267
5.664 28.668 -1.264
5.743 28.597 -1.261
5.818 28.507 -1.257
5.892 28.41 -1.253
5.965 28.317 -1.25
6 28.261 -1.247
6.081 28.209 -1.245
6.162 28.154 -1.244
6.247 28.117 -1.243
6.333 28.088 -1.242
6.417 28.05 -1.241
6.455 28.015 -1.24
6.535 27.957 -1.238
6.618 27.917 -1.237
6.694 27.846 -1.234
6.783 27.832 -1.235
6.866 27.793 -1.234
6.952 27.766 -1.234
6.992 27.74 -1.233
7.078 27.714 -1.233
7.16 27.674 -1.232
7.242 27.632 -1.231
7.325 27.595 -1.23
7.407 27.555 -1.229
7.49 27.518 -1.228
7.531 27.498 -1.228
7.618 27.475 -1.228
7.701 27.439 -1.227
7.791 27.43 -1.228
7.865 27.363 -1.226
7.945 27.317 -1.225
8.027 27.281 -1.224
8.064 27.247 -1.223
8.145 27.206 -1.222
8.225 27.163 -1.222
8.305 27.118 -1.221
8.387 27.082 -1.22
8.469 27.046 -1.22
8.547 26.997 -1.218
