5.3275 -0.0192049 0.00143329 3.6705e-06
5.249 4.67 -1.786
5.255 4.645 -1.783
5.255 4.616 -1.777
5.25 4.582 -1.77
5.257 4.559 -1.767
5.246 4.535 -1.761
5.246 4.506 -1.756
5.26 4.49 -1.756
5.259 4.461 -1.751
5.257 4.43 -1.745
5.265 4.409 -1.743
5.258 4.375 -1.736
5.24 6.524 -1.815
5.254 6.5 -1.813
5.255 6.459 -1.806
5.261 6.424 -1.8
5.259 6.381 -1.792
5.26 6.341 -1.785
5.263 6.304 -1.779
5.261 6.282 -1.775
5.251 6.23 -1.764
5.282 8.462 -1.807
5.278 8.397 -1.796
5.297 8.368 -1.793
5.285 8.32 -1.784
5.283 8.259 -1.774
5.281 8.199 -1.764
5.292 8.16 -1.758
5.282 8.089 -1.746
5.278 10.793 -1.783
5.282 10.716 -1.772
5.278 10.665 -1.764
5.285 10.594 -1.755
5.291 10.524 -1.745
5.292 10.444 -1.734
5.297 10.371 -1.724
5.339 14.521 -1.779
5.367 14.458 -1.773
5.365 14.315 -1.756
5.373 14.201 -1.743
5.357 14.093 -1.729
5.36 13.969 -1.714
5.364 13.848 -1.7
5.409 19.129 -1.752
5.444 19.136 -1.754
5.48 19.036 -1.746
5.491 18.851 -1.728
5.49 18.629 -1.707
5.492 18.419 -1.688
5.499 18.232 -1.67
5.778 25.418 -1.719
5.821 25.42 -1.72
5.809 25.007 -1.691
5.816 24.682 -1.667
5.8 24.272 -1.638
5.802 23.943 -1.614
9.394 32.897 -1.514
9.384 32.474 -1.494
9.509 32.521 -1.498
9.509 32.331 -1.489
9.568 32.16 -1.481
9.662 32.106 -1.48
9.768 32.093 -1.481
9.843 31.978 -1.476
9.926 31.89 -1.473
9.995 31.761 -1.468
10.044 31.74 -1.468
10.1 31.573 -1.461
17.145 44.569 -0.796
17.104 44.049 -0.786
16.925 43.188 -0.768
16.698 42.218 -0.747
16.619 41.827 -0.739
