6.1473 -0.40051 0.0736777 -0.00326479
5.717 2.609 -1.585
5.692 2.576 -1.575
5.683 2.55 -1.569
5.666 2.521 -1.562
5.683 2.507 -1.565
5.695 2.502 -1.567
5.682 2.475 -1.561
5.683 2.454 -1.559
5.689 2.435 -1.558
5.717 2.427 -1.565
5.755 2.422 -1.574
5.756 2.4 -1.572
5.733 2.38 -1.564
5.726 2.356 -1.559
5.674 2.314 -1.542
5.639 2.279 -1.53
5.612 5.337 -1.671
5.616 5.307 -1.667
5.603 5.261 -1.657
5.59 5.233 -1.65
5.596 5.206 -1.647
5.587 5.164 -1.639
5.587 5.132 -1.634
5.592 5.104 -1.631
5.59 5.071 -1.625
5.585 5.033 -1.618
8.441 2.118 -1.56
8.413 2.083 -1.554
8.347 2.039 -1.539
8.334 2.008 -1.535
8.312 1.975 -1.53
8.242 1.944 -1.515
8.254 1.92 -1.516
8.14 1.866 -1.492
6.042 30.338 -1.35
6.085 30.307 -1.349
6.181 30.294 -1.349
6.264 30.214 -1.346
6.346 30.131 -1.343
6.422 30.025 -1.338
6.506 29.958 -1.336
6.543 29.903 -1.333
6.629 29.845 -1.332
6.717 29.799 -1.33
6.806 29.756 -1.329
6.893 29.709 -1.328
6.983 29.67 -1.327
7.077 29.654 -1.327
7.119 29.621 -1.326
7.205 29.572 -1.325
7.297 29.545 -1.325
7.376 29.466 -1.322
7.452 29.378 -1.318
7.528 29.291 -1.315
7.569 29.26 -1.314
7.647 29.182 -1.311
7.731 29.131 -1.31
7.818 29.089 -1.309
7.906 29.051 -1.308
7.998 29.028 -1.308
8.091 29.012 -1.309
8.171 28.944 -1.307
8.189 28.835 -1.302
8.278 28.805 -1.301
8.372 28.791 -1.302
8.451 28.724 -1.3
8.531 28.665 -1.298
8.616 28.619 -1.297
