5.6767 -0.35791 0.0780673 -0.00217104
5.513 3.68 -1.678
5.498 3.657 -1.671
5.503 3.636 -1.669
5.513 3.617 -1.668
5.506 3.588 -1.663
5.508 3.565 -1.66
5.514 3.544 -1.658
5.506 3.514 -1.652
5.508 3.503 -1.651
5.503 3.476 -1.645
5.499 3.449 -1.641
5.508 3.431 -1.64
5.511 3.408 -1.638
5.511 3.385 -1.634
5.502 3.367 -1.63
5.507 3.347 -1.628
5.505 3.322 -1.624
5.603 5.312 -1.665
5.601 5.277 -1.66
5.602 5.245 -1.655
5.604 5.214 -1.65
5.594 5.171 -1.641
5.58 5.142 -1.635
5.592 5.121 -1.633
5.584 5.081 -1.626
5.584 5.049 -1.621
5.588 5.021 -1.617
5.591 4.991 -1.613
6.167 30.223 -1.345
6.252 30.157 -1.343
6.285 30.077 -1.339
6.366 29.994 -1.336
6.447 29.912 -1.333
6.532 29.85 -1.331
6.617 29.789 -1.329
6.704 29.738 -1.327
6.793 29.698 -1.326
6.835 29.67 -1.325
6.926 29.638 -1.325
7.022 29.63 -1.325
7.106 29.567 -1.323
7.197 29.537 -1.323
7.281 29.479 -1.321
7.317 29.429 -1.319
7.39 29.328 -1.315
7.471 29.26 -1.313
7.55 29.184 -1.31
7.631 29.12 -1.308
7.716 29.073 -1.307
7.807 29.048 -1.307
7.853 29.038 -1.307
7.946 29.019 -1.307
8.031 28.973 -1.306
8.115 28.922 -1.305
8.182 28.81 -1.3
8.252 28.713 -1.297
8.355 28.733 -1.299
8.391 28.687 -1.297
8.473 28.634 -1.296
8.554 28.577 -1.294
