5.00635 0.0265732 -0.0012673 6.00307e-05
5.123 4.808 -1.786
5.122 4.777 -1.78
5.123 4.748 -1.775
5.121 4.716 -1.769
5.121 4.702 -1.766
5.12 4.671 -1.76
5.127 4.647 -1.757
5.133 4.623 -1.754
5.123 4.585 -1.745
5.133 4.565 -1.743
5.127 4.531 -1.736
5.153 6.414 -1.783
5.145 6.363 -1.772
5.158 6.339 -1.77
5.166 6.308 -1.766
5.157 6.277 -1.759
5.17 6.252 -1.756
5.172 6.215 -1.75
5.164 6.165 -1.74
5.175 6.139 -1.737
5.175 6.1 -1.73
5.188 8.34 -1.777
5.196 8.295 -1.771
5.211 8.26 -1.766
5.218 8.214 -1.76
5.221 8.163 -1.752
5.229 8.118 -1.745
5.218 8.046 -1.732
5.213 8.009 -1.726
5.242 10.509 -1.74
5.239 10.42 -1.727
5.239 10.338 -1.715
5.229 10.279 -1.706
5.237 10.215 -1.698
5.24 10.14 -1.687
5.336 14.037 -1.721
5.367 13.987 -1.717
5.366 13.854 -1.701
5.371 13.739 -1.687
5.35 13.622 -1.672
5.352 13.503 -1.658
5.477 19.027 -1.745
5.52 18.95 -1.739
5.518 18.723 -1.717
5.547 18.604 -1.707
5.546 18.284 -1.677
5.544 18.075 -1.657
5.542 17.865 -1.637
5.822 25.799 -1.748
5.819 25.413 -1.72
5.787 24.91 -1.683
5.902 25.049 -1.695
5.954 24.92 -1.687
5.89 24.476 -1.654
5.939 24.343 -1.645
11.203 30.647 -1.435
11.26 30.506 -1.429
11.287 30.283 -1.419
11.282 30.125 -1.412
11.355 30.032 -1.409
11.295 29.593 -1.387
11.347 29.449 -1.381
19.325 53.983 -0.997
19.179 53.051 -0.978
19.003 52.307 -0.962
18.992 51.77 -0.951
18.979 51.238 -0.941
