-5.19435 -0.00364386 0.00204014 -1.99321e-05
-5.183 3.808 -1.624
-5.18 3.831 -1.628
-5.177 3.841 -1.629
-5.179 3.868 -1.633
-5.178 3.892 -1.637
-5.181 3.92 -1.642
-5.172 3.939 -1.643
-5.17 3.963 -1.647
-5.167 3.986 -1.65
-5.173 4.004 -1.654
-5.18 4.035 -1.661
-5.178 4.06 -1.665
-5.165 4.076 -1.665
-5.163 4.101 -1.668
-5.161 4.125 -1.672
-5.158 4.15 -1.676
-5.156 4.162 -1.677
-5.175 5.341 -1.6
-5.173 5.372 -1.604
-5.175 5.408 -1.611
-5.171 5.438 -1.615
-5.161 5.462 -1.618
-5.167 5.485 -1.623
-5.167 5.52 -1.628
-5.168 5.556 -1.635
-5.163 5.585 -1.639
-5.159 5.616 -1.643
-5.147 5.639 -1.646
-5.145 5.654 -1.648
-5.142 5.686 -1.653
-5.143 7.136 -1.579
-5.138 7.176 -1.584
-5.144 7.232 -1.594
-5.136 7.269 -1.599
-5.133 7.29 -1.602
-5.138 7.345 -1.611
-5.135 7.39 -1.618
-5.117 7.414 -1.62
-5.099 7.438 -1.622
-5.078 7.457 -1.622
-5.069 7.495 -1.627
-5.071 7.522 -1.632
-5.084 9.238 -1.549
-5.078 9.298 -1.557
-5.092 9.358 -1.566
-5.095 9.433 -1.577
-5.084 9.483 -1.583
-5.079 9.546 -1.592
-5.065 9.592 -1.597
-5.051 9.637 -1.603
-5.041 9.656 -1.604
-4.962 12.484 -1.519
-4.971 12.564 -1.529
-4.959 12.65 -1.538
-4.953 12.752 -1.55
-4.943 12.847 -1.561
-4.922 12.913 -1.568
-4.895 12.965 -1.573
-4.885 13.001 -1.577
-4.834 16.312 -1.471
-4.824 16.468 -1.485
-4.809 16.607 -1.498
-4.792 16.747 -1.511
-4.756 16.817 -1.516
-4.722 16.899 -1.523
-4.676 16.943 -1.526
-4.59 21.389 -1.411
-4.572 21.637 -1.428
-4.55 21.868 -1.445
-4.512 22.031 -1.456
-4.497 22.136 -1.463
-4.445 22.236 -1.47
-4.381 22.283 -1.472
-12.715 28.176 -1.349
-12.686 28.349 -1.356
-12.659 28.529 -1.364
-12.644 28.737 -1.373
-12.663 28.903 -1.381
-12.618 29.049 -1.387
-12.566 29.18 -1.392
-12.565 29.431 -1.403
