-4.94246 -0.039334 0.00430235 -0.000139185
-5.014 2.907 -1.672
-5.018 2.931 -1.677
-5.022 2.954 -1.682
-5.041 2.986 -1.692
-5.034 2.993 -1.691
-5.03 3.012 -1.693
-5.029 3.033 -1.696
-5.029 3.055 -1.7
-5.029 3.076 -1.703
-5.009 3.086 -1.7
-5.005 3.105 -1.701
-5 3.113 -1.701
-4.979 3.121 -1.697
-4.996 3.154 -1.707
-4.998 3.177 -1.711
-4.999 3.2 -1.716
-4.994 3.219 -1.717
-4.992 3.239 -1.72
-4.995 3.252 -1.723
-4.991 3.272 -1.726
-5.055 4.267 -1.674
-5.056 4.295 -1.679
-5.053 4.319 -1.683
-5.041 4.337 -1.684
-5.034 4.359 -1.686
-5.029 4.368 -1.687
-5.034 4.4 -1.694
-5.017 4.413 -1.693
-5.05 4.47 -1.709
-5.046 4.495 -1.713
-5.033 4.512 -1.714
-5.032 4.525 -1.716
-5.018 4.54 -1.716
-5.016 4.568 -1.72
-5.02 4.6 -1.727
-5.007 4.618 -1.728
-5.082 5.874 -1.676
-5.079 5.908 -1.682
-5.083 5.951 -1.69
-5.08 5.984 -1.695
-5.079 6.003 -1.698
-5.087 6.05 -1.708
-5.066 6.064 -1.707
-5.047 6.08 -1.707
-5.052 6.124 -1.716
-5.052 6.164 -1.723
-5.039 6.188 -1.725
-5.047 6.217 -1.732
-5.101 7.749 -1.672
-5.093 7.79 -1.677
-5.09 7.839 -1.685
-5.107 7.891 -1.695
-5.095 7.927 -1.7
-5.061 7.93 -1.697
-5.05 7.967 -1.702
-5.046 8.016 -1.709
-5.041 8.063 -1.717
-5.025 8.094 -1.72
-5.028 8.127 -1.726
-5.098 10.108 -1.673
-5.107 10.206 -1.687
-5.107 10.285 -1.698
-5.098 10.309 -1.701
-5.077 10.348 -1.705
-5.051 10.376 -1.707
-5.041 10.44 -1.716
-5.021 10.481 -1.72
-4.994 10.511 -1.723
-5.112 14.272 -1.662
-5.113 14.417 -1.679
-5.104 14.536 -1.692
-5.065 14.57 -1.695
-5.056 14.619 -1.7
-5.062 14.785 -1.719
-5.165 17.936 -1.633
-5.155 18.115 -1.65
-5.139 18.275 -1.664
-5.117 18.417 -1.677
-5.108 18.61 -1.695
-5.121 18.771 -1.711
-13.83 28.798 -1.996
-13.794 28.957 -2.005
-13.796 29.197 -2.02
-13.772 29.385 -2.031
-13.765 29.613 -2.045
-13.794 29.797 -2.057
-13.71 29.862 -2.059
-5.376 41.026 -1.637
-5.342 41.788 -1.67
-5.31 42.608 -1.706
-5.24 43.156 -1.73
-5.122 43.319 -1.737
