3.35563 -0.566966 0.0582162 -0.00154872
1.812 4.506 -1.725
1.809 4.479 -1.716
1.821 4.468 -1.713
1.836 4.464 -1.714
1.831 4.414 -1.696
1.835 4.384 -1.686
1.842 4.364 -1.68
1.843 4.346 -1.674
1.714 7.732 -1.711
1.733 7.7 -1.705
1.749 7.658 -1.697
1.766 7.622 -1.689
1.78 7.573 -1.679
1.798 7.545 -1.674
1.8 7.5 -1.664
1.832 7.53 -1.672
1.857 7.53 -1.674
1.873 7.492 -1.666
1.885 7.441 -1.655
1.857 9.086 -1.671
1.866 9.054 -1.665
1.888 9.021 -1.66
1.896 8.915 -1.64
1.9 8.796 -1.618
1.761 11.161 -1.669
1.774 11.125 -1.664
1.8 11.065 -1.655
1.832 11.044 -1.652
1.86 10.995 -1.646
1.872 10.859 -1.625
1.88 10.703 -1.6
1.84 14.17 -1.628
1.884 14.158 -1.628
1.91 14.017 -1.61
1.906 13.671 -1.566
1.924 13.496 -1.544
1.904 13.21 -1.508
1.892 18.039 -1.581
1.902 17.595 -1.538
1.928 17.326 -1.512
1.96 17.122 -1.493
1.988 17.125 -1.493
2.043 17.128 -1.494
2.093 17.09 -1.491
2.144 17.062 -1.489
2.194 17.029 -1.486
1.685 24.151 -1.583
1.757 24.089 -1.578
1.818 23.889 -1.564
1.882 23.738 -1.553
1.924 23.33 -1.524
1.957 22.851 -1.489
3.831 30.271 -1.329
3.833 29.904 -1.31
3.884 29.565 -1.294
3.936 29.248 -1.278
