-5.54976 0.11995 -0.0162554 0.000492079
-5.272 2.132 -1.639
-5.273 2.151 -1.641
-5.271 2.16 -1.642
-5.284 2.185 -1.648
-5.295 2.208 -1.654
-5.298 2.229 -1.658
-5.305 2.252 -1.662
-5.298 2.269 -1.662
-5.291 2.285 -1.662
-5.289 2.294 -1.663
-5.278 2.309 -1.662
-5.275 2.327 -1.663
-5.273 2.346 -1.665
-5.272 2.366 -1.667
-5.286 2.392 -1.674
-5.282 2.41 -1.675
-5.273 2.416 -1.674
-5.281 2.44 -1.679
-5.276 2.458 -1.68
-5.276 2.478 -1.682
-5.263 2.492 -1.681
-5.267 2.514 -1.685
-5.262 2.532 -1.686
-5.255 2.539 -1.685
-5.257 2.56 -1.688
-5.259 2.582 -1.692
-5.25 2.597 -1.691
-5.305 3.696 -1.634
-5.318 3.729 -1.642
-5.322 3.757 -1.647
-5.313 3.776 -1.648
-5.304 3.795 -1.649
-5.305 3.82 -1.653
-5.315 3.84 -1.658
-5.307 3.86 -1.66
-5.322 3.896 -1.669
-5.312 3.915 -1.67
-5.292 3.926 -1.667
-5.268 3.933 -1.663
-5.23 3.931 -1.655
-5.257 3.964 -1.666
-5.269 3.999 -1.674
-5.289 4.04 -1.685
-5.305 5.272 -1.609
-5.33 5.33 -1.623
-5.336 5.37 -1.631
-5.339 5.406 -1.637
-5.329 5.43 -1.639
-5.325 5.461 -1.644
-5.322 5.491 -1.648
-5.341 5.529 -1.658
-5.338 5.56 -1.662
-5.328 5.585 -1.665
-5.321 5.613 -1.669
-5.391 6.916 -1.573
-5.401 6.973 -1.583
-5.392 6.985 -1.584
-5.397 7.036 -1.592
-5.377 7.056 -1.593
-5.374 7.098 -1.599
-5.366 7.133 -1.604
-5.389 7.211 -1.619
-5.387 7.255 -1.625
-5.387 7.279 -1.629
-5.375 7.31 -1.632
-5.409 9.105 -1.556
-5.398 9.152 -1.562
-5.409 9.236 -1.574
-5.38 9.253 -1.574
-5.372 9.273 -1.577
-5.362 9.322 -1.582
-5.362 9.39 -1.592
-5.376 9.484 -1.606
-5.352 9.512 -1.608
-15.762 4.391 -1.81
-15.77 4.446 -1.812
-15.771 4.5 -1.814
-15.776 4.555 -1.817
-15.78 4.61 -1.819
-15.79 4.667 -1.822
-15.774 4.716 -1.822
-15.806 4.753 -1.827
-15.808 4.807 -1.829
-15.812 4.863 -1.832
-15.823 4.921 -1.835
-15.817 4.973 -1.836
-15.821 5.029 -1.839
-15.82 5.084 -1.841
-15.825 5.113 -1.842
-15.837 5.171 -1.846
-15.836 5.226 -1.848
-15.831 5.28 -1.85
-15.825 5.333 -1.851
-15.848 5.396 -1.856
-15.837 5.448 -1.857
-15.847 5.479 -1.859
-15.852 5.537 -1.862
-5.442 16.107 -1.47
-5.506 16.465 -1.505
-5.498 16.615 -1.519
-5.425 16.568 -1.512
-5.45 16.821 -1.537
-5.434 16.954 -1.548
-5.619 21.801 -1.458
-5.633 22.142 -1.482
-5.502 21.914 -1.464
-5.503 22.211 -1.485
-5.489 22.307 -1.491
-5.484 22.59 -1.512
-20.763 37.36 -1.697
-20.781 37.67 -1.71
-20.769 37.929 -1.72
-20.797 38.267 -1.734
-20.797 38.555 -1.745
-20.792 38.69 -1.75
-20.85 39.094 -1.767
