1.88637 -0.0640509 0.00696188 -0.000271479
1.721 4.027 -1.729
1.73 4.013 -1.725
1.737 3.994 -1.719
1.738 3.964 -1.707
1.743 3.941 -1.699
1.737 3.912 -1.687
1.736 3.878 -1.674
1.697 4.525 -1.716
1.706 4.506 -1.711
1.716 4.491 -1.707
1.713 4.442 -1.689
1.717 4.411 -1.679
1.72 4.38 -1.668
1.72 4.358 -1.66
1.679 5.077 -1.701
1.691 5.085 -1.705
1.698 5.053 -1.695
1.704 5.019 -1.685
1.708 4.982 -1.673
1.708 4.932 -1.657
1.712 4.892 -1.645
1.694 5.649 -1.704
1.701 5.608 -1.692
1.709 5.568 -1.681
1.71 5.512 -1.665
1.719 5.477 -1.655
1.718 5.415 -1.637
1.65 6.545 -1.711
1.657 6.527 -1.707
1.677 6.522 -1.707
1.696 6.509 -1.705
1.708 6.472 -1.696
1.716 6.418 -1.682
1.72 6.355 -1.666
1.723 6.286 -1.648
1.646 7.707 -1.702
1.668 7.694 -1.701
1.687 7.666 -1.695
1.701 7.615 -1.684
1.691 7.454 -1.647
1.655 9.366 -1.717
1.678 9.324 -1.71
1.69 9.226 -1.692
1.7 9.117 -1.671
1.711 9.017 -1.652
1.707 8.843 -1.619
1.715 8.736 -1.599
1.629 11.113 -1.658
1.661 11.087 -1.655
1.656 10.938 -1.631
1.669 10.792 -1.609
1.664 10.535 -1.568
5.775 6.874 -1.012
5.78 6.836 -1.008
5.83 6.851 -1.014
5.846 6.827 -1.013
5.884 6.828 -1.017
5.895 6.797 -1.014
5.77 6.631 -0.986
5.768 6.587 -0.982
5.649 6.409 -0.953
1.496 18.094 -1.583
1.551 18.069 -1.581
1.573 17.993 -1.574
1.592 17.564 -1.532
1.616 17.224 -1.499
1.66 17.108 -1.488
1.712 17.083 -1.486
1.589 22.232 -1.441
1.657 22.203 -1.439
1.686 22.131 -1.434
1.751 22.058 -1.429
1.817 22.014 -1.426
1.883 21.979 -1.424
1.95 21.943 -1.422
2.017 21.921 -1.421
2.082 21.869 -1.417
2.114 21.839 -1.415
2.182 21.825 -1.415
2.243 21.748 -1.41
2.309 21.719 -1.408
2.376 21.698 -1.407
2.44 21.651 -1.404
2.506 21.629 -1.403
2.541 21.637 -1.404
2.604 21.588 -1.401
2.668 21.55 -1.399
2.734 21.525 -1.398
2.794 21.457 -1.393
2.859 21.427 -1.391
2.92 21.376 -1.388
3.901 29.336 -1.282
3.986 29.27 -1.28
4.024 29.206 -1.277
4.107 29.134 -1.274
4.191 29.067 -1.271
4.276 29.011 -1.269
4.358 28.938 -1.266
4.441 28.867 -1.263
4.527 28.825 -1.262
4.559 28.737 -1.257
4.644 28.689 -1.256
4.718 28.574 -1.251
4.801 28.521 -1.249
4.879 28.433 -1.245
4.946 28.292 -1.239
5.023 28.207 -1.235
5.041 28.052 -1.228
3.521 60.739 -1.071
3.689 60.348 -1.063
3.874 60.266 -1.061
4.048 60.03 -1.057
4.103 59.453 -1.045
4.197 58.164 -1.018
