1.64491 0.038586 -0.0197354 0.00150879
1.564 4.117 -1.739
1.57 4.093 -1.731
1.572 4.06 -1.718
1.578 4.04 -1.711
1.583 4.016 -1.703
1.577 3.983 -1.689
1.58 3.954 -1.678
1.539 4.628 -1.733
1.545 4.598 -1.723
1.551 4.569 -1.713
1.554 4.53 -1.7
1.559 4.501 -1.69
1.553 4.46 -1.674
1.527 5.184 -1.72
1.538 5.16 -1.713
1.542 5.117 -1.7
1.545 5.068 -1.684
1.551 5.033 -1.673
1.546 4.991 -1.659
1.551 4.952 -1.647
1.482 5.793 -1.729
1.499 5.784 -1.728
1.514 5.765 -1.723
1.521 5.719 -1.71
1.527 5.668 -1.695
1.543 5.656 -1.693
1.538 5.604 -1.677
1.515 6.667 -1.734
1.53 6.635 -1.727
1.525 6.565 -1.708
1.531 6.5 -1.692
1.539 6.443 -1.677
1.452 7.886 -1.734
1.461 7.867 -1.73
1.484 7.853 -1.728
1.505 7.829 -1.724
1.519 7.769 -1.711
1.525 7.668 -1.688
1.532 7.579 -1.668
1.377 9.538 -1.741
1.406 9.524 -1.739
1.43 9.481 -1.732
1.436 9.416 -1.72
1.462 9.388 -1.715
1.487 9.36 -1.711
1.498 9.237 -1.687
1.398 11.718 -1.749
1.434 11.712 -1.748
1.47 11.695 -1.747
1.488 11.689 -1.746
1.522 11.669 -1.743
1.549 11.587 -1.731
1.564 11.422 -1.705
1.579 11.264 -1.681
3.985 14.724 -1.752
4.024 14.684 -1.748
4.049 14.684 -1.749
4.09 14.654 -1.747
4.131 14.623 -1.744
4.17 14.588 -1.741
4.214 14.565 -1.74
4.258 14.546 -1.739
4.296 14.508 -1.736
4.318 14.497 -1.735
4.358 14.468 -1.733
4.404 14.455 -1.733
4.45 14.443 -1.734
4.489 14.41 -1.731
4.531 14.384 -1.73
4.572 14.358 -1.728
4.589 14.332 -1.725
4.631 14.308 -1.724
4.669 14.273 -1.721
4.709 14.245 -1.72
4.756 14.236 -1.72
4.796 14.206 -1.718
4.843 14.198 -1.719
4.859 14.172 -1.717
4.9 14.147 -1.716
4.939 14.117 -1.714
4.984 14.103 -1.714
5.023 14.072 -1.712
5.062 14.042 -1.71
5.102 14.016 -1.708
5.122 14.003 -1.708
5.154 13.953 -1.703
5.2 13.944 -1.704
5.239 13.915 -1.702
5.278 13.885 -1.701
2.632 28.686 -1.921
2.675 28.662 -1.92
2.76 28.596 -1.916
2.843 28.524 -1.911
2.932 28.507 -1.91
3.022 28.498 -1.91
3.104 28.426 -1.906
3.181 28.304 -1.898
3.221 28.261 -1.895
3.303 28.193 -1.89
3.386 28.135 -1.887
3.469 28.075 -1.883
3.553 28.034 -1.881
3.635 27.975 -1.878
3.718 27.926 -1.875
3.755 27.867 -1.871
3.837 27.815 -1.868
5.765 29.182 -1.29
5.808 28.923 -1.278
5.882 28.82 -1.273
5.946 28.676 -1.267
6.023 28.591 -1.264
6.102 28.523 -1.261
6.138 28.47 -1.259
6.235 28.488 -1.261
6.294 28.332 -1.254
6.354 28.183 -1.247
6.426 28.089 -1.243
6.509 28.047 -1.242
6.568 27.9 -1.236
