3.19913 -0.685019 0.0794117 -0.00228525
1.523 4.126 -1.737
1.521 4.101 -1.727
1.527 4.077 -1.718
1.533 4.055 -1.71
1.533 4.018 -1.696
1.532 3.977 -1.679
1.492 4.632 -1.729
1.501 4.635 -1.731
1.505 4.598 -1.718
1.512 4.572 -1.71
1.513 4.528 -1.694
1.516 4.488 -1.68
1.518 4.45 -1.667
1.476 5.191 -1.718
1.483 5.183 -1.716
1.496 5.168 -1.712
1.5 5.121 -1.697
1.506 5.084 -1.685
1.505 5.023 -1.665
1.51 4.984 -1.653
1.484 5.686 -1.697
1.495 5.655 -1.689
1.499 5.601 -1.673
1.505 5.55 -1.658
1.504 5.512 -1.647
3.436 6.108 -1.5
3.445 6.08 -1.496
3.464 6.069 -1.496
3.46 6.04 -1.489
3.463 6 -1.482
3.473 5.974 -1.478
3.472 5.93 -1.469
3.477 5.895 -1.462
3.487 5.869 -1.458
3.503 5.855 -1.457
3.517 5.858 -1.46
3.523 5.826 -1.454
3.535 5.804 -1.451
3.543 5.776 -1.447
3.459 7.549 -1.483
3.46 7.488 -1.473
3.466 7.438 -1.464
3.476 7.398 -1.458
3.483 7.354 -1.451
3.503 7.335 -1.449
3.507 7.314 -1.446
3.525 7.292 -1.444
3.529 7.242 -1.435
3.547 7.222 -1.433
6.882 1.259 -1.055
6.867 1.234 -1.051
6.842 1.219 -1.047
6.719 1.176 -1.025
6.621 1.138 -1.008
6.623 1.117 -1.007
6.648 1.099 -1.011
6.642 1.077 -1.009
6.635 1.054 -1.008
6.576 1.035 -0.997
3.527 6.874 -0.895
3.565 6.895 -0.9
3.575 6.861 -0.897
3.583 6.825 -0.893
3.627 6.882 -0.903
3.572 6.728 -0.88
3.559 6.652 -0.87
3.543 6.573 -0.859
3.572 6.577 -0.861
3.573 6.531 -0.856
3.627 6.581 -0.865
3.676 6.644 -0.877
3.629 6.512 -0.857
3.589 6.393 -0.84
3.619 6.399 -0.842
3.606 6.329 -0.833
3.619 6.306 -0.831
3.646 6.308 -0.833
3.632 6.262 -0.826
3.658 6.26 -0.828
3.65 6.203 -0.821
3.679 6.207 -0.823
3.666 6.141 -0.814
3.665 6.097 -0.809
3.612 5.967 -0.789
3.322 16.351 -1.439
3.327 16.244 -1.428
3.37 16.194 -1.425
3.369 15.936 -1.4
3.394 15.811 -1.388
1.663 22.78 -1.482
1.695 22.724 -1.478
1.763 22.677 -1.475
1.833 22.655 -1.474
1.902 22.622 -1.471
1.971 22.594 -1.47
2.041 22.571 -1.469
2.11 22.551 -1.468
2.145 22.538 -1.467
2.214 22.511 -1.465
2.281 22.472 -1.463
2.351 22.453 -1.462
2.416 22.398 -1.459
2.481 22.345 -1.455
2.545 22.283 -1.451
2.573 22.216 -1.447
2.638 22.164 -1.443
2.704 22.13 -1.441
2.764 22.04 -1.435
2.83 22.012 -1.434
2.891 21.937 -1.429
2.966 30.788 -1.349
3.007 30.711 -1.346
3.091 30.577 -1.34
3.157 30.271 -1.325
3.207 29.837 -1.303
3.267 29.519 -1.288
