-5.66531 0.0877501 -0.00579447 0.000102877
-5.304 3.745 -1.641
-5.329 3.787 -1.653
-5.328 3.811 -1.657
-5.322 3.833 -1.659
-5.316 3.841 -1.659
-5.315 3.866 -1.663
-5.304 3.883 -1.663
-5.306 3.91 -1.668
-5.3 3.932 -1.67
-5.28 3.942 -1.667
-5.309 3.99 -1.682
-5.319 4.01 -1.687
-5.323 4.04 -1.693
-5.316 4.061 -1.695
-5.308 4.081 -1.696
-5.306 4.106 -1.7
-5.314 5.415 -1.634
-5.324 5.459 -1.643
-5.313 5.483 -1.646
-5.321 5.508 -1.651
-5.316 5.537 -1.655
-5.331 5.588 -1.666
-5.332 5.624 -1.672
-5.306 5.632 -1.669
-5.303 5.665 -1.674
-5.302 5.698 -1.68
-5.314 5.729 -1.687
-5.305 5.756 -1.69
-5.296 5.783 -1.693
-5.292 7.416 -1.639
-5.325 7.511 -1.658
-5.325 7.561 -1.666
-5.305 7.583 -1.667
-5.284 7.604 -1.668
-5.275 7.642 -1.673
-5.265 7.653 -1.674
-5.278 7.723 -1.687
-5.3 7.808 -1.703
-5.356 9.623 -1.624
-5.343 9.671 -1.629
-5.327 9.713 -1.634
-5.324 9.78 -1.643
-5.33 9.865 -1.655
-5.295 9.875 -1.654
-5.322 9.999 -1.673
-5.325 10.044 -1.68
-5.331 13.234 -1.625
-5.332 13.358 -1.64
-5.33 13.476 -1.654
-5.33 13.602 -1.669
-5.277 13.592 -1.666
-5.271 13.705 -1.679
-5.275 13.78 -1.688
-5.395 17.785 -1.625
-5.396 17.991 -1.645
-5.381 18.147 -1.659
-5.326 18.171 -1.66
-5.302 18.303 -1.671
-5.303 18.522 -1.692
-19.303 25.045 -1.973
-19.26 25.153 -1.978
-19.313 25.386 -1.992
-19.304 25.541 -2.001
-19.304 25.708 -2.01
-19.216 25.759 -2.009
-19.181 25.797 -2.01
-19.268 26.085 -2.029
-5.846 41.101 -1.643
-5.819 41.858 -1.676
-5.754 42.371 -1.698
-5.697 42.961 -1.724
-5.566 43.009 -1.725
