-5.81469 0.0890993 -0.00271553 2.73816e-05
-5.184 5.486 -1.625
-5.182 5.519 -1.631
-5.174 5.545 -1.634
-5.174 5.58 -1.64
-5.161 5.6 -1.641
-5.16 5.635 -1.647
-5.173 5.666 -1.654
-5.16 5.688 -1.656
-5.155 5.719 -1.66
-5.141 5.739 -1.662
-5.123 5.756 -1.662
-5.13 5.799 -1.67
-5.116 5.821 -1.672
-5.109 5.831 -1.673
-5.107 5.866 -1.678
-5.204 7.245 -1.603
-5.203 7.291 -1.61
-5.215 7.331 -1.617
-5.205 7.367 -1.622
-5.205 7.415 -1.63
-5.186 7.438 -1.631
-5.168 7.462 -1.633
-5.169 7.514 -1.641
-5.179 7.579 -1.653
-5.173 7.595 -1.655
-5.214 9.474 -1.592
-5.209 9.535 -1.6
-5.206 9.601 -1.609
-5.205 9.672 -1.619
-5.202 9.738 -1.628
-5.19 9.79 -1.634
-5.181 9.848 -1.642
-5.178 9.879 -1.646
-13.718 10.263 -1.904
-13.732 10.307 -1.909
-13.729 10.372 -1.913
-13.724 10.437 -1.918
-13.704 10.489 -1.919
-13.715 10.566 -1.926
-13.734 10.649 -1.934
-13.71 10.7 -1.936
-13.716 10.74 -1.939
-13.675 10.776 -1.938
-13.691 10.859 -1.946
-13.733 10.962 -1.958
-13.707 11.013 -1.959
-5.157 17.005 -1.545
-5.143 17.15 -1.558
-5.163 17.317 -1.575
-5.139 17.436 -1.585
-5.109 17.536 -1.594
-5.057 17.561 -1.595
-5.14 36.526 -1.437
-5.076 36.914 -1.454
-5.024 37.413 -1.475
-4.922 37.549 -1.481
-4.805 37.573 -1.481
-4.697 37.665 -1.485
-4.584 37.725 -1.487
-4.534 37.812 -1.49
