-5.17657 0.0107109 -0.000905903 2.27465e-05
-5.152 2.58 -1.662
-5.15 2.599 -1.664
-5.154 2.622 -1.668
-5.144 2.637 -1.668
-5.146 2.658 -1.671
-5.153 2.682 -1.676
-5.143 2.698 -1.676
-5.144 2.708 -1.678
-5.145 2.73 -1.681
-5.148 2.752 -1.685
-5.142 2.769 -1.686
-5.121 2.779 -1.682
-5.119 2.799 -1.684
-5.125 2.812 -1.688
-5.122 2.832 -1.69
-5.124 2.854 -1.694
-5.11 2.867 -1.692
-5.099 2.882 -1.691
-5.096 2.902 -1.694
-5.096 2.922 -1.697
-5.098 2.934 -1.699
-5.087 2.949 -1.698
-5.099 2.978 -1.706
-5.103 3.001 -1.711
-5.102 3.022 -1.714
-5.161 3.943 -1.642
-5.161 3.969 -1.646
-5.162 3.983 -1.649
-5.16 4.007 -1.652
-5.152 4.027 -1.654
-5.162 4.061 -1.662
-5.13 4.062 -1.655
-5.125 4.084 -1.657
-5.15 4.13 -1.671
-5.151 4.144 -1.673
-5.147 4.167 -1.676
-5.146 4.193 -1.68
-5.141 4.217 -1.684
-5.143 4.245 -1.689
-5.148 4.276 -1.695
-5.136 4.293 -1.696
-5.13 5.655 -1.646
-5.132 5.693 -1.652
-5.127 5.723 -1.657
-5.127 5.76 -1.663
-5.107 5.774 -1.663
-5.094 5.796 -1.664
-5.119 5.861 -1.679
-5.122 5.883 -1.684
-5.113 5.91 -1.687
-5.121 5.957 -1.697
-5.172 7.419 -1.627
-5.168 7.462 -1.633
-5.152 7.49 -1.636
-5.16 7.551 -1.646
-5.15 7.587 -1.651
-5.161 7.629 -1.659
-5.158 7.676 -1.666
-5.147 7.712 -1.671
-5.156 7.779 -1.682
-5.177 9.548 -1.599
-5.176 9.618 -1.609
-5.169 9.677 -1.617
-5.166 9.744 -1.626
-5.152 9.792 -1.632
-5.149 9.862 -1.641
-5.164 9.928 -1.652
-13.748 10.66 -1.937
-13.736 10.72 -1.94
-13.732 10.787 -1.945
-13.737 10.861 -1.951
-13.737 10.896 -1.953
-13.739 10.967 -1.959
-13.741 11.04 -1.965
-13.727 11.099 -1.968
-13.701 11.15 -1.969
-13.671 11.197 -1.97
-13.662 11.226 -1.972
-13.61 11.255 -1.969
-13.604 11.322 -1.974
-13.57 11.365 -1.974
-13.569 11.437 -1.979
-13.566 11.508 -1.985
-13.551 11.569 -1.988
-13.696 15.903 -1.861
-13.708 16.019 -1.871
-13.683 16.092 -1.875
-13.661 16.169 -1.879
-13.686 16.249 -1.887
-13.677 16.342 -1.893
-13.676 16.447 -1.901
-13.678 16.554 -1.909
-13.692 16.677 -1.919
-22.216 22.637 -1.98
-22.219 23.071 -2.002
-22.245 23.171 -2.008
-22.253 23.326 -2.016
-22.244 23.464 -2.022
-22.234 23.601 -2.029
-22.244 23.761 -2.037
-22.229 23.895 -2.043
-5.15 37.454 -1.478
-5.129 38.197 -1.511
-5.071 38.691 -1.532
-4.984 38.976 -1.544
-4.881 39.148 -1.551
-4.763 39.203 -1.553
-4.707 39.262 -1.555
-4.595 39.374 -1.56
