2.52981 -0.325747 0.0312825 -0.000639618
1.661 4.027 -1.719
1.665 4.001 -1.71
1.674 3.985 -1.705
1.668 3.956 -1.692
1.67 3.927 -1.682
1.67 3.893 -1.668
1.484 5.686 -1.697
1.475 5.577 -1.664
1.472 5.497 -1.64
1.489 5.491 -1.639
1.501 5.466 -1.633
1.509 5.461 -1.632
1.531 5.475 -1.638
1.547 5.465 -1.636
1.566 6.51 -1.696
1.585 6.501 -1.695
1.591 6.436 -1.678
1.574 6.277 -1.635
1.576 6.247 -1.628
1.596 6.242 -1.628
1.618 6.244 -1.63
1.637 6.237 -1.629
1.649 6.206 -1.622
1.611 7.601 -1.677
1.627 7.558 -1.668
1.635 7.482 -1.651
1.639 7.387 -1.63
1.642 7.291 -1.608
1.585 9.051 -1.655
1.605 8.998 -1.645
1.62 8.918 -1.63
1.635 8.843 -1.617
1.644 8.735 -1.596
1.649 8.609 -1.573
1.894 12.863 -1.464
1.933 12.845 -1.462
1.952 12.832 -1.461
1.991 12.816 -1.46
2.029 12.798 -1.458
2.067 12.78 -1.457
2.106 12.768 -1.456
2.146 12.761 -1.456
2.185 12.744 -1.455
2.202 12.723 -1.452
2.241 12.712 -1.452
2.279 12.694 -1.45
2.318 12.682 -1.45
2.355 12.662 -1.448
2.392 12.637 -1.446
2.431 12.625 -1.445
2.45 12.617 -1.445
2.486 12.594 -1.443
2.522 12.569 -1.44
2.562 12.563 -1.441
2.6 12.547 -1.44
2.638 12.535 -1.439
2.677 12.524 -1.439
2.695 12.512 -1.438
2.734 12.5 -1.437
2.771 12.482 -1.436
2.807 12.457 -1.434
2.843 12.437 -1.432
2.879 12.414 -1.431
2.914 12.39 -1.429
2.932 12.377 -1.428
2.967 12.355 -1.426
3.003 12.334 -1.424
3.038 12.309 -1.422
3.075 12.292 -1.421
3.111 12.27 -1.42
3.129 12.262 -1.419
3.164 12.238 -1.417
3.2 12.221 -1.416
3.238 12.209 -1.416
3.27 12.175 -1.413
5.349 13.424 -1.308
5.355 13.379 -1.304
5.386 13.336 -1.301
5.428 13.319 -1.301
5.438 13.225 -1.292
5.47 13.186 -1.29
5.499 13.137 -1.286
5.501 13.085 -1.281
5.504 12.978 -1.271
5.526 12.918 -1.266
5.534 12.826 -1.258
5.556 12.767 -1.253
2.029 21.309 -1.376
2.091 21.252 -1.372
2.155 21.216 -1.37
2.216 21.15 -1.366
2.279 21.119 -1.364
2.343 21.084 -1.362
2.405 21.045 -1.359
2.436 21.019 -1.358
2.502 21.013 -1.358
2.566 20.987 -1.357
2.628 20.948 -1.354
2.687 20.888 -1.35
2.75 20.859 -1.349
2.808 20.793 -1.345
2.838 20.769 -1.343
2.902 20.752 -1.343
2.962 20.705 -1.34
3.022 20.661 -1.337
3.085 20.641 -1.336
3.145 20.594 -1.334
3.172 20.555 -1.331
3.234 20.531 -1.33
3.292 20.48 -1.327
3.355 20.46 -1.326
5.645 15.34 -0.721
5.697 15.333 -0.722
5.712 15.225 -0.717
5.623 14.849 -0.695
5.8 15.171 -0.715
5.757 14.918 -0.701
5.772 14.888 -0.7
5.801 14.824 -0.697
5.835 14.774 -0.695
5.755 14.44 -0.676
5.737 14.265 -0.666
