38.7037 -5.87564 0.000838348 0.0278925
5.914 8.41 -1.866
5.938 8.388 -1.865
5.959 8.361 -1.863
5.966 8.315 -1.857
5.914 8.215 -1.835
5.887 8.123 -1.818
5.884 8.066 -1.809
20.004 23.332 -2.063
20.067 23.257 -2.062
20.127 23.179 -2.061
20.17 23.081 -2.057
20.221 22.993 -2.055
20.278 22.913 -2.053
20.305 22.871 -2.052
20.362 22.791 -2.051
20.427 22.719 -2.05
20.481 22.636 -2.048
20.543 22.561 -2.047
20.597 22.479 -2.045
20.61 22.421 -2.043
20.666 22.342 -2.041
20.73 22.269 -2.041
20.782 22.185 -2.039
20.841 22.108 -2.038
20.909 22.041 -2.037
20.986 21.984 -2.038
20.982 21.911 -2.034
21.042 21.836 -2.033
21.097 21.755 -2.032
21.135 21.658 -2.029
21.209 21.598 -2.029
21.244 21.497 -2.026
21.286 21.405 -2.023
21.352 21.404 -2.027
21.386 21.305 -2.023
21.433 21.218 -2.021
21.453 21.104 -2.016
21.444 20.963 -2.009
38.94 38.677 -2.237
38.947 38.443 -2.23
38.888 38.144 -2.219
38.879 37.896 -2.211
38.883 37.662 -2.204
38.873 37.417 -2.196
38.853 37.163 -2.188
38.866 37.06 -2.185
