-5.45789 0.0852372 -0.00788815 0.000221289
-5.192 2.311 -1.637
-5.187 2.328 -1.638
-5.183 2.346 -1.639
-5.189 2.368 -1.644
-5.196 2.381 -1.648
-5.195 2.401 -1.65
-5.198 2.422 -1.653
-5.178 2.433 -1.649
-5.176 2.451 -1.651
-5.168 2.468 -1.651
-5.161 2.474 -1.65
-5.176 2.501 -1.658
-5.181 2.524 -1.662
-5.179 2.543 -1.664
-5.169 2.558 -1.663
-5.163 2.575 -1.664
-5.122 2.575 -1.653
-5.139 2.604 -1.662
-5.14 2.615 -1.663
-5.148 2.639 -1.669
-5.085 2.627 -1.65
-5.131 2.671 -1.669
-5.15 2.701 -1.678
-5.15 2.722 -1.681
-5.13 2.722 -1.676
-5.125 2.74 -1.677
-5.125 2.76 -1.68
-5.131 2.784 -1.685
-5.126 2.802 -1.687
-5.202 3.834 -1.633
-5.215 3.869 -1.641
-5.201 3.884 -1.641
-5.199 3.895 -1.642
-5.195 3.918 -1.645
-5.193 3.942 -1.649
-5.189 3.964 -1.651
-5.191 3.992 -1.656
-5.191 4.018 -1.661
-5.172 4.029 -1.658
-5.175 4.045 -1.662
-5.188 4.081 -1.671
-5.188 4.107 -1.675
-5.188 4.134 -1.679
-5.184 4.157 -1.683
-5.185 4.184 -1.687
-5.17 5.42 -1.612
-5.176 5.461 -1.62
-5.17 5.488 -1.623
-5.168 5.521 -1.629
-5.166 5.537 -1.631
-5.164 5.569 -1.636
-5.167 5.608 -1.643
-5.162 5.637 -1.647
-5.15 5.66 -1.65
-5.148 5.693 -1.655
-5.151 5.733 -1.662
-5.161 5.761 -1.669
-5.209 7.132 -1.585
-5.209 7.181 -1.593
-5.218 7.216 -1.6
-5.21 7.253 -1.604
-5.216 7.309 -1.614
-5.213 7.354 -1.621
-5.213 7.402 -1.628
-5.207 7.443 -1.634
-5.203 7.488 -1.641
-5.198 7.506 -1.643
-5.227 9.462 -1.591
-5.221 9.521 -1.599
-5.199 9.553 -1.602
-5.192 9.611 -1.609
-5.181 9.662 -1.616
-5.206 9.745 -1.629
-5.189 9.788 -1.634
-5.177 9.841 -1.641
-13.736 10.48 -1.922
-13.729 10.542 -1.926
-13.761 10.601 -1.933
-13.739 10.653 -1.935
-13.746 10.728 -1.941
-13.759 10.808 -1.949
-13.765 10.883 -1.955
-13.753 10.943 -1.958
-13.75 10.976 -1.961
-13.721 11.024 -1.962
-13.733 11.104 -1.969
-13.727 11.171 -1.974
-13.704 11.224 -1.976
-5.193 16.931 -1.539
-5.184 17.092 -1.554
-5.179 17.27 -1.571
-5.172 17.447 -1.587
-5.133 17.516 -1.593
-5.141 17.748 -1.615
-5.144 17.862 -1.626
-5.187 23.1 -1.543
-5.151 23.279 -1.556
-5.154 23.64 -1.582
-5.094 23.723 -1.587
-5.083 23.853 -1.596
-5.117 37.656 -1.487
-5.083 38.308 -1.515
-4.995 38.58 -1.527
-4.981 38.952 -1.543
-4.873 39.086 -1.548
-4.755 39.139 -1.55
-4.643 39.245 -1.554
-4.527 39.327 -1.557
