1.2476 0.313125 -0.00610691 0.000222067
2.389 4.37 -1.772
2.404 4.364 -1.773
2.398 4.337 -1.763
2.404 4.317 -1.757
2.398 4.275 -1.743
2.393 4.235 -1.728
2.392 4.203 -1.718
2.503 4.941 -1.766
2.506 4.929 -1.763
2.494 4.867 -1.742
2.508 4.858 -1.741
2.508 4.821 -1.731
2.509 4.787 -1.72
2.499 4.732 -1.702
2.827 6.445 -1.789
2.835 6.409 -1.781
2.827 6.362 -1.769
2.808 6.265 -1.742
2.804 6.205 -1.727
2.795 6.131 -1.708
3.046 7.699 -1.795
3.063 7.672 -1.79
3.083 7.651 -1.788
3.089 7.598 -1.777
3.073 7.491 -1.752
3.062 7.396 -1.731
3.387 9.351 -1.801
3.411 9.325 -1.798
3.432 9.292 -1.793
3.42 9.169 -1.77
3.394 9.011 -1.74
3.374 8.874 -1.714
3.36 8.795 -1.698
3.812 11.454 -1.792
3.827 11.437 -1.79
3.85 11.387 -1.784
3.816 11.169 -1.749
3.788 10.974 -1.718
3.762 10.787 -1.689
4.539 14.978 -1.802
4.535 14.8 -1.781
4.554 14.697 -1.769
4.572 14.594 -1.757
4.493 14.263 -1.713
4.466 14.026 -1.683
8.809 16.733 -1.657
8.857 16.698 -1.656
8.898 16.647 -1.654
8.952 16.623 -1.654
8.937 16.533 -1.646
8.959 16.449 -1.64
8.984 16.372 -1.634
8.829 15.969 -1.592
6.621 26.077 -1.781
6.704 26.064 -1.782
6.771 25.984 -1.777
6.763 25.622 -1.751
6.715 25.116 -1.714
6.727 24.847 -1.696
6.764 24.828 -1.695
6.849 24.834 -1.697
6.929 24.82 -1.698
6.989 24.733 -1.693
