-5.54796 0.270059 -0.027548 0.000820489
-4.747 3.309 -1.669
-4.738 3.325 -1.67
-4.751 3.356 -1.679
-4.757 3.371 -1.683
-4.768 3.402 -1.691
-4.742 3.406 -1.685
-4.742 3.428 -1.689
-4.757 3.462 -1.7
-4.746 3.477 -1.7
-4.729 3.487 -1.697
-4.736 3.504 -1.702
-4.737 3.528 -1.707
-4.728 3.544 -1.707
-4.73 3.569 -1.713
-4.712 3.578 -1.71
-4.696 3.589 -1.708
-4.703 3.618 -1.715
-4.689 3.62 -1.712
-4.693 3.646 -1.718
-4.698 3.674 -1.724
-4.667 3.673 -1.717
-4.663 3.694 -1.72
-4.662 3.717 -1.724
-4.766 4.48 -1.654
-4.769 4.511 -1.661
-4.78 4.55 -1.67
-4.756 4.556 -1.666
-4.744 4.573 -1.667
-4.755 4.612 -1.677
-4.743 4.63 -1.678
-4.754 4.655 -1.685
-4.764 4.694 -1.694
-4.746 4.706 -1.693
-4.756 4.745 -1.703
-4.756 4.775 -1.708
-4.746 4.794 -1.71
-4.795 5.834 -1.626
-4.795 5.871 -1.633
-4.793 5.906 -1.639
-4.791 5.922 -1.641
-4.769 5.933 -1.64
-4.785 5.992 -1.653
-4.782 6.027 -1.659
-4.767 6.046 -1.66
-4.764 6.081 -1.666
-4.76 6.116 -1.672
-4.761 6.137 -1.676
-4.757 6.172 -1.682
-4.758 7.64 -1.618
-4.772 7.689 -1.628
-4.76 7.724 -1.632
-4.775 7.803 -1.647
-4.766 7.843 -1.652
-4.758 7.885 -1.658
-4.755 7.937 -1.667
-4.752 7.989 -1.675
-4.747 8.008 -1.678
-4.797 9.742 -1.599
-4.779 9.782 -1.603
-4.792 9.887 -1.619
-4.783 9.948 -1.628
-4.762 9.985 -1.631
-4.743 10.025 -1.636
-4.752 10.084 -1.645
-4.733 10.126 -1.65
-14.276 10.437 -1.972
-14.308 10.529 -1.982
-14.286 10.582 -1.983
-14.27 10.64 -1.986
-14.279 10.716 -1.993
-14.297 10.765 -1.998
-14.305 10.841 -2.004
-14.302 10.91 -2.009
-14.291 10.973 -2.013
-14.293 11.046 -2.018
-14.275 11.104 -2.021
-14.289 11.151 -2.026
-4.839 16.713 -1.509
-4.834 16.892 -1.526
-4.828 17.072 -1.542
-4.823 17.261 -1.56
-4.803 17.397 -1.573
-4.815 17.549 -1.587
-14.552 23.769 -1.852
-14.545 23.925 -1.862
-14.54 24.087 -1.872
-14.52 24.226 -1.88
-14.509 24.381 -1.889
-14.487 24.432 -1.892
-14.475 24.585 -1.901
-14.439 24.701 -1.907
-28.831 23.476 -1.663
-28.819 23.617 -1.667
-28.774 23.732 -1.669
-28.798 23.904 -1.676
-28.853 24.103 -1.684
-28.82 24.229 -1.687
-28.878 24.355 -1.693
-28.861 24.496 -1.697
-28.904 24.689 -1.705
-28.86 24.809 -1.707
-28.753 24.874 -1.705
-28.804 25.077 -1.714
-28.76 25.119 -1.714
