-4.95103 -0.0999101 0.0107962 -0.000330822
-5.127 2.557 -1.652
-5.181 2.594 -1.672
-5.193 2.621 -1.679
-5.181 2.635 -1.678
-5.177 2.653 -1.679
-5.165 2.668 -1.678
-5.17 2.691 -1.682
-5.165 2.709 -1.684
-5.169 2.722 -1.687
-5.167 2.741 -1.689
-5.164 2.76 -1.691
-5.157 2.777 -1.691
-5.151 2.795 -1.692
-5.154 2.818 -1.697
-5.16 2.831 -1.7
-5.146 2.845 -1.698
-5.134 2.859 -1.697
-5.138 2.883 -1.702
-5.229 3.829 -1.638
-5.236 3.859 -1.644
-5.232 3.881 -1.647
-5.226 3.889 -1.647
-5.232 3.92 -1.653
-5.229 3.943 -1.656
-5.22 3.962 -1.657
-5.226 3.992 -1.664
-5.227 4.019 -1.668
-5.206 4.03 -1.666
-5.206 4.042 -1.668
-5.221 4.08 -1.677
-5.219 4.105 -1.681
-5.22 4.132 -1.686
-5.203 4.146 -1.685
-5.215 4.181 -1.693
-5.209 5.529 -1.637
-5.204 5.542 -1.638
-5.205 5.578 -1.644
-5.23 5.64 -1.659
-5.216 5.66 -1.66
-5.218 5.698 -1.667
-5.21 5.725 -1.67
-5.207 5.758 -1.675
-5.2 5.768 -1.676
-5.178 5.78 -1.674
-5.196 5.837 -1.687
-5.207 7.671 -1.671
-5.202 7.715 -1.677
-5.21 7.754 -1.684
-5.196 7.785 -1.688
-5.21 7.859 -1.701
-5.218 7.926 -1.713
-5.198 7.949 -1.714
-5.178 7.973 -1.716
-5.176 8.024 -1.724
-5.203 9.89 -1.649
-5.204 9.967 -1.66
-5.203 10.041 -1.671
-5.197 10.069 -1.674
-5.196 10.145 -1.685
-5.192 10.215 -1.694
-5.17 10.251 -1.698
-5.157 10.306 -1.705
-5.134 10.34 -1.708
-5.208 14.397 -1.68
-5.197 14.507 -1.693
-5.203 14.669 -1.712
-5.17 14.721 -1.716
-5.148 14.808 -1.725
-5.117 14.869 -1.731
-5.189 18.232 -1.662
-5.155 18.33 -1.67
-5.165 18.588 -1.695
-5.14 18.727 -1.707
-5.162 18.921 -1.726
-5.124 19.018 -1.734
-5.091 19.134 -1.745
-5.217 24.863 -1.671
-5.176 25.057 -1.684
-5.165 25.403 -1.709
-5.148 25.734 -1.733
-5.175 26.078 -1.758
-5.104 26.153 -1.762
-5.062 44.002 -1.766
-5.051 44.526 -1.789
-4.975 45.122 -1.815
-4.849 45.282 -1.822
-4.711 45.341 -1.824
-4.577 45.441 -1.828
-4.445 45.563 -1.833
-4.31 45.662 -1.836
