-5.2997 -0.00024831 -0.000569821 6.65898e-06
-5.32 3.793 -1.652
-5.32 3.819 -1.656
-5.305 3.833 -1.655
-5.312 3.851 -1.66
-5.306 3.872 -1.662
-5.32 3.908 -1.671
-5.317 3.931 -1.674
-5.316 3.956 -1.677
-5.32 3.985 -1.683
-5.314 4.007 -1.685
-5.318 4.023 -1.689
-5.309 4.042 -1.69
-5.305 4.066 -1.693
-5.302 4.089 -1.696
-5.301 4.115 -1.7
-5.296 4.138 -1.703
-5.323 5.408 -1.635
-5.321 5.44 -1.64
-5.327 5.48 -1.647
-5.328 5.515 -1.653
-5.327 5.532 -1.656
-5.329 5.568 -1.662
-5.324 5.597 -1.666
-5.313 5.621 -1.669
-5.315 5.659 -1.675
-5.308 5.687 -1.679
-5.298 5.712 -1.682
-5.292 5.724 -1.683
-5.288 5.756 -1.688
-5.32 7.189 -1.607
-5.323 7.217 -1.612
-5.326 7.268 -1.62
-5.331 7.323 -1.629
-5.331 7.371 -1.637
-5.324 7.41 -1.642
-5.315 7.448 -1.647
-5.319 7.477 -1.652
-5.308 7.511 -1.656
-5.297 7.547 -1.661
-5.365 9.5 -1.607
-5.367 9.572 -1.617
-5.356 9.623 -1.624
-5.354 9.692 -1.633
-5.36 9.738 -1.64
-5.35 9.793 -1.647
-5.353 9.87 -1.658
-5.373 12.753 -1.571
-5.37 12.86 -1.583
-5.363 12.957 -1.594
-5.363 13.075 -1.608
-5.357 13.179 -1.62
-5.344 13.267 -1.63
-5.326 13.283 -1.631
-5.416 16.807 -1.534
-5.408 16.872 -1.54
-5.422 17.1 -1.562
-5.428 17.308 -1.582
-5.404 17.422 -1.591
-5.395 17.587 -1.607
-5.574 22.804 -1.528
-5.568 23.091 -1.549
-5.525 23.232 -1.558
-5.527 23.566 -1.582
-5.906 36.187 -1.427
-5.861 36.636 -1.447
-5.854 36.966 -1.461
-5.841 37.654 -1.491
-5.732 37.729 -1.494
