-2.14227 -0.0497847 -0.000984367 4.94512e-06
-2.392 3.391 -1.632
-2.39 3.412 -1.639
-2.397 3.432 -1.647
-2.397 3.457 -1.656
-2.39 3.47 -1.659
-2.393 3.498 -1.669
-2.394 3.523 -1.679
-2.397 3.552 -1.689
-2.526 5.01 -1.615
-2.528 5.052 -1.627
-2.529 5.094 -1.639
-2.541 5.137 -1.652
-2.537 5.171 -1.661
-2.523 5.182 -1.662
-2.513 5.204 -1.667
-2.502 5.222 -1.671
-2.606 5.831 -1.612
-2.604 5.874 -1.623
-2.603 5.923 -1.635
-2.596 5.958 -1.643
-2.595 6.005 -1.654
-2.594 6.055 -1.667
-2.658 6.904 -1.59
-2.665 6.986 -1.609
-2.67 7.034 -1.62
-2.666 7.09 -1.632
-2.656 7.129 -1.639
-2.645 7.169 -1.647
-2.76 8.292 -1.568
-2.754 8.363 -1.58
-2.779 8.481 -1.603
-2.76 8.513 -1.608
-2.78 8.668 -1.638
-2.767 8.721 -1.647
-2.919 10.396 -1.589
-2.896 10.439 -1.595
-2.911 10.619 -1.623
-2.908 10.741 -1.642
-3.17 13.501 -1.575
-3.138 13.556 -1.58
-3.14 13.763 -1.606
-3.149 14.007 -1.637
-3.153 14.128 -1.652
-3.122 14.198 -1.66
-3.524 17.091 -1.514
-3.479 17.147 -1.518
-3.437 17.215 -1.524
-3.458 17.608 -1.562
-3.453 17.877 -1.588
-3.427 18.042 -1.604
-19.821 8.891 -1.399
-19.824 8.967 -1.402
-19.82 9.04 -1.404
-19.824 9.117 -1.406
-19.82 9.191 -1.409
-19.84 9.238 -1.411
-19.829 9.309 -1.413
-19.829 9.385 -1.415
-19.83 9.462 -1.418
-19.83 9.539 -1.42
-19.826 9.613 -1.422
-19.837 9.695 -1.426
-19.85 9.741 -1.428
-19.851 9.819 -1.431
-19.856 9.899 -1.434
-19.846 9.972 -1.435
-19.852 10.053 -1.438
-19.828 10.119 -1.439
-19.87 10.259 -1.446
-19.861 10.333 -1.448
-19.837 10.4 -1.449
-19.827 10.475 -1.451
-27.663 24.7 -1.446
-27.632 24.828 -1.449
-27.599 24.956 -1.451
-27.552 25.071 -1.453
-27.567 25.244 -1.459
-27.594 25.348 -1.463
-27.575 25.492 -1.467
-27.519 25.6 -1.468
-27.479 25.724 -1.471
-27.514 25.92 -1.478
-27.559 26.126 -1.485
-27.549 26.282 -1.49
-27.623 26.436 -1.497
