-5.21253 -0.0116862 -0.00047456 1.12778e-05
-5.295 3.714 -1.634
-5.3 3.741 -1.64
-5.297 3.765 -1.643
-5.29 3.785 -1.644
-5.288 3.808 -1.647
-5.299 3.842 -1.655
-5.295 3.851 -1.656
-5.3 3.88 -1.662
-5.297 3.904 -1.665
-5.295 3.928 -1.668
-5.3 3.957 -1.674
-5.292 3.977 -1.676
-5.289 4.001 -1.679
-5.297 4.02 -1.684
-5.295 4.045 -1.687
-5.288 4.066 -1.689
-5.316 5.35 -1.624
-5.318 5.386 -1.63
-5.311 5.412 -1.633
-5.31 5.445 -1.639
-5.307 5.476 -1.643
-5.303 5.507 -1.648
-5.308 5.529 -1.652
-5.305 5.561 -1.657
-5.301 5.592 -1.662
-5.306 5.632 -1.669
-5.306 5.667 -1.675
-5.296 5.693 -1.678
-5.325 7.196 -1.609
-5.33 7.25 -1.618
-5.324 7.289 -1.623
-5.324 7.338 -1.631
-5.326 7.389 -1.639
-5.312 7.419 -1.642
-5.33 7.468 -1.652
-5.311 7.492 -1.654
-5.308 7.537 -1.66
-5.291 7.563 -1.663
-5.379 9.351 -1.588
-5.381 9.423 -1.598
-5.369 9.471 -1.603
-5.363 9.531 -1.611
-5.358 9.592 -1.619
-5.362 9.669 -1.63
-5.372 9.723 -1.639
-5.387 12.564 -1.549
-5.406 12.664 -1.562
-5.398 12.758 -1.572
-5.393 12.859 -1.584
-5.391 12.967 -1.597
-5.379 13.056 -1.607
-5.343 13.086 -1.609
-5.481 16.74 -1.53
-5.471 16.887 -1.543
-5.46 16.943 -1.548
-5.418 16.996 -1.552
-5.357 16.989 -1.549
-5.387 17.271 -1.577
-5.35 17.345 -1.583
-5.594 22.277 -1.491
-5.628 22.563 -1.512
-5.631 22.88 -1.535
-5.611 23.111 -1.551
-5.553 23.189 -1.556
-5.877 35.651 -1.403
-5.877 36.368 -1.435
-5.926 37.046 -1.465
-5.861 37.39 -1.48
-8.38 59.461 -1.054
-8.232 59.764 -1.06
-8.092 60.151 -1.068
-7.945 59.765 -1.059
-7.775 59.924 -1.062
-7.667 60.587 -1.075
-7.537 61.103 -1.086
-7.463 62.115 -1.107
