4.66504 0.0708907 -0.00046064 -5.35089e-05
2.947 3.795 -1.706
2.933 3.765 -1.694
2.922 3.726 -1.679
2.929 3.711 -1.676
2.938 3.699 -1.675
2.946 3.686 -1.673
2.951 3.668 -1.669
2.954 3.648 -1.664
2.952 3.635 -1.659
2.964 3.626 -1.659
2.96 3.598 -1.65
2.919 3.964 -1.402
2.91 3.939 -1.395
2.92 3.927 -1.393
2.929 3.913 -1.392
2.937 3.898 -1.389
2.933 3.867 -1.381
2.935 3.844 -1.376
2.937 3.821 -1.37
2.944 3.818 -1.371
2.915 3.756 -1.35
2.941 3.915 -1.208
2.943 3.892 -1.203
2.958 3.886 -1.204
2.958 3.861 -1.199
2.955 3.832 -1.192
2.951 3.813 -1.187
2.959 3.799 -1.186
2.955 3.77 -1.179
2.961 3.753 -1.176
2.953 3.718 -1.168
2.947 3.686 -1.16
2.963 3.683 -1.162
2.954 3.66 -1.155
5.158 7.897 -1.702
5.169 7.86 -1.697
5.153 7.809 -1.687
5.166 7.775 -1.683
5.171 7.729 -1.676
5.171 7.677 -1.668
5.182 7.641 -1.663
5.185 7.594 -1.656
5.167 7.542 -1.646
5.064 10.229 -1.687
5.091 10.204 -1.686
5.1 10.141 -1.677
5.113 10.088 -1.671
5.115 10.013 -1.66
5.125 9.955 -1.653
5.128 9.884 -1.643
5.12 9.831 -1.635
2.401 14.259 -1.65
2.401 13.989 -1.616
2.368 13.673 -1.576
2.376 12.435 -1.121
2.389 12.295 -1.107
2.395 12.12 -1.089
2.378 11.94 -1.071
4.49 34.21 -1.529
4.538 33.748 -1.506
4.517 33.199 -1.479
4.583 32.906 -1.465
4.656 32.679 -1.454
