1.91088 -0.074122 0.00574332 -0.000159899
1.694 4.051 -1.734
1.693 4.013 -1.719
1.691 3.974 -1.703
1.696 3.952 -1.696
1.7 3.928 -1.687
1.702 3.899 -1.676
1.704 3.886 -1.672
2.144 4.045 -1.62
2.15 4.027 -1.615
2.148 3.994 -1.603
2.152 3.971 -1.596
2.161 3.958 -1.593
2.173 3.951 -1.593
2.193 3.957 -1.599
2.188 3.934 -1.591
2.187 3.903 -1.58
2.204 3.906 -1.584
2.211 3.889 -1.58
2.222 3.88 -1.579
2.237 3.878 -1.581
2.244 3.861 -1.577
2.245 3.85 -1.574
2.26 3.848 -1.576
2.262 3.823 -1.568
2.245 3.768 -1.547
1.604 5.09 -1.697
1.622 5.092 -1.7
1.632 5.067 -1.692
1.642 5.044 -1.686
1.643 5.021 -1.679
1.664 5.031 -1.684
1.664 4.979 -1.667
1.67 4.947 -1.658
1.674 4.907 -1.645
1.648 5.688 -1.711
1.646 5.651 -1.7
1.651 5.601 -1.686
1.656 5.55 -1.671
1.659 5.499 -1.656
1.611 6.608 -1.725
1.629 6.59 -1.721
1.629 6.546 -1.71
1.641 6.505 -1.7
1.648 6.448 -1.685
1.654 6.387 -1.669
1.595 7.771 -1.715
1.615 7.743 -1.709
1.627 7.677 -1.695
1.635 7.596 -1.677
1.641 7.507 -1.657
1.559 9.337 -1.708
1.574 9.334 -1.708
1.577 9.174 -1.678
1.594 9.1 -1.664
1.605 8.996 -1.645
1.621 8.923 -1.631
1.639 8.864 -1.621
2.055 10.53 -1.578
2.079 10.475 -1.571
2.111 10.462 -1.57
2.137 10.425 -1.565
2.149 10.398 -1.561
2.172 10.343 -1.553
2.195 10.296 -1.546
2.222 10.26 -1.542
2.246 10.218 -1.536
2.274 10.19 -1.533
2.299 10.153 -1.528
2.31 10.125 -1.524
1.363 14.609 -1.677
1.409 14.602 -1.677
1.453 14.58 -1.675
1.496 14.55 -1.671
1.54 14.523 -1.669
1.557 14.266 -1.636
1.552 14.021 -1.605
1.408 18.839 -1.655
1.458 18.722 -1.644
1.481 18.267 -1.6
1.488 17.995 -1.573
1.545 17.99 -1.573
1.597 17.935 -1.568
