2.67241 -0.14634 -0.00380401 0.000756607
1.713 4.079 -1.748
1.718 4.055 -1.739
1.718 4.019 -1.725
1.721 3.993 -1.716
1.728 3.974 -1.71
1.725 3.951 -1.7
1.725 3.917 -1.687
1.677 4.602 -1.741
1.688 4.588 -1.738
1.693 4.558 -1.728
1.699 4.532 -1.719
1.705 4.504 -1.71
1.708 4.471 -1.699
1.712 4.439 -1.688
1.692 5.141 -1.723
1.698 5.105 -1.712
1.705 5.075 -1.703
1.709 5.034 -1.69
1.713 4.994 -1.678
1.714 4.949 -1.663
1.651 5.735 -1.726
1.672 5.739 -1.729
1.672 5.705 -1.718
1.685 5.685 -1.714
1.696 5.654 -1.705
1.695 5.586 -1.685
1.698 5.534 -1.67
1.598 6.598 -1.721
1.615 6.578 -1.717
1.618 6.547 -1.709
1.637 6.536 -1.708
1.655 6.518 -1.704
1.665 6.473 -1.693
1.683 6.461 -1.691
1.692 6.41 -1.678
1.7 6.36 -1.666
1.656 9.374 -1.719
1.674 9.307 -1.706
1.686 9.205 -1.687
1.695 9.089 -1.666
1.703 8.974 -1.644
1.697 8.863 -1.623
1.519 11.356 -1.694
1.55 11.32 -1.689
1.584 11.305 -1.688
1.607 11.208 -1.673
1.612 11.12 -1.659
1.64 11.07 -1.652
1.655 10.928 -1.63
1.595 14.821 -1.707
1.64 14.8 -1.705
1.648 14.663 -1.688
1.661 14.376 -1.652
1.674 14.109 -1.618
1.705 13.995 -1.604
2.903 14.199 -1.312
2.918 14.049 -1.297
2.926 13.873 -1.28
2.955 13.794 -1.272
2.966 13.637 -1.256
2.048 23.059 -1.505
2.076 22.57 -1.469
2.107 22.511 -1.465
2.158 22.304 -1.45
2.193 21.944 -1.424
2.24 21.717 -1.407
