-4.61598 -0.0612759 -0.000843105 1.11276e-05
-4.869 3.182 -1.679
-4.88 3.211 -1.687
-4.891 3.24 -1.694
-4.906 3.262 -1.702
-4.902 3.281 -1.704
-4.89 3.295 -1.704
-4.877 3.309 -1.703
-4.882 3.335 -1.708
-4.883 3.358 -1.713
-4.882 3.368 -1.714
-4.887 3.395 -1.72
-4.9 3.426 -1.729
-4.896 3.446 -1.731
-4.885 3.461 -1.731
-4.88 3.481 -1.734
-4.969 4.371 -1.675
-4.973 4.402 -1.682
-4.969 4.427 -1.685
-4.964 4.45 -1.688
-4.95 4.466 -1.688
-4.957 4.501 -1.696
-4.956 4.528 -1.701
-4.943 4.53 -1.699
-4.958 4.572 -1.709
-4.96 4.603 -1.716
-4.954 4.627 -1.719
-4.968 4.668 -1.729
-4.957 4.688 -1.731
-5.078 5.741 -1.652
-5.085 5.786 -1.661
-5.089 5.827 -1.669
-5.075 5.847 -1.67
-5.083 5.876 -1.677
-5.074 5.902 -1.68
-5.067 5.931 -1.684
-5.061 5.962 -1.688
-5.057 5.996 -1.694
-5.034 6.007 -1.692
-5.049 6.063 -1.705
-5.054 6.088 -1.71
-5.217 7.457 -1.638
-5.226 7.496 -1.645
-5.219 7.535 -1.65
-5.202 7.561 -1.652
-5.197 7.605 -1.659
-5.196 7.655 -1.667
-5.191 7.699 -1.673
-5.184 7.741 -1.679
-5.189 7.776 -1.685
-5.187 7.825 -1.693
-5.332 9.652 -1.626
-5.339 9.736 -1.638
-5.341 9.812 -1.649
-5.333 9.872 -1.657
-5.346 9.932 -1.666
-5.334 9.984 -1.672
-5.324 10.042 -1.68
-5.64 12.932 -1.605
-5.642 12.992 -1.612
-5.616 13.044 -1.617
-5.58 13.075 -1.619
-5.551 13.122 -1.623
-5.544 13.22 -1.634
-5.535 13.318 -1.645
-5.554 13.422 -1.658
-5.999 17.041 -1.574
-5.979 17.156 -1.584
-5.916 17.15 -1.582
-5.893 17.257 -1.591
-5.861 17.343 -1.598
-5.871 17.552 -1.618
-5.879 17.667 -1.629
-6.293 22.635 -1.53
-6.254 22.772 -1.539
-6.275 23.13 -1.565
-6.216 23.204 -1.569
-6.151 23.252 -1.571
-6.172 23.628 -1.598
-24.308 26.13 -1.384
-24.056 26.603 -1.392
-24.004 26.715 -1.394
-23.892 26.759 -1.392
-23.906 26.944 -1.398
-23.846 27.048 -1.4
-23.844 27.132 -1.403
-23.78 27.23 -1.404
-23.755 27.375 -1.408
-23.727 27.517 -1.412
-23.689 27.648 -1.416
-23.624 27.748 -1.417
-23.624 27.926 -1.423
-23.635 28.029 -1.427
-23.595 28.159 -1.43
-23.539 28.273 -1.433
-23.476 28.378 -1.434
-23.422 28.495 -1.437
-23.356 28.598 -1.439
-27.526 51.178 -1.013
-27.568 51.646 -1.022
-27.575 52.052 -1.03
-27.559 52.42 -1.037
-27.657 53.01 -1.049
-27.664 53.432 -1.057
-27.612 53.745 -1.062
-27.666 54.059 -1.068
