0.616483 0.367527 -0.031833 0.000761257
2.288 3.745 -1.733
2.286 3.716 -1.722
2.296 3.706 -1.72
2.304 3.692 -1.717
2.314 3.684 -1.717
2.324 3.686 -1.72
2.323 3.659 -1.71
2.335 3.653 -1.71
2.337 3.63 -1.703
2.344 3.617 -1.699
2.356 3.611 -1.7
2.373 3.611 -1.704
2.379 3.609 -1.705
2.387 3.595 -1.702
2.397 3.586 -1.701
2.406 3.576 -1.699
2.414 3.563 -1.697
2.42 3.548 -1.693
2.434 3.545 -1.696
2.437 3.537 -1.693
2.439 3.517 -1.687
2.451 3.511 -1.688
2.461 3.502 -1.687
2.469 3.489 -1.685
2.478 3.479 -1.683
1.965 7.509 -1.675
1.986 7.493 -1.673
1.999 7.447 -1.663
2.008 7.387 -1.65
2.015 7.32 -1.636
2.026 7.27 -1.625
2.026 7.224 -1.615
1.84 8.999 -1.654
1.849 8.971 -1.649
1.863 8.9 -1.636
1.865 8.769 -1.611
1.895 8.773 -1.613
1.908 8.702 -1.6
1.92 8.627 -1.587
1.716 10.87 -1.622
1.732 10.86 -1.621
1.756 10.794 -1.611
1.77 10.666 -1.592
1.79 10.578 -1.578
1.818 10.539 -1.573
1.852 10.541 -1.574
1.88 10.506 -1.57
1.536 14.077 -1.612
1.562 13.908 -1.591
1.585 13.73 -1.568
1.614 13.611 -1.554
1.654 13.578 -1.55
1.668 13.518 -1.543
1.206 18.028 -1.574
1.251 17.859 -1.558
1.288 17.587 -1.532
1.303 17.41 -1.515
1.355 17.368 -1.511
1.402 17.277 -1.502
0.998999 22.364 -1.448
1.03 22.275 -1.442
1.091 22.094 -1.429
1.157 22.011 -1.423
1.222 21.947 -1.418
1.286 21.842 -1.411
1.354 21.838 -1.411
1.416 21.724 -1.403
1.449 21.706 -1.402
1.513 21.639 -1.397
45.246 7.89 -1.839
45.243 7.743 -1.838
45.241 7.596 -1.837
45.22 7.52 -1.835
45.225 7.375 -1.834
45.238 7.231 -1.834
45.229 7.084 -1.833
44.329 6.801 -1.791
44.079 6.621 -1.779
1.558 40.101 -0.636
1.648 39.237 -0.618
1.736 38.46 -0.602
1.817 37.656 -0.585
