3.0661 -0.427441 0.0437468 -0.00138703
1.667 3.97 -1.698
1.677 3.96 -1.696
1.685 3.944 -1.691
1.692 3.926 -1.685
1.7 3.912 -1.681
1.695 3.884 -1.669
1.695 3.85 -1.656
1.698 3.824 -1.647
1.663 4.479 -1.696
1.667 4.446 -1.684
1.669 4.411 -1.672
1.676 4.389 -1.665
1.679 4.354 -1.653
1.679 4.334 -1.646
1.683 4.306 -1.637
1.585 5.199 -1.731
1.592 5.191 -1.729
1.607 5.184 -1.728
1.618 5.161 -1.721
1.629 5.141 -1.716
1.65 5.15 -1.721
1.659 5.122 -1.713
1.651 5.073 -1.696
1.658 5.039 -1.686
1.659 4.99 -1.671
1.625 5.782 -1.737
1.638 5.758 -1.731
1.643 5.705 -1.716
1.648 5.654 -1.701
1.645 5.611 -1.688
1.651 5.566 -1.675
1.565 6.647 -1.732
1.585 6.638 -1.731
1.607 6.637 -1.732
1.625 6.623 -1.73
1.62 6.556 -1.712
1.636 6.53 -1.706
1.641 6.462 -1.688
1.648 6.408 -1.675
1.557 7.836 -1.728
1.556 7.7 -1.697
1.575 7.67 -1.691
1.585 7.658 -1.688
1.604 7.63 -1.683
1.628 7.625 -1.683
1.637 7.545 -1.665
1.53 9.441 -1.727
1.552 9.388 -1.718
1.575 9.344 -1.71
1.582 9.291 -1.7
1.594 9.186 -1.681
1.609 9.103 -1.665
1.533 11.464 -1.711
1.561 11.4 -1.702
1.573 11.227 -1.675
1.585 11.056 -1.648
1.501 14.818 -1.706
1.533 14.683 -1.689
1.55 14.408 -1.654
1.567 14.155 -1.622
1.584 14.105 -1.616
