-5.33735 0.0102958 -0.00385476 8.16369e-05
-5.36 7.15 -1.606
-5.355 7.166 -1.608
-5.343 7.197 -1.611
-5.345 7.247 -1.619
-5.321 7.262 -1.619
-5.33 7.321 -1.629
-5.315 7.349 -1.631
-5.3 7.377 -1.634
-5.277 7.369 -1.63
-5.264 7.4 -1.634
-5.222 7.391 -1.628
-5.206 7.417 -1.63
-5.202 7.461 -1.636
-5.23 7.551 -1.654
-5.224 7.567 -1.656
-5.508 9.108 -1.565
-5.549 9.24 -1.586
-5.578 9.354 -1.604
-5.565 9.4 -1.609
-5.529 9.406 -1.607
-5.516 9.452 -1.613
-5.515 9.484 -1.617
-5.518 9.558 -1.627
-5.501 9.598 -1.631
-6.404 11.965 -1.536
-6.401 12.05 -1.546
-6.349 12.044 -1.542
-6.331 12.055 -1.542
-6.32 12.128 -1.55
-6.357 12.293 -1.571
-6.374 12.422 -1.586
-6.34 12.453 -1.588
-6.306 12.481 -1.589
-6.773 16.838 -1.582
-6.732 16.889 -1.586
-6.69 16.938 -1.589
-6.645 16.979 -1.591
-6.628 17.015 -1.593
-6.581 17.051 -1.595
-6.535 17.092 -1.597
-6.497 17.153 -1.601
-6.447 17.185 -1.603
-6.404 17.235 -1.606
-6.384 17.264 -1.608
-6.336 17.3 -1.609
-6.288 17.337 -1.611
-6.236 17.364 -1.612
-6.189 17.406 -1.614
-6.144 17.452 -1.617
-6.098 17.497 -1.62
-6.073 17.515 -1.621
-6.017 17.53 -1.62
-5.966 17.562 -1.622
-5.914 17.59 -1.623
-5.856 17.599 -1.622
-5.808 17.638 -1.624
-5.782 17.653 -1.624
-5.722 17.658 -1.623
-5.682 17.725 -1.628
-5.624 17.735 -1.627
-5.576 17.777 -1.63
-5.521 17.796 -1.63
-5.478 17.858 -1.635
-5.887 21.842 -1.466
-5.866 22.04 -1.479
-5.814 22.124 -1.484
-5.825 22.449 -1.508
-5.826 22.745 -1.529
-5.829 23.057 -1.551
-5.827 23.204 -1.562
-6.352 34.776 -1.369
-6.353 35.415 -1.397
-6.36 36.11 -1.427
-6.333 36.632 -1.45
-6.224 36.683 -1.451
-6.084 36.557 -1.445
-6.031 36.594 -1.446
-10.99 48.381 -0.835
-10.921 48.788 -0.843
-10.915 49.493 -0.858
-10.831 49.854 -0.865
-10.807 50.125 -0.87
-10.776 50.757 -0.883
-10.707 51.223 -0.892
