3.07549 -0.537845 0.0606308 -0.00196254
1.717 4.069 -1.745
1.72 4.042 -1.734
1.713 4.007 -1.72
1.724 3.998 -1.718
1.723 3.962 -1.704
1.726 3.937 -1.695
1.729 3.911 -1.685
1.668 4.557 -1.724
1.677 4.538 -1.718
1.688 4.524 -1.715
1.685 4.495 -1.704
1.7 4.492 -1.705
1.707 4.467 -1.697
1.707 4.427 -1.683
1.715 4.406 -1.676
1.72 4.38 -1.668
1.674 5.115 -1.712
1.693 5.119 -1.716
1.701 5.088 -1.707
1.698 5.053 -1.695
1.698 5.003 -1.679
1.706 4.974 -1.671
1.709 4.933 -1.658
1.676 5.755 -1.734
1.69 5.735 -1.729
1.701 5.706 -1.721
1.704 5.65 -1.705
1.692 5.575 -1.682
1.699 5.535 -1.671
1.686 6.556 -1.716
1.691 6.49 -1.699
1.697 6.431 -1.684
1.708 6.388 -1.674
1.712 6.323 -1.657
1.669 7.758 -1.715
1.674 7.723 -1.707
1.682 7.643 -1.69
1.694 7.579 -1.676
1.698 7.486 -1.655
1.644 9.39 -1.721
1.67 9.366 -1.717
1.667 9.266 -1.698
1.679 9.162 -1.679
1.685 9.035 -1.655
1.545 11.417 -1.704
1.559 11.389 -1.7
1.597 11.397 -1.702
1.629 11.365 -1.698
1.641 11.198 -1.672
1.653 11.034 -1.646
1.665 10.876 -1.622
1.662 10.745 -1.601
1.597 14.419 -1.656
1.625 14.264 -1.637
1.641 14.013 -1.605
1.674 13.921 -1.594
2.544 12.976 -1.18
2.527 12.678 -1.149
2.602 12.841 -1.167
2.612 12.691 -1.152
2.59 12.387 -1.121
1.324 24.511 -1.607
1.391 24.341 -1.595
1.446 23.96 -1.567
1.479 23.884 -1.562
1.541 23.681 -1.547
