3.28788 -0.162867 0.0152039 -0.000849541
2.758 3.44 -1.741
2.765 3.427 -1.739
2.766 3.407 -1.733
2.767 3.397 -1.73
2.768 3.377 -1.724
2.756 3.342 -1.709
2.757 3.322 -1.703
2.769 3.314 -1.703
2.77 3.294 -1.697
2.773 3.277 -1.692
2.764 3.256 -1.683
2.675 4.067 -1.73
2.678 4.057 -1.727
2.68 4.033 -1.72
2.682 4.009 -1.713
2.691 3.996 -1.711
2.693 3.972 -1.703
2.692 3.943 -1.694
2.705 3.936 -1.695
2.693 3.906 -1.683
2.704 3.894 -1.681
2.713 3.881 -1.679
2.613 4.711 -1.714
2.618 4.702 -1.712
2.627 4.684 -1.709
2.63 4.656 -1.701
2.64 4.64 -1.698
2.646 4.617 -1.692
2.648 4.587 -1.683
2.652 4.561 -1.676
2.647 4.535 -1.668
2.659 4.524 -1.667
2.663 4.498 -1.66
2.57 5.32 -1.707
2.588 5.314 -1.708
2.599 5.296 -1.704
2.596 5.267 -1.696
2.597 5.228 -1.685
2.602 5.196 -1.677
2.606 5.164 -1.669
2.61 5.13 -1.66
2.614 5.1 -1.652
2.54 6.18 -1.693
2.549 6.146 -1.685
2.553 6.1 -1.674
2.55 6.066 -1.665
2.559 6.035 -1.658
2.565 5.996 -1.649
2.57 5.954 -1.639
2.422 7.456 -1.693
2.429 7.439 -1.69
2.443 7.402 -1.683
2.458 7.369 -1.676
2.472 7.335 -1.67
2.482 7.288 -1.66
2.506 7.284 -1.661
2.529 7.276 -1.661
2.534 7.252 -1.656
2.565 7.27 -1.663
2.59 7.265 -1.664
2.601 7.226 -1.656
2.628 7.229 -1.659
2.64 7.191 -1.651
2.646 7.137 -1.64
2.653 7.122 -1.637
2.673 7.108 -1.636
2.694 7.096 -1.635
2.469 16.672 -1.455
2.517 16.635 -1.452
2.568 16.621 -1.452
2.61 16.544 -1.445
2.616 16.418 -1.433
2.651 16.307 -1.423
2.706 16.318 -1.425
2.75 16.265 -1.42
2.8 16.25 -1.419
2.847 16.218 -1.417
2.871 16.207 -1.416
2.924 16.212 -1.418
2.96 16.118 -1.409
3.011 16.109 -1.409
3.054 16.06 -1.406
3.09 15.976 -1.398
2.406 25.999 -0.476
2.444 25.533 -0.464
2.436 25.022 -0.451
2.479 24.664 -0.442
2.515 24.246 -0.431
2.552 23.868 -0.421
