1.92991 -0.0447614 0.000211236 1.10399e-06
1.685 4.047 -1.731
1.695 4.036 -1.728
1.701 4.014 -1.72
1.696 3.986 -1.709
1.696 3.952 -1.696
1.702 3.933 -1.689
1.708 3.913 -1.682
1.714 3.894 -1.676
1.659 4.555 -1.722
1.669 4.537 -1.717
1.673 4.506 -1.706
1.671 4.479 -1.696
1.674 4.445 -1.685
1.679 4.416 -1.675
1.681 4.379 -1.662
1.64 5.092 -1.702
1.652 5.074 -1.697
1.659 5.042 -1.687
1.661 4.996 -1.673
1.658 4.963 -1.662
1.665 4.932 -1.653
1.672 4.902 -1.644
1.637 5.65 -1.699
1.639 5.591 -1.682
1.646 5.551 -1.671
1.651 5.502 -1.656
1.652 5.476 -1.649
1.665 5.454 -1.643
1.488 7.671 -1.687
1.51 7.655 -1.684
1.533 7.647 -1.683
1.556 7.64 -1.683
1.579 7.625 -1.681
1.591 7.567 -1.668
1.6 7.49 -1.651
1.6 7.434 -1.638
1.618 7.402 -1.632
1.406 9.218 -1.681
1.434 9.206 -1.679
1.446 9.19 -1.677
1.476 9.189 -1.677
1.504 9.183 -1.677
1.528 9.151 -1.672
1.549 9.096 -1.662
1.559 8.984 -1.641
1.575 8.906 -1.627
1.458 11.167 -1.663
1.481 11.068 -1.648
1.477 10.911 -1.623
1.503 10.84 -1.613
1.537 10.839 -1.613
1.569 10.819 -1.611
1.598 10.779 -1.605
1.616 10.668 -1.588
1.231 14.421 -1.652
1.276 14.407 -1.651
1.321 14.401 -1.65
1.371 14.45 -1.657
1.4 14.28 -1.636
1.397 14.031 -1.604
1.432 13.94 -1.593
1.475 13.924 -1.592
3.27 17.662 -1.564
3.309 17.568 -1.556
3.316 17.449 -1.544
3.346 17.314 -1.532
3.392 17.256 -1.527
3.437 17.202 -1.523
3.459 17.033 -1.507
0.580998 36.947 -1.44
0.683998 36.312 -1.412
0.797998 36.305 -1.412
0.907998 36.143 -1.404
0.964998 36.153 -1.405
1.075 36.016 -1.399
1.18 35.759 -1.388
