1.89281 -0.0499127 0.00182812 -6.72298e-05
1.702 4.034 -1.728
1.703 4.003 -1.717
1.711 3.987 -1.712
1.716 3.963 -1.703
1.713 3.941 -1.694
1.71 3.901 -1.679
1.723 3.898 -1.679
1.726 3.87 -1.669
1.677 4.494 -1.703
1.682 4.466 -1.694
1.686 4.433 -1.682
1.689 4.402 -1.672
1.685 4.371 -1.66
1.689 4.341 -1.65
1.772 5.406 -1.639
1.775 5.359 -1.626
1.779 5.343 -1.622
1.789 5.318 -1.615
1.797 5.287 -1.607
1.812 5.274 -1.604
1.823 5.252 -1.599
1.837 5.239 -1.597
1.846 5.213 -1.59
1.851 5.201 -1.587
1.599 6.512 -1.699
1.613 6.482 -1.692
1.622 6.429 -1.678
1.629 6.371 -1.664
1.637 6.321 -1.651
1.642 6.26 -1.635
1.663 6.256 -1.636
1.669 6.239 -1.632
1.549 7.602 -1.674
1.56 7.595 -1.673
1.584 7.59 -1.673
1.592 7.509 -1.655
1.599 7.426 -1.637
1.611 7.368 -1.624
1.631 7.351 -1.621
1.643 7.35 -1.622
1.665 7.339 -1.62
1.406 9.121 -1.662
1.434 9.11 -1.661
1.46 9.092 -1.658
1.489 9.092 -1.659
1.515 9.067 -1.655
1.525 9.044 -1.651
1.539 8.948 -1.633
1.554 8.868 -1.619
1.573 8.812 -1.609
1.42 11.009 -1.637
1.45 10.971 -1.632
1.468 10.841 -1.612
1.487 10.723 -1.594
1.517 10.691 -1.589
1.533 10.686 -1.589
1.564 10.662 -1.586
1.067 18.583 -1.628
1.124 18.571 -1.627
1.152 18.55 -1.625
1.19 18.216 -1.593
1.221 17.833 -1.556
1.266 17.672 -1.54
1.32 17.644 -1.538
0.875999 23.85 -1.557
0.945999 23.74 -1.549
1.002 23.29 -1.516
1.067 23.092 -1.502
1.133 22.963 -1.493
1.142 22.417 -1.453
3.113 25.694 -0.47
3.138 25.232 -0.458
3.161 24.777 -0.447
3.202 24.482 -0.439
3.215 23.99 -0.426
3.24 23.615 -0.417
