-5.21707 -0.00396188 -0.000916655 1.26358e-05
-5.277 3.914 -1.662
-5.283 3.945 -1.668
-5.278 3.967 -1.671
-5.274 3.989 -1.674
-5.272 4.014 -1.677
-5.278 4.032 -1.682
-5.27 4.052 -1.683
-5.271 4.079 -1.688
-5.259 4.097 -1.688
-5.265 4.127 -1.695
-5.27 4.158 -1.701
-5.269 4.184 -1.705
-5.267 4.196 -1.707
-5.26 4.217 -1.709
-5.263 4.247 -1.715
-5.279 5.481 -1.64
-5.276 5.513 -1.645
-5.288 5.543 -1.651
-5.29 5.58 -1.658
-5.293 5.618 -1.665
-5.287 5.648 -1.669
-5.291 5.687 -1.676
-5.282 5.714 -1.679
-5.288 5.756 -1.688
-5.291 5.777 -1.692
-5.3 7.451 -1.646
-5.307 7.485 -1.652
-5.281 7.499 -1.651
-5.271 7.534 -1.656
-5.251 7.556 -1.657
-5.24 7.592 -1.661
-5.271 7.687 -1.68
-5.29 7.741 -1.691
-5.285 7.785 -1.697
-5.376 9.553 -1.615
-5.372 9.616 -1.624
-5.37 9.685 -1.633
-5.376 9.731 -1.64
-5.374 9.8 -1.65
-5.38 9.883 -1.662
-5.368 9.936 -1.668
-5.391 13.203 -1.625
-5.384 13.307 -1.637
-5.404 13.416 -1.651
-5.403 13.536 -1.665
-5.385 13.616 -1.673
-5.35 13.653 -1.676
-5.51 17.472 -1.599
-5.507 17.655 -1.616
-5.505 17.845 -1.634
-5.491 17.997 -1.648
-5.456 18.087 -1.655
-5.432 18.109 -1.657
-5.655 23.611 -1.588
-5.656 23.947 -1.612
-5.661 24.307 -1.638
-5.64 24.566 -1.656
-6.003 39.109 -1.556
-6.015 40.027 -1.597
-5.993 40.755 -1.629
-5.892 40.966 -1.637
-5.772 41.043 -1.64
-29.669 36.534 -0.782
-29.672 36.774 -0.786
-29.675 37.015 -0.79
-29.658 37.233 -0.793
-29.681 37.503 -0.798
-29.673 37.736 -0.801
-29.686 37.998 -0.806
-29.744 38.196 -0.81
-29.747 38.449 -0.814
-29.749 38.703 -0.818
-29.739 38.942 -0.822
-29.742 39.201 -0.827
-29.75 39.469 -0.831
-29.802 39.667 -0.835
