-1.24104 -0.130186 0.0152256 -0.000722239
-1.584 3.839 -1.633
-1.581 3.866 -1.644
-1.581 3.904 -1.658
-1.585 3.93 -1.669
-1.573 3.937 -1.67
-1.571 3.968 -1.682
-1.555 3.964 -1.678
-1.555 4.002 -1.692
-1.612 4.353 -1.644
-1.608 4.386 -1.655
-1.613 4.422 -1.669
-1.611 4.459 -1.681
-1.607 4.494 -1.694
-1.597 4.51 -1.698
-1.587 4.527 -1.703
-1.647 5.431 -1.635
-1.647 5.495 -1.654
-1.643 5.544 -1.668
-1.638 5.591 -1.682
-1.629 5.624 -1.691
-1.614 5.638 -1.694
-1.675 6.215 -1.626
-1.674 6.287 -1.645
-1.68 6.348 -1.661
-1.672 6.4 -1.674
-1.655 6.418 -1.678
-1.64 6.44 -1.683
-1.695 7.367 -1.628
-1.686 7.435 -1.643
-1.695 7.525 -1.664
-1.684 7.587 -1.677
-1.662 7.6 -1.679
-1.73 8.521 -1.559
-1.716 8.591 -1.572
-1.718 8.739 -1.6
-1.732 8.881 -1.627
-1.724 8.988 -1.647
-1.708 9.059 -1.66
-1.679 9.062 -1.66
-1.836 10.307 -1.537
-1.811 10.352 -1.544
-1.808 10.529 -1.571
-1.807 10.721 -1.601
-1.806 10.922 -1.633
-1.777 10.961 -1.638
-1.881 13.234 -1.51
-1.849 13.314 -1.52
-1.851 13.482 -1.541
-1.849 13.793 -1.581
-1.841 14.072 -1.616
-1.796 14.072 -1.615
-2.045 16.95 -1.477
-2.004 17.063 -1.487
-1.997 17.469 -1.527
-1.967 17.698 -1.549
-1.937 17.938 -1.572
-1.894 18.068 -1.584
-4.09 18.789 -1.215
-4.08 18.883 -1.222
-4.058 19.069 -1.235
-3.999 19.088 -1.236
-3.95 19.153 -1.24
-3.922 19.322 -1.251
-3.904 19.545 -1.267
-7.181 24.752 -1.091
-7.229 25.212 -1.113
-7.187 25.367 -1.12
-7.149 25.536 -1.128
-7.14 25.659 -1.134
-7.104 25.845 -1.142
-26.379 42.716 -0.848
-26.794 43.541 -0.867
-26.859 43.956 -0.875
-26.884 44.311 -0.882
-26.86 44.585 -0.886
-26.844 44.879 -0.891
-26.824 45.166 -0.896
-26.83 45.338 -0.9
-26.788 45.593 -0.904
