-0.769628 -0.435541 0.0554072 -0.0022638
-1.793 3.732 -1.628
-1.807 3.793 -1.654
-1.808 3.827 -1.667
-1.804 3.851 -1.675
-1.799 3.871 -1.682
-1.799 3.904 -1.695
-1.801 3.925 -1.703
-1.83 4.27 -1.645
-1.832 4.312 -1.66
-1.826 4.337 -1.668
-1.831 4.369 -1.68
-1.83 4.404 -1.692
-1.821 4.422 -1.697
-1.845 5.297 -1.614
-1.849 5.362 -1.634
-1.841 5.393 -1.642
-1.829 5.415 -1.648
-1.819 5.412 -1.646
-1.805 5.425 -1.648
-1.792 5.444 -1.652
-1.781 5.469 -1.659
-1.764 5.475 -1.659
-1.755 5.506 -1.667
-1.894 6.134 -1.621
-1.889 6.188 -1.635
-1.883 6.236 -1.647
-1.879 6.296 -1.662
-1.887 6.356 -1.678
-1.873 6.382 -1.684
-1.849 6.375 -1.68
-1.905 7.188 -1.6
-1.906 7.281 -1.62
-1.9 7.351 -1.636
-1.907 7.427 -1.653
-1.892 7.463 -1.66
-1.876 7.5 -1.668
-1.923 8.759 -1.612
-1.913 8.843 -1.627
-1.902 8.928 -1.643
-1.888 8.999 -1.656
-1.882 9.045 -1.664
-1.993 10.425 -1.56
-1.994 10.606 -1.588
-1.992 10.779 -1.615
-1.982 10.919 -1.637
-2.038 13.435 -1.539
-2.014 13.567 -1.555
-2.035 13.861 -1.593
-2.016 14.04 -1.615
-1.982 14.121 -1.624
-1.957 14.265 -1.642
-2.152 17.376 -1.52
-2.146 17.784 -1.559
-2.115 17.998 -1.58
-2.109 18.189 -1.598
-2.053 18.209 -1.6
-21.192 29.168 -1.4
-21.194 29.365 -1.407
-21.191 29.556 -1.414
-21.184 29.743 -1.421
-21.168 29.919 -1.426
-21.144 30.085 -1.432
-21.143 30.185 -1.436
-21.113 30.345 -1.441
-21.08 30.502 -1.445
-21.039 30.647 -1.45
-27.692 53.282 -1.054
-27.713 53.733 -1.063
-27.721 54.167 -1.071
-27.668 54.486 -1.076
-27.681 54.937 -1.085
-27.639 55.286 -1.091
-27.671 55.568 -1.097
-27.605 55.875 -1.102
-27.55 56.208 -1.107
