5.08934 0.0453159 -0.00540006 0.00012279
5.191 4.473 -1.739
5.19 4.444 -1.733
5.194 4.419 -1.73
5.211 4.405 -1.731
5.205 4.372 -1.724
5.206 4.345 -1.719
5.201 4.327 -1.715
5.21 4.307 -1.714
5.21 4.279 -1.709
5.214 4.255 -1.706
5.214 4.228 -1.701
5.214 4.201 -1.696
5.233 4.189 -1.698
5.222 4.166 -1.692
5.217 4.135 -1.686
5.187 6.056 -1.724
5.186 6.016 -1.717
5.187 5.979 -1.711
5.188 5.961 -1.707
5.191 5.927 -1.702
5.188 5.886 -1.694
5.209 5.872 -1.695
5.197 5.822 -1.685
5.199 5.787 -1.679
5.217 5.771 -1.679
5.205 5.739 -1.672
5.148 7.965 -1.712
5.154 7.919 -1.705
5.169 7.888 -1.701
5.163 7.824 -1.69
5.166 7.801 -1.687
5.172 7.757 -1.681
5.168 7.698 -1.671
5.167 7.644 -1.662
4.712 24.216 -1.617
4.767 24.097 -1.609
4.787 23.801 -1.588
4.775 23.359 -1.556
4.804 23.127 -1.539
4.839 22.935 -1.526
4.873 22.742 -1.512
4.242 34.411 -1.537
4.349 34.393 -1.537
4.392 33.869 -1.511
4.451 33.498 -1.493
4.44 33.014 -1.469
4.516 32.8 -1.459
4.583 32.528 -1.446
4.651 32.277 -1.434
5.829 32.6 -0.489
5.892 32.369 -0.485
5.917 31.935 -0.476
5.895 31.545 -0.468
5.922 31.145 -0.46
5.964 30.84 -0.454
5.967 30.348 -0.443
5.983 29.931 -0.435
