-5.3052 0.0446337 -0.00519668 0.000120745
-5.198 2.284 -1.636
-5.213 2.31 -1.643
-5.202 2.325 -1.642
-5.199 2.343 -1.643
-5.195 2.361 -1.645
-5.191 2.369 -1.645
-5.196 2.391 -1.649
-5.193 2.41 -1.65
-5.2 2.432 -1.655
-5.199 2.452 -1.658
-5.198 2.472 -1.66
-5.201 2.493 -1.663
-5.198 2.502 -1.664
-5.197 2.521 -1.666
-5.2 2.543 -1.67
-5.2 2.563 -1.673
-5.203 2.585 -1.676
-5.193 2.6 -1.676
-5.203 2.626 -1.682
-5.197 2.643 -1.683
-5.203 2.656 -1.687
-5.223 3.749 -1.624
-5.235 3.783 -1.632
-5.233 3.794 -1.633
-5.232 3.819 -1.637
-5.234 3.845 -1.642
-5.225 3.864 -1.643
-5.23 3.893 -1.649
-5.227 3.916 -1.652
-5.227 3.942 -1.656
-5.232 3.958 -1.66
-5.229 3.982 -1.663
-5.232 4.01 -1.668
-5.228 4.033 -1.671
-5.226 4.058 -1.675
-5.221 4.08 -1.677
-5.216 4.102 -1.68
-5.226 5.41 -1.619
-5.238 5.439 -1.626
-5.252 5.488 -1.637
-5.244 5.514 -1.64
-5.243 5.548 -1.645
-5.243 5.583 -1.651
-5.236 5.61 -1.655
-5.239 5.65 -1.662
-5.247 5.675 -1.667
-5.234 5.697 -1.669
-5.227 5.725 -1.673
-5.219 5.753 -1.676
-5.232 7.283 -1.612
-5.254 7.337 -1.623
-5.251 7.383 -1.63
-5.25 7.429 -1.637
-5.248 7.476 -1.644
-5.242 7.519 -1.65
-5.238 7.562 -1.657
-5.237 7.613 -1.665
-5.242 7.645 -1.67
-5.312 9.58 -1.614
-5.31 9.648 -1.624
-5.304 9.708 -1.631
-5.298 9.77 -1.64
-5.293 9.833 -1.648
-5.281 9.886 -1.655
-5.273 9.946 -1.662
-5.271 9.979 -1.667
-5.299 13.035 -1.6
-5.32 13.146 -1.615
-5.316 13.257 -1.628
-5.318 13.383 -1.642
-5.308 13.482 -1.654
-5.28 13.536 -1.659
-5.414 17.075 -1.559
-5.419 17.278 -1.578
-5.411 17.443 -1.594
-5.41 17.635 -1.612
-5.407 17.823 -1.629
-5.408 17.927 -1.639
-5.356 17.959 -1.641
-5.589 23.176 -1.555
-5.59 23.504 -1.579
-5.595 23.855 -1.604
-5.572 24.098 -1.621
-5.546 24.159 -1.625
-5.972 37.716 -1.495
-5.971 38.495 -1.529
-5.964 39.266 -1.563
-5.878 39.538 -1.574
-29.224 20.861 -0.548
-29.218 20.996 -0.549
-29.258 21.095 -0.551
-29.237 21.22 -0.552
-29.241 21.363 -0.554
-29.237 21.501 -0.556
-29.224 21.634 -0.557
-29.218 21.772 -0.559
-29.242 21.861 -0.56
-29.253 22.013 -0.563
-29.239 22.147 -0.564
-29.222 22.279 -0.565
-29.223 22.425 -0.567
-29.225 22.573 -0.569
-29.227 22.721 -0.571
-29.245 22.809 -0.573
-29.25 22.961 -0.575
-29.25 23.11 -0.577
-29.232 23.246 -0.578
-29.218 23.385 -0.58
-29.213 23.532 -0.581
-29.215 23.685 -0.584
-29.255 23.794 -0.586
-29.203 23.905 -0.586
-29.253 24.1 -0.59
-29.226 24.232 -0.591
-29.202 24.368 -0.592
-29.226 24.544 -0.595
-29.213 24.69 -0.597
-29.215 24.849 -0.599
