4.71643 24.0045 -7.75461 0.61683
5.243 3.804 -1.637
5.247 3.782 -1.634
5.254 3.762 -1.633
5.262 3.744 -1.632
5.26 3.717 -1.627
5.273 3.702 -1.628
5.283 3.684 -1.627
5.269 3.661 -1.62
5.267 3.636 -1.616
5.291 3.628 -1.62
5.287 3.6 -1.615
5.289 3.577 -1.612
5.298 3.56 -1.611
5.297 3.534 -1.607
5.304 3.527 -1.608
5.326 3.518 -1.611
5.324 3.493 -1.607
5.264 3.429 -1.584
6.113 3.271 -1.483
6.084 3.231 -1.473
6.07 3.199 -1.466
6.061 3.17 -1.461
6.014 3.121 -1.447
5.962 3.07 -1.43
4.719 13.628 -1.645
4.758 13.602 -1.644
4.775 13.514 -1.634
4.786 13.413 -1.622
4.774 13.314 -1.61
4.782 13.204 -1.597
4.787 13.09 -1.583
