-1.70263 -0.0274692 -0.000258876 1.29677e-05
-1.858 3.747 -1.646
-1.852 3.765 -1.651
-1.842 3.775 -1.654
-1.847 3.816 -1.67
-1.85 3.837 -1.679
-1.844 3.856 -1.685
-1.845 3.891 -1.698
-1.882 4.206 -1.631
-1.883 4.245 -1.645
-1.877 4.27 -1.652
-1.871 4.273 -1.652
-1.874 4.318 -1.669
-1.875 4.357 -1.682
-1.865 4.373 -1.686
-1.856 4.391 -1.691
-1.918 5.242 -1.606
-1.911 5.273 -1.614
-1.908 5.317 -1.627
-1.901 5.321 -1.627
-1.904 5.383 -1.646
-1.895 5.411 -1.653
-1.887 5.444 -1.662
-1.953 6.055 -1.606
-1.951 6.114 -1.621
-1.949 6.175 -1.636
-1.949 6.21 -1.645
-1.946 6.265 -1.66
-1.973 7.212 -1.609
-1.968 7.286 -1.625
-1.97 7.383 -1.647
-1.962 7.447 -1.661
-1.994 8.57 -1.579
-1.987 8.66 -1.596
-1.976 8.737 -1.61
-1.986 8.845 -1.631
-1.965 8.884 -1.637
-1.941 8.907 -1.641
-1.919 8.938 -1.646
-2.118 10.211 -1.531
-2.093 10.248 -1.536
-2.066 10.284 -1.54
-2.055 10.397 -1.558
-2.056 10.57 -1.585
-2.055 10.745 -1.612
-2.045 10.874 -1.632
-2.18 13.24 -1.517
-2.166 13.289 -1.523
-2.129 13.325 -1.527
-2.118 13.533 -1.553
-2.12 13.832 -1.59
-2.094 13.958 -1.606
-2.059 14.024 -1.614
-2.271 17.025 -1.487
-2.269 17.212 -1.505
-2.261 17.571 -1.54
-2.219 17.682 -1.55
-2.175 17.782 -1.559
-10.499 16.515 -1.241
-10.521 16.666 -1.251
-10.458 16.682 -1.249
-10.46 16.801 -1.257
-10.469 16.875 -1.262
-10.449 16.961 -1.267
-10.413 17.023 -1.269
-10.358 17.053 -1.269
-10.427 17.287 -1.286
-10.37 17.317 -1.286
-10.342 17.394 -1.29
-10.241 17.285 -1.279
-10.23 17.391 -1.285
-10.205 17.474 -1.29
-10.157 17.517 -1.291
-10.144 17.623 -1.297
-9.979 17.462 -1.281
-9.975 17.584 -1.288
-10.005 17.7 -1.297
-21.311 28.57 -1.382
-21.317 28.765 -1.389
-21.314 28.951 -1.395
-21.316 29.145 -1.402
-21.323 29.348 -1.41
-21.37 29.511 -1.417
-21.351 29.68 -1.423
-21.335 29.856 -1.429
-21.29 29.991 -1.432
-21.31 55.565 -1.043
-21.419 56.114 -1.054
-21.349 56.461 -1.061
-21.291 56.848 -1.068
-21.176 57.087 -1.072
-21.136 57.533 -1.08
-21.132 58.086 -1.091
-21.102 58.575 -1.1
