3.97317 0.479061 -0.038508 0.000833915
5.317 4.395 -1.751
5.323 4.373 -1.749
5.319 4.341 -1.742
5.314 4.31 -1.736
5.321 4.301 -1.736
5.321 4.274 -1.731
5.335 4.257 -1.731
5.334 4.229 -1.727
5.333 4.201 -1.721
5.338 4.178 -1.719
5.333 4.16 -1.715
5.353 4.149 -1.717
5.355 4.124 -1.714
5.358 4.099 -1.71
5.358 4.073 -1.706
5.362 4.049 -1.703
5.356 4.018 -1.696
5.363 5.713 -1.692
5.352 5.664 -1.682
5.356 5.633 -1.678
5.366 5.608 -1.675
5.363 5.57 -1.668
5.367 5.539 -1.664
5.373 5.528 -1.663
5.376 5.496 -1.658
5.393 5.479 -1.658
5.429 5.481 -1.664
5.42 5.438 -1.655
5.424 5.407 -1.651
5.443 5.393 -1.652
5.422 5.354 -1.642
5.433 5.331 -1.64
5.469 5.333 -1.646
5.475 5.305 -1.643
5.488 5.285 -1.642
4.942 18.234 -1.655
4.971 18.117 -1.645
4.987 17.953 -1.63
4.998 17.775 -1.613
5.008 17.598 -1.597
5.002 17.471 -1.585
5.009 17.289 -1.568
4.7 24.153 -1.612
4.765 24.084 -1.608
4.792 23.824 -1.589
4.812 23.543 -1.569
4.805 23.135 -1.54
4.818 23.016 -1.531
4.263 34.583 -1.546
4.346 34.364 -1.536
4.398 33.922 -1.514
4.375 33.327 -1.484
4.416 32.836 -1.46
4.46 32.388 -1.438
5.287 44.217 -0.729
5.339 43.494 -0.714
5.339 42.934 -0.702
5.367 42.088 -0.685
5.415 41.426 -0.671
5.461 40.789 -0.658
