4.13896 -0.060833 -0.00344237 0.000130266
3.842 3.103 -1.757
3.815 3.062 -1.739
3.818 3.045 -1.735
3.833 3.037 -1.738
3.823 3.02 -1.731
3.819 2.997 -1.725
3.836 2.991 -1.728
3.829 2.966 -1.721
3.837 2.953 -1.72
3.849 2.943 -1.721
3.839 2.926 -1.714
3.835 2.904 -1.708
3.847 2.894 -1.709
3.841 2.871 -1.702
3.844 2.854 -1.699
3.775 3.915 -1.732
3.764 3.892 -1.723
3.766 3.869 -1.718
3.772 3.852 -1.716
3.774 3.829 -1.711
3.783 3.815 -1.709
3.787 3.795 -1.705
3.773 3.769 -1.696
3.786 3.758 -1.696
3.784 3.733 -1.69
3.788 3.713 -1.686
3.793 3.695 -1.683
3.791 3.67 -1.676
3.684 4.712 -1.73
3.692 4.691 -1.726
3.695 4.665 -1.72
3.7 4.641 -1.716
3.706 4.619 -1.711
3.701 4.598 -1.705
3.7 4.567 -1.698
3.707 4.547 -1.694
3.704 4.513 -1.685
3.717 4.5 -1.685
3.721 4.476 -1.68
3.551 5.851 -1.737
3.57 5.842 -1.737
3.588 5.83 -1.737
3.596 5.803 -1.732
3.594 5.779 -1.726
3.594 5.738 -1.717
3.602 5.71 -1.711
3.601 5.67 -1.702
3.608 5.64 -1.696
3.618 5.618 -1.693
3.624 5.588 -1.687
3.59 5.516 -1.665
3.501 7.149 -1.721
3.489 7.096 -1.709
3.497 7.056 -1.701
3.507 7.02 -1.695
3.514 6.98 -1.687
3.515 6.927 -1.676
3.518 6.879 -1.667
3.325 8.957 -1.725
3.334 8.893 -1.714
3.344 8.835 -1.704
3.344 8.793 -1.697
3.352 8.731 -1.686
3.36 8.671 -1.676
3.368 8.611 -1.666
1.637 38.989 -0.613
1.725 38.225 -0.597
1.812 37.552 -0.583
1.888 36.739 -0.566
1.967 36.066 -0.552
