-3.68199 2.8736 -0.430157 0.0214501
4.807 3.487 -1.717
4.806 3.463 -1.712
4.815 3.447 -1.711
4.82 3.427 -1.709
4.82 3.405 -1.705
4.812 3.376 -1.698
4.809 3.363 -1.695
4.806 3.338 -1.689
4.802 3.313 -1.684
4.828 3.309 -1.69
4.826 3.285 -1.685
4.83 3.266 -1.683
4.833 3.257 -1.682
4.828 3.231 -1.676
4.836 3.215 -1.676
4.857 3.13 -1.667
4.845 3.101 -1.659
4.756 4.737 -1.701
4.764 4.716 -1.698
4.767 4.688 -1.694
4.766 4.658 -1.688
4.764 4.627 -1.682
4.766 4.614 -1.679
4.772 4.591 -1.676
4.78 4.57 -1.674
4.777 4.539 -1.667
4.79 4.522 -1.667
4.785 4.489 -1.66
4.792 4.467 -1.657
4.787 4.449 -1.653
4.784 4.418 -1.646
4.05 17.659 -1.579
4.092 17.586 -1.573
4.083 17.423 -1.557
4.104 17.268 -1.543
4.122 17.105 -1.528
4.137 16.931 -1.512
4.157 16.783 -1.498
1.743 58.839 -1.029
1.913 58.376 -1.02
2.077 57.836 -1.008
2.241 57.386 -0.999
2.313 56.934 -0.99
2.478 56.617 -0.983
2.65 56.475 -0.98
2.82 56.333 -0.978
