-2.0669 -0.0510422 -0.00073102 6.63684e-06
-2.317 3.467 -1.64
-2.316 3.489 -1.648
-2.325 3.528 -1.664
-2.311 3.53 -1.661
-2.311 3.555 -1.67
-2.316 3.587 -1.682
-2.318 3.616 -1.693
-2.363 4.013 -1.65
-2.365 4.046 -1.661
-2.368 4.081 -1.673
-2.362 4.1 -1.678
-2.362 4.13 -1.688
-2.356 4.151 -1.694
-2.343 4.158 -1.694
-2.345 4.178 -1.701
-2.404 4.562 -1.636
-2.406 4.601 -1.648
-2.406 4.638 -1.659
-2.411 4.682 -1.673
-2.41 4.717 -1.683
-2.397 4.729 -1.685
-2.384 4.74 -1.687
-2.378 4.746 -1.687
-2.369 4.765 -1.692
-2.438 5.049 -1.614
-2.434 5.081 -1.622
-2.44 5.135 -1.638
-2.429 5.153 -1.642
-2.414 5.143 -1.637
-2.428 5.214 -1.659
-2.423 5.246 -1.667
-2.409 5.259 -1.669
-2.502 5.893 -1.617
-2.512 5.941 -1.63
-2.507 5.983 -1.64
-2.486 5.985 -1.638
-2.49 6.047 -1.654
-2.48 6.076 -1.66
-2.472 6.112 -1.668
-2.463 6.118 -1.669
-2.572 6.907 -1.584
-2.576 6.984 -1.601
-2.572 7.04 -1.613
-2.563 7.084 -1.622
-2.564 7.157 -1.638
-2.561 7.184 -1.644
-2.657 8.377 -1.577
-2.657 8.468 -1.594
-2.66 8.572 -1.613
-2.645 8.618 -1.621
-2.641 8.652 -1.627
-2.613 8.658 -1.627
-2.591 8.685 -1.63
-2.88 10.017 -1.53
-2.856 10.05 -1.534
-2.827 10.069 -1.535
-2.802 10.104 -1.54
-2.796 10.204 -1.555
-2.797 10.335 -1.575
-2.782 10.341 -1.575
-2.803 10.552 -1.609
-2.759 10.519 -1.602
-2.713 10.478 -1.593
-2.662 10.416 -1.582
-2.663 10.556 -1.603
-2.64 10.604 -1.61
-2.634 10.653 -1.617
-2.609 10.697 -1.623
-2.999 13.435 -1.561
-3.01 13.686 -1.593
-2.993 13.816 -1.609
-2.971 13.926 -1.622
-2.931 13.953 -1.624
-3.342 17.018 -1.503
-3.314 17.164 -1.517
-3.279 17.268 -1.526
-3.308 17.57 -1.556
-3.325 17.968 -1.595
-3.272 18 -1.597
-3.752 21.786 -1.428
-3.736 22.103 -1.45
-3.691 22.264 -1.462
-3.708 22.805 -1.501
-3.733 23.187 -1.529
-3.671 23.265 -1.534
-22.006 27.467 -1.362
-22.326 28.047 -1.391
-22.415 28.342 -1.404
-22.421 28.441 -1.407
-22.711 28.996 -1.435
-22.929 29.465 -1.457
-25.143 52.328 -1.012
-25.37 53.23 -1.031
-25.381 53.688 -1.04
-25.394 53.934 -1.045
-25.329 54.238 -1.05
-25.265 54.548 -1.055
-25.31 55.099 -1.066
