-25.0211 1.17316 0.185181 -0.00883898
-2.056 16.612 -1.444
-2.026 16.802 -1.462
-1.993 16.974 -1.478
-1.964 17.184 -1.499
-1.931 17.384 -1.518
-1.909 17.426 -1.522
-9.65 29.1 -1.336
-9.642 29.229 -1.342
-9.581 29.352 -1.347
-9.55 29.57 -1.357
-9.501 29.737 -1.364
-9.441 29.873 -1.37
-9.361 29.947 -1.372
-9.286 30.037 -1.375
-9.277 30.176 -1.382
-9.202 30.271 -1.385
-9.132 30.382 -1.389
-9.051 30.459 -1.392
-16.637 56.553 -1.031
-16.72 57.168 -1.044
-16.713 57.82 -1.057
-16.714 58.51 -1.071
-16.698 59.159 -1.084
