-1.59829 -0.0250628 0.00316403 -8.99991e-05
-1.655 3.791 -1.626
-1.648 3.806 -1.631
-1.647 3.839 -1.644
-1.634 3.842 -1.643
-1.643 3.88 -1.659
-1.642 3.913 -1.672
-1.635 3.931 -1.678
-1.634 3.964 -1.69
-1.655 4.283 -1.625
-1.65 4.31 -1.634
-1.657 4.348 -1.648
-1.651 4.376 -1.657
-1.647 4.406 -1.667
-1.643 4.439 -1.679
-1.636 4.464 -1.686
-1.659 4.876 -1.634
-1.654 4.912 -1.645
-1.65 4.952 -1.657
-1.652 4.987 -1.669
-1.649 5.031 -1.683
-1.638 5.049 -1.687
-1.672 5.364 -1.617
-1.669 5.413 -1.632
-1.66 5.445 -1.64
-1.655 5.489 -1.653
-1.664 5.548 -1.671
-1.677 6.147 -1.608
-1.67 6.195 -1.62
-1.662 6.243 -1.632
-1.658 6.308 -1.649
-1.66 6.353 -1.661
-1.647 6.384 -1.668
-1.67 7.258 -1.602
-1.662 7.33 -1.618
-1.653 7.396 -1.632
-1.657 7.467 -1.649
-1.644 7.522 -1.66
-1.665 8.687 -1.588
-1.654 8.778 -1.605
-1.645 8.883 -1.625
-1.633 8.971 -1.641
-1.609 9.003 -1.646
-1.577 8.987 -1.642
-1.568 9.017 -1.647
-1.666 10.49 -1.561
-1.667 10.6 -1.579
-1.656 10.752 -1.602
-1.637 10.851 -1.617
-1.603 10.856 -1.617
-1.571 10.874 -1.619
-1.539 10.895 -1.622
-1.506 10.908 -1.623
-1.601 13.558 -1.547
-1.589 13.829 -1.581
-1.582 13.962 -1.598
-1.538 13.969 -1.598
-1.496 13.993 -1.601
-1.453 14.008 -1.602
-1.411 14.034 -1.605
-11.585 34.724 -1.425
-11.563 35.026 -1.437
-11.556 35.38 -1.452
-11.508 35.612 -1.461
-11.49 35.941 -1.475
