-0.961985 -0.277734 0.0367917 -0.00146213
-1.595 3.833 -1.633
-1.589 3.851 -1.639
-1.591 3.874 -1.648
-1.583 3.891 -1.654
-1.587 3.936 -1.672
-1.58 3.954 -1.678
-1.57 3.966 -1.681
-1.561 3.98 -1.685
-1.606 4.295 -1.623
-1.599 4.318 -1.63
-1.603 4.35 -1.642
-1.597 4.376 -1.65
-1.594 4.413 -1.663
-1.59 4.446 -1.674
-1.578 4.457 -1.676
-1.566 4.467 -1.679
-1.553 4.475 -1.68
-1.636 5.339 -1.607
-1.622 5.353 -1.61
-1.612 5.378 -1.616
-1.606 5.421 -1.629
-1.599 5.459 -1.639
-1.597 5.516 -1.656
-1.6 5.557 -1.668
-1.633 6.097 -1.592
-1.622 6.132 -1.6
-1.611 6.17 -1.61
-1.605 6.226 -1.624
-1.595 6.268 -1.634
-1.59 6.329 -1.65
-1.578 6.368 -1.66
-1.604 7.233 -1.593
-1.594 7.295 -1.607
-1.59 7.388 -1.627
-1.581 7.456 -1.642
-1.559 7.468 -1.644
-1.549 7.478 -1.646
-1.576 8.662 -1.58
-1.583 8.779 -1.603
-1.571 8.869 -1.619
-1.551 8.92 -1.628
-1.524 8.932 -1.63
-1.499 8.957 -1.634
-1.472 8.967 -1.635
-1.578 10.47 -1.556
-1.567 10.619 -1.579
-1.555 10.771 -1.603
-1.545 10.82 -1.61
-1.513 10.837 -1.612
-1.481 10.857 -1.615
-1.446 10.858 -1.614
-1.559 13.373 -1.523
-1.528 13.483 -1.536
-1.508 13.695 -1.563
-1.487 13.91 -1.59
-1.445 13.925 -1.591
-1.424 13.939 -1.593
-1.381 13.947 -1.593
-2.273 16.453 -1.431
-2.253 16.692 -1.454
-2.211 16.774 -1.462
-2.163 16.821 -1.466
-2.129 16.765 -1.46
-2.073 16.746 -1.457
-2.049 16.989 -1.481
-2.01 17.112 -1.492
-1.957 17.13 -1.493
-11.932 14.448 -1.179
-11.958 14.574 -1.188
-11.982 14.696 -1.196
-11.977 14.785 -1.201
-12.211 15.17 -1.234
-12.24 15.303 -1.243
