-1.3325 -0.110645 0.0140582 -0.000495617
-1.593 3.897 -1.658
-1.587 3.918 -1.665
-1.584 3.947 -1.675
-1.573 3.955 -1.677
-1.578 4.006 -1.698
-1.577 4.023 -1.704
-1.567 4.034 -1.707
-1.556 4.043 -1.709
-1.604 4.376 -1.651
-1.598 4.402 -1.659
-1.596 4.44 -1.673
-1.591 4.472 -1.684
-1.591 4.492 -1.691
-1.587 4.529 -1.703
-1.576 4.541 -1.706
-1.605 4.946 -1.651
-1.6 4.984 -1.662
-1.595 5.025 -1.675
-1.59 5.064 -1.687
-1.587 5.111 -1.702
-1.573 5.125 -1.705
-1.612 5.503 -1.653
-1.603 5.536 -1.662
-1.596 5.576 -1.674
-1.596 5.643 -1.694
-1.584 5.667 -1.7
-1.567 5.677 -1.701
-1.561 5.689 -1.704
-1.61 6.284 -1.64
-1.607 6.315 -1.647
-1.603 6.38 -1.664
-1.598 6.445 -1.681
-1.589 6.494 -1.694
-1.568 6.498 -1.693
-1.601 7.436 -1.639
-1.594 7.519 -1.657
-1.586 7.594 -1.674
-1.576 7.666 -1.69
-1.59 8.895 -1.625
-1.574 8.966 -1.638
-1.563 9.073 -1.658
-1.551 9.173 -1.677
-1.543 9.214 -1.684
-1.515 9.221 -1.685
-1.577 10.919 -1.627
-1.566 11.083 -1.652
-1.55 11.224 -1.674
-1.518 11.253 -1.678
-1.484 11.267 -1.679
-1.467 11.277 -1.681
-1.434 11.298 -1.683
-1.399 11.31 -1.684
-1.523 14.04 -1.607
-1.517 14.192 -1.626
-1.499 14.462 -1.66
-1.462 14.549 -1.671
-1.418 14.572 -1.673
-1.373 14.586 -1.674
-1.327 14.588 -1.674
-1.282 14.602 -1.675
-1.699 18.126 -1.588
-1.642 18.139 -1.589
-1.584 18.124 -1.587
-1.528 18.141 -1.588
-1.483 18.299 -1.603
-1.458 18.708 -1.643
-1.411 18.869 -1.658
-1.384 18.905 -1.662
-1.653 24.075 -1.577
-1.58 24.116 -1.58
-1.546 24.176 -1.584
-1.475 24.258 -1.59
-1.433 24.86 -1.634
-1.376 25.241 -1.661
