4.75391 -0.695987 0.0593421 -0.0015571
2.457 4.347 -1.777
2.466 4.331 -1.774
2.474 4.314 -1.769
2.48 4.308 -1.769
2.489 4.294 -1.766
2.479 4.246 -1.748
2.468 4.196 -1.73
2.471 4.172 -1.723
2.011 9.393 -1.735
2.033 9.352 -1.728
2.054 9.305 -1.72
2.068 9.229 -1.707
2.094 9.208 -1.704
2.103 9.183 -1.7
2.137 9.198 -1.704
2.161 9.172 -1.7
2.189 9.161 -1.699
2.214 9.137 -1.696
2.245 9.141 -1.698
2.26 9.138 -1.698
2.291 9.14 -1.7
2.315 9.116 -1.696
2.344 9.108 -1.696
2.369 9.09 -1.694
2.397 9.078 -1.693
2.428 9.08 -1.695
2.435 9.05 -1.69
2.466 9.05 -1.692
2.487 9.017 -1.687
2.515 9.008 -1.686
2.538 8.979 -1.682
1.959 11.481 -1.724
1.997 11.486 -1.726
2.016 11.379 -1.71
2.02 11.3 -1.698
2.047 11.243 -1.689
2.08 11.227 -1.688
2.115 11.218 -1.688
2.148 11.2 -1.686
2.187 11.211 -1.689
2.221 11.202 -1.688
2.239 11.198 -1.688
2.269 11.166 -1.684
2.311 11.194 -1.69
2.343 11.169 -1.687
2.37 11.123 -1.681
2.4 11.094 -1.677
2.441 11.113 -1.682
2.46 11.115 -1.683
2.489 11.083 -1.678
2.52 11.057 -1.676
2.543 11.001 -1.668
1.948 15.62 -1.733
1.998 15.62 -1.734
2.002 15.453 -1.714
2.04 15.37 -1.704
2.087 15.352 -1.703
2.136 15.355 -1.704
2.185 15.348 -1.704
2.234 15.347 -1.705
2.282 15.344 -1.705
2.309 15.36 -1.708
2.345 15.27 -1.697
2.389 15.237 -1.694
2.44 15.249 -1.697
2.491 15.261 -1.699
2.536 15.238 -1.697
2.578 15.192 -1.693
2.597 15.159 -1.689
2.649 15.176 -1.692
2.687 15.111 -1.685
2.724 15.046 -1.678
2.768 15.022 -1.676
