659.433 -44.2615 -4.49148 0.309391
2.062 8.808 -1.627
2.082 8.767 -1.62
2.096 8.703 -1.609
2.116 8.668 -1.603
2.141 8.653 -1.601
2.154 8.646 -1.601
2.18 8.636 -1.6
2.21 8.638 -1.602
2.231 8.608 -1.597
2.256 8.592 -1.595
2.28 8.575 -1.593
2.304 8.558 -1.592
2.315 8.545 -1.59
2.342 8.536 -1.589
2.368 8.527 -1.589
2.396 8.523 -1.59
2.412 8.478 -1.582
2.434 8.453 -1.579
2.456 8.43 -1.576
6.196 10.901 -1.405
6.152 10.785 -1.389
6.163 10.726 -1.383
6.189 10.693 -1.381
6.214 10.658 -1.379
6.243 10.632 -1.378
6.277 10.614 -1.378
6.306 10.585 -1.377
6.315 10.564 -1.375
6.339 10.528 -1.373
6.363 10.493 -1.37
6.391 10.465 -1.369
6.416 10.433 -1.367
6.448 10.411 -1.367
6.468 10.37 -1.364
6.482 10.357 -1.363
6.502 10.316 -1.36
6.522 10.277 -1.358
6.547 10.245 -1.356
6.578 10.223 -1.356
6.601 10.187 -1.353
8.584 13.588 -1.088
8.582 13.491 -1.082
8.578 13.392 -1.075
8.584 13.309 -1.07
8.59 13.227 -1.064
8.575 13.159 -1.059
8.581 13.078 -1.054
8.589 13.002 -1.049
8.555 12.862 -1.038
