-1.62548 0.00341747 0.000778589 -2.73888e-05
-1.596 3.886 -1.654
-1.594 3.917 -1.665
-1.581 3.922 -1.665
-1.583 3.963 -1.682
-1.579 3.99 -1.692
-1.579 4.026 -1.706
-1.57 4.041 -1.71
-1.568 4.054 -1.715
-1.609 4.368 -1.649
-1.604 4.396 -1.658
-1.598 4.422 -1.667
-1.592 4.45 -1.676
-1.591 4.492 -1.691
-1.583 4.516 -1.699
-1.575 4.539 -1.706
-1.569 4.545 -1.707
-1.595 4.969 -1.657
-1.606 5.031 -1.678
-1.596 5.055 -1.685
-1.588 5.087 -1.694
-1.583 5.128 -1.707
-1.569 5.138 -1.709
-1.611 5.5 -1.652
-1.601 5.529 -1.66
-1.602 5.566 -1.671
-1.602 5.632 -1.691
-1.595 5.671 -1.702
-1.577 5.678 -1.703
-1.563 5.694 -1.706
-1.619 6.278 -1.639
-1.608 6.319 -1.649
-1.6 6.368 -1.661
-1.603 6.421 -1.675
-1.596 6.483 -1.691
-1.582 6.512 -1.698
-1.561 6.513 -1.697
-1.542 6.524 -1.698
-1.614 7.387 -1.628
-1.597 7.416 -1.634
-1.592 7.507 -1.655
-1.582 7.575 -1.669
-1.589 7.667 -1.691
-1.569 7.695 -1.696
-1.588 8.967 -1.639
-1.577 9.065 -1.657
-1.565 9.167 -1.676
-1.544 9.216 -1.685
-1.518 9.238 -1.688
-1.492 9.264 -1.692
-1.577 10.917 -1.626
-1.579 11.055 -1.648
-1.57 11.236 -1.676
-1.544 11.307 -1.687
-1.509 11.316 -1.688
-1.473 11.324 -1.688
-1.524 14.889 -1.638
-1.507 15.186 -1.674
-1.471 15.313 -1.689
-1.449 15.329 -1.691
-1.402 15.352 -1.693
-1.354 15.358 -1.694
-1.306 15.366 -1.694
-1.259 15.382 -1.695
-1.513 18.31 -1.604
-1.485 18.68 -1.64
-1.449 18.974 -1.669
-1.392 19.008 -1.672
-1.33 18.993 -1.67
-1.302 19.011 -1.671
-2.464 23.456 -1.537
-2.407 23.622 -1.548
-2.375 23.68 -1.552
-2.298 23.663 -1.551
-2.227 23.704 -1.553
-2.16 23.794 -1.559
-2.089 23.843 -1.562
-2.024 23.964 -1.571
-1.936 23.818 -1.56
-1.9 23.831 -1.56
-1.842 24.059 -1.577
-1.761 23.987 -1.571
-1.705 24.271 -1.592
-1.626 24.229 -1.588
-1.552 24.279 -1.591
-1.477 24.3 -1.593
