-1.62995 -0.0882202 0.00627844 -0.00012509
-1.897 3.723 -1.644
-1.905 3.769 -1.663
-1.904 3.78 -1.667
-1.899 3.801 -1.674
-1.897 3.827 -1.683
-1.893 3.849 -1.691
-1.887 3.868 -1.697
-1.888 3.903 -1.71
-1.924 4.267 -1.659
-1.918 4.289 -1.665
-1.908 4.303 -1.669
-1.908 4.34 -1.681
-1.905 4.37 -1.691
-1.901 4.4 -1.701
-1.904 4.425 -1.711
-1.916 4.846 -1.654
-1.913 4.884 -1.666
-1.907 4.913 -1.674
-1.9 4.942 -1.683
-1.905 5.001 -1.702
-1.902 5.018 -1.707
-1.89 5.035 -1.711
-1.878 5.052 -1.715
-1.862 5.056 -1.714
-1.922 5.354 -1.639
-1.922 5.407 -1.655
-1.916 5.444 -1.665
-1.911 5.484 -1.676
-1.915 5.523 -1.688
-1.907 5.556 -1.697
-1.896 5.58 -1.703
-1.926 6.239 -1.651
-1.931 6.288 -1.664
-1.925 6.34 -1.677
-1.917 6.383 -1.688
-1.909 6.43 -1.699
-1.889 6.438 -1.7
-1.871 6.449 -1.701
-1.853 6.464 -1.704
-1.923 7.393 -1.646
-1.92 7.478 -1.665
-1.918 7.565 -1.685
-1.906 7.617 -1.696
-1.885 7.636 -1.699
-1.876 7.652 -1.702
-1.934 8.811 -1.622
-1.918 8.87 -1.633
-1.907 8.951 -1.647
-1.91 9.033 -1.663
-1.899 9.123 -1.68
-1.883 9.189 -1.692
-1.853 9.189 -1.69
-1.826 9.208 -1.693
-1.797 9.212 -1.693
-1.948 10.731 -1.607
-1.94 10.786 -1.615
-1.926 10.901 -1.633
-1.917 11.051 -1.656
-1.9 11.162 -1.673
-1.871 11.201 -1.678
-1.836 11.207 -1.678
-1.913 13.942 -1.601
-1.9 14.014 -1.61
-1.877 14.177 -1.63
-1.864 14.433 -1.662
-1.831 14.533 -1.674
-2.036 18.057 -1.585
-1.988 18.138 -1.592
-1.927 18.113 -1.589
-1.882 18.234 -1.6
-1.864 18.622 -1.638
-1.865 18.932 -1.668
-1.808 18.963 -1.671
-12.165 21.829 -1.64
-12.164 21.989 -1.65
-12.153 22.133 -1.659
-12.142 22.278 -1.668
-12.127 22.418 -1.677
-12.126 22.584 -1.688
-12.124 22.667 -1.693
-12.066 40.361 -1.67
-12.051 40.777 -1.688
-12.09 41.146 -1.704
-12.035 41.441 -1.716
-11.938 41.596 -1.721
-11.818 41.672 -1.723
-20.699 15.077 -0.463
-20.727 15.147 -0.465
-20.739 15.256 -0.467
-20.747 15.362 -0.468
-20.728 15.449 -0.469
-20.74 15.56 -0.471
-20.739 15.661 -0.473
-20.741 15.765 -0.475
-20.781 15.847 -0.477
-20.782 15.951 -0.478
-20.776 16.05 -0.48
-20.803 16.175 -0.482
-20.785 16.267 -0.484
-20.783 16.37 -0.485
-20.803 16.492 -0.488
-20.835 16.571 -0.489
-20.828 16.673 -0.491
-20.846 16.794 -0.493
-20.83 16.89 -0.495
-20.841 17.007 -0.497
-20.852 17.126 -0.499
-20.848 17.232 -0.501
-20.865 17.301 -0.502
-20.889 17.432 -0.505
-20.889 17.544 -0.507
-20.886 17.653 -0.508
-20.901 17.778 -0.511
-20.899 17.891 -0.513
