-1.39087 -0.110763 0.00822606 -0.000268993
-1.754 3.854 -1.668
-1.748 3.871 -1.673
-1.747 3.902 -1.685
-1.745 3.932 -1.696
-1.743 3.962 -1.707
-1.739 3.986 -1.716
-1.728 3.996 -1.718
-1.773 4.344 -1.663
-1.771 4.379 -1.675
-1.767 4.408 -1.684
-1.766 4.448 -1.699
-1.764 4.483 -1.711
-1.755 4.503 -1.716
-1.748 4.505 -1.716
-1.735 4.514 -1.718
-1.79 4.931 -1.666
-1.783 4.959 -1.674
-1.787 4.996 -1.687
-1.779 5.025 -1.695
-1.78 5.077 -1.712
-1.775 5.117 -1.724
-1.807 5.461 -1.659
-1.801 5.499 -1.669
-1.805 5.54 -1.682
-1.8 5.584 -1.694
-1.796 5.631 -1.708
-1.787 5.664 -1.717
-1.829 6.272 -1.652
-1.819 6.309 -1.661
-1.823 6.36 -1.675
-1.819 6.424 -1.691
-1.811 6.47 -1.703
-1.797 6.498 -1.709
-1.845 7.475 -1.66
-1.842 7.566 -1.681
-1.836 7.642 -1.697
-1.822 7.689 -1.707
-1.801 7.71 -1.711
-1.779 7.727 -1.714
-1.869 8.913 -1.639
-1.861 9.015 -1.658
-1.85 9.101 -1.674
-1.844 9.219 -1.696
-1.823 9.267 -1.704
-1.811 9.283 -1.707
-1.957 10.781 -1.615
-1.928 10.815 -1.619
-1.909 10.904 -1.633
-1.896 11.035 -1.653
-1.89 11.208 -1.68
-1.862 11.253 -1.686
-1.826 11.259 -1.686
-1.81 11.27 -1.687
-2.279 13.718 -1.579
-2.249 13.804 -1.589
-2.206 13.815 -1.59
-2.211 13.991 -1.612
-2.176 14.054 -1.62
-2.131 14.051 -1.618
-2.088 14.066 -1.619
-2.038 14.035 -1.615
-1.992 14.029 -1.613
-1.948 14.032 -1.613
-1.939 14.137 -1.626
-1.924 14.363 -1.654
-1.91 14.609 -1.685
-1.865 14.627 -1.687
-1.82 14.635 -1.687
-1.774 14.642 -1.687
-2.464 17.817 -1.566
-2.415 17.88 -1.572
-2.382 18.057 -1.589
-2.351 18.27 -1.609
-2.288 18.227 -1.604
-2.251 18.166 -1.598
-2.198 18.204 -1.601
-2.144 18.241 -1.604
-2.085 18.23 -1.602
-2.035 18.303 -1.609
-2.019 18.69 -1.646
-1.987 18.951 -1.671
