14.4574 -0.336119 -0.220242 0.0117058
3.255 8.398 -1.619
3.259 8.369 -1.614
3.273 8.327 -1.608
3.293 8.301 -1.604
3.317 8.285 -1.603
3.337 8.26 -1.6
3.355 8.229 -1.596
3.36 8.206 -1.592
3.374 8.166 -1.586
3.389 8.13 -1.581
3.413 8.114 -1.58
3.432 8.089 -1.577
3.455 8.072 -1.576
3.483 8.067 -1.577
3.49 8.049 -1.574
3.511 8.029 -1.572
3.532 8.007 -1.57
3.558 7.998 -1.57
3.575 7.969 -1.566
8.612 15.575 -1.548
8.646 15.522 -1.545
8.665 15.441 -1.539
8.633 15.271 -1.523
8.646 15.183 -1.516
8.664 15.159 -1.515
8.687 15.089 -1.51
8.697 14.996 -1.503
8.71 14.91 -1.496
5.928 21.614 -1.45
5.984 21.551 -1.447
6.006 21.499 -1.444
5.966 21.098 -1.414
6.018 21.032 -1.411
6.085 21.014 -1.411
6.138 20.953 -1.408
6.193 20.895 -1.405
6.245 20.83 -1.401
6.268 20.79 -1.399
16.632 34.913 -1.738
16.705 34.783 -1.734
16.75 34.597 -1.726
16.753 34.465 -1.72
16.834 34.358 -1.717
16.916 34.252 -1.714
16.98 34.111 -1.71
17.071 34.025 -1.708
17.142 33.9 -1.704
17.217 33.785 -1.7
17.247 33.714 -1.698
17.313 33.581 -1.693
17.391 33.473 -1.69
17.477 33.383 -1.688
