7.24247 -0.142019 0.00290089 6.77827e-05
5.633 2.432 -1.544
5.503 2.355 -1.503
5.483 2.326 -1.496
5.448 2.291 -1.483
5.405 2.253 -1.468
5.32 2.197 -1.441
5.057 1.988 -0.991
5.012 1.952 -0.98
4.991 1.926 -0.974
4.913 1.878 -0.956
4.876 1.847 -0.946
4.851 1.82 -0.939
4.061 13.045 -1.548
4.095 13.009 -1.545
4.126 12.966 -1.541
4.147 12.961 -1.541
4.178 12.918 -1.537
4.2 12.848 -1.53
4.224 12.786 -1.523
4.235 12.684 -1.511
4.271 12.66 -1.51
4.313 12.654 -1.511
4.33 12.638 -1.509
4.365 12.613 -1.508
4.396 12.573 -1.504
4.435 12.559 -1.504
4.467 12.523 -1.501
4.5 12.492 -1.499
4.543 12.487 -1.5
4.554 12.457 -1.497
8.207 12.06 -1.322
8.215 11.992 -1.317
8.218 11.915 -1.311
8.253 11.886 -1.31
8.29 11.86 -1.31
8.314 11.815 -1.308
8.326 11.753 -1.303
8.352 11.751 -1.305
8.355 11.678 -1.299
8.39 11.648 -1.298
8.426 11.622 -1.298
8.441 11.567 -1.294
8.459 11.514 -1.291
8.482 11.47 -1.289
8.493 11.447 -1.288
8.513 11.4 -1.285
8.543 11.365 -1.284
8.571 11.329 -1.283
8.597 11.289 -1.281
8.628 11.256 -1.28
8.655 11.217 -1.279
8.672 11.204 -1.279
8.703 11.17 -1.278
8.727 11.129 -1.276
8.764 11.104 -1.276
8.794 11.071 -1.275
8.839 11.055 -1.277
8.862 11.014 -1.275
8.884 11.006 -1.276
8.916 10.975 -1.276
8.944 10.939 -1.275
8.986 10.92 -1.276
9.018 10.889 -1.275
9.054 10.862 -1.276
9.076 10.82 -1.274
9.087 10.798 -1.273
9.117 10.765 -1.272
9.149 10.735 -1.272
9.178 10.7 -1.271
9.201 10.659 -1.269
9.6 12.43 -1.059
9.6 12.35 -1.054
9.599 12.269 -1.049
9.601 12.192 -1.044
9.575 12.121 -1.038
9.555 12.018 -1.031
9.578 11.969 -1.029
9.593 11.911 -1.026
9.56 11.794 -1.017
9.56 11.719 -1.012
9.534 11.65 -1.007
0.314999 32.87 -1.447
0.417999 32.833 -1.445
0.469999 32.816 -1.444
0.571999 32.787 -1.443
0.674999 32.759 -1.442
0.776999 32.743 -1.441
0.878999 32.716 -1.44
0.981999 32.707 -1.439
1.082 32.622 -1.435
1.134 32.636 -1.436
1.236 32.613 -1.435
1.336 32.559 -1.433
1.436 32.502 -1.43
1.535 32.43 -1.427
1.634 32.371 -1.424
1.734 32.33 -1.422
1.783 32.295 -1.42
1.883 32.265 -1.419
1.983 32.229 -1.418
2.082 32.193 -1.416
2.18 32.145 -1.414
2.279 32.106 -1.413
2.377 32.051 -1.41
2.423 31.995 -1.408
2.523 31.979 -1.407
2.619 31.915 -1.404
2.715 31.859 -1.402
2.811 31.801 -1.399
2.908 31.758 -1.398
3.004 31.713 -1.396
