-27.351 5.82326 -0.181157 -0.00952275
3.191 10.16 -1.566
3.2 10.133 -1.562
3.229 10.113 -1.561
3.249 10.067 -1.555
3.269 10.019 -1.548
3.291 9.983 -1.544
3.324 9.976 -1.544
3.347 9.939 -1.54
3.351 9.9 -1.534
3.37 9.854 -1.528
3.385 9.799 -1.521
3.41 9.771 -1.518
3.436 9.746 -1.516
3.464 9.729 -1.515
8.651 6.421 -1.254
8.638 6.369 -1.248
8.637 6.326 -1.245
8.641 6.287 -1.242
8.649 6.252 -1.24
8.659 6.238 -1.24
8.684 6.215 -1.241
8.651 6.151 -1.233
8.64 6.102 -1.227
8.651 6.069 -1.226
8.642 6.022 -1.222
8.64 6.001 -1.22
8.637 5.958 -1.216
8.631 5.914 -1.212
8.643 5.882 -1.211
8.645 5.844 -1.208
8.647 5.805 -1.206
8.63 5.755 -1.2
8.642 8.747 -1.083
8.643 8.693 -1.079
8.635 8.631 -1.074
8.639 8.607 -1.073
8.623 8.538 -1.066
8.642 8.503 -1.065
8.625 8.434 -1.059
8.632 8.387 -1.056
8.625 8.329 -1.051
8.637 8.288 -1.049
8.62 8.245 -1.045
8.621 8.195 -1.041
8.622 8.145 -1.038
8.617 8.089 -1.033
8.621 8.042 -1.03
8.606 19.346 -1.359
8.626 19.228 -1.351
8.665 19.155 -1.348
8.714 19.183 -1.351
8.722 19.041 -1.342
8.607 18.634 -1.311
8.666 18.606 -1.311
8.708 18.545 -1.308
8.731 23.41 -1.051
8.739 23.207 -1.042
8.724 22.948 -1.029
8.739 22.771 -1.021
8.733 22.544 -1.01
8.692 22.333 -1
