-1.78663 -0.000714705 0.000559391 -4.33179e-05
-1.772 3.813 -1.655
-1.762 3.822 -1.657
-1.77 3.856 -1.672
-1.768 3.884 -1.682
-1.767 3.915 -1.693
-1.763 3.939 -1.702
-1.765 3.976 -1.717
-1.785 4.335 -1.662
-1.782 4.365 -1.672
-1.777 4.393 -1.681
-1.775 4.43 -1.694
-1.771 4.46 -1.703
-1.765 4.487 -1.712
-1.782 4.907 -1.658
-1.786 4.944 -1.67
-1.783 4.984 -1.682
-1.779 5.023 -1.694
-1.767 5.04 -1.698
-1.761 5.074 -1.709
-1.795 5.425 -1.647
-1.798 5.462 -1.658
-1.79 5.495 -1.667
-1.788 5.549 -1.683
-1.78 5.584 -1.692
-1.769 5.608 -1.698
-1.751 5.613 -1.698
-1.804 6.221 -1.637
-1.795 6.264 -1.647
-1.793 6.331 -1.665
-1.787 6.385 -1.678
-1.778 6.429 -1.689
-1.76 6.444 -1.692
-1.805 7.318 -1.623
-1.794 7.369 -1.634
-1.788 7.447 -1.651
-1.782 7.524 -1.668
-1.771 7.583 -1.681
-1.752 7.611 -1.686
-1.789 8.807 -1.615
-1.777 8.888 -1.63
-1.783 8.993 -1.65
-1.77 9.077 -1.666
-1.755 9.152 -1.68
-1.815 10.568 -1.577
-1.793 10.64 -1.588
-1.78 10.764 -1.607
-1.789 10.923 -1.632
-1.774 11.051 -1.652
-1.741 11.066 -1.654
-1.707 11.076 -1.654
-1.674 11.095 -1.657
-1.64 11.104 -1.657
-2.117 13.387 -1.534
-2.103 13.578 -1.558
-2.078 13.698 -1.573
-2.036 13.712 -1.574
-1.992 13.717 -1.573
-1.949 13.723 -1.573
-1.926 13.712 -1.572
-1.877 13.679 -1.567
-1.834 13.681 -1.566
-1.792 13.694 -1.567
-1.758 13.773 -1.577
-1.738 13.969 -1.601
-1.726 14.237 -1.635
-1.709 14.291 -1.641
-1.944 17.496 -1.529
-1.902 17.619 -1.54
-1.847 17.629 -1.541
-1.819 17.626 -1.54
-1.775 17.745 -1.551
-1.756 18.122 -1.588
-1.722 18.37 -1.612
-11.984 22.071 -1.649
-12.01 22.202 -1.659
-12.005 22.359 -1.669
-11.989 22.499 -1.677
-11.986 22.665 -1.688
-11.968 22.803 -1.696
-11.928 22.901 -1.701
-11.867 22.96 -1.703
-13.712 33.26 -1.603
-13.626 33.349 -1.605
-13.524 33.398 -1.606
-13.429 33.466 -1.607
-13.319 33.495 -1.606
-13.231 33.581 -1.609
-13.184 33.617 -1.609
-13.09 33.688 -1.611
-13 33.77 -1.613
-12.884 33.784 -1.612
-12.798 33.879 -1.615
-12.708 33.964 -1.617
-12.619 34.05 -1.62
-12.572 34.087 -1.621
-12.471 34.145 -1.622
-12.364 34.184 -1.622
-12.265 34.247 -1.623
-12.16 34.291 -1.623
-12.033 34.276 -1.62
-11.906 34.257 -1.617
-11.871 34.331 -1.62
-11.806 34.493 -1.627
-11.708 34.56 -1.629
-11.618 34.651 -1.631
-11.531 34.754 -1.635
-11.448 34.872 -1.639
-11.429 34.998 -1.645
-11.339 35.094 -1.648
-11.249 35.194 -1.652
-11.157 35.287 -1.655
-23.985 63.744 -1.223
-24.058 64.555 -1.239
-24.112 65.327 -1.255
-24.191 66.182 -1.272
-24.452 67.555 -1.301
-24.547 68.488 -1.32
