-11.7437 -0.0294246 0.0219575 -0.000492242
-15.034 8.049 -1.894
-15.039 8.112 -1.899
-15.036 8.171 -1.902
-15.05 8.24 -1.907
-15.031 8.291 -1.908
-15.036 8.356 -1.913
-15.055 8.397 -1.917
-15.037 8.449 -1.918
-15.038 8.512 -1.922
-15.032 8.571 -1.925
-15.031 8.633 -1.929
-15.029 8.695 -1.932
-15.034 8.761 -1.937
-15.036 8.793 -1.939
-15.044 8.862 -1.944
-15.028 8.916 -1.946
-15.009 8.968 -1.947
-2.29 19.464 -1.725
-2.257 19.717 -1.749
-2.247 19.906 -1.767
-2.208 20.125 -1.788
-2.146 20.137 -1.789
-2.084 20.16 -1.791
-2.022 20.184 -1.792
-40.726 3.856 -2.612
-40.876 3.999 -2.624
-41.001 4.142 -2.633
-41.093 4.282 -2.64
-41.201 4.358 -2.648
-41.328 4.503 -2.658
-41.393 4.642 -2.664
-18.045 38.993 -1.707
-18.065 39.36 -1.723
-18.083 39.729 -1.738
-18.096 40.092 -1.753
-18.089 40.415 -1.766
