-1.50715 -0.0371477 0.00350319 -7.66723e-05
-1.622 4.423 -1.67
-1.625 4.454 -1.681
-1.623 4.494 -1.696
-1.617 4.522 -1.705
-1.611 4.552 -1.715
-1.608 4.589 -1.728
-1.621 5.052 -1.687
-1.618 5.097 -1.701
-1.621 5.136 -1.714
-1.618 5.183 -1.729
-1.608 5.211 -1.737
-1.595 5.225 -1.74
-1.651 5.568 -1.676
-1.644 5.611 -1.688
-1.634 5.642 -1.697
-1.629 5.69 -1.71
-1.629 5.757 -1.73
-1.608 5.787 -1.737
-1.646 6.466 -1.69
-1.639 6.524 -1.705
-1.634 6.589 -1.721
-1.624 6.637 -1.733
-1.621 6.669 -1.742
-1.65 7.662 -1.692
-1.638 7.721 -1.705
-1.637 7.836 -1.731
-1.622 7.889 -1.743
-1.612 7.903 -1.745
-1.59 7.919 -1.748
-1.669 9.168 -1.68
-1.648 9.218 -1.688
-1.632 9.292 -1.702
-1.638 9.411 -1.725
-1.627 9.524 -1.746
-1.666 11.276 -1.685
-1.652 11.429 -1.709
-1.641 11.609 -1.737
-1.63 11.658 -1.744
-1.595 11.675 -1.746
-1.645 15.569 -1.723
-1.633 15.934 -1.767
-1.591 16.012 -1.776
-1.543 16.042 -1.779
-1.493 16.053 -1.78
-1.443 16.068 -1.781
-27.373 0.868999 -1.172
-27.46 0.957999 -1.176
-27.514 1.047 -1.179
-27.585 1.136 -1.183
-27.641 1.225 -1.186
-27.733 1.273 -1.19
-27.819 1.364 -1.195
-27.888 1.456 -1.199
-27.943 1.546 -1.202
-28.04 1.64 -1.207
-28.14 1.735 -1.212
-28.246 1.83 -1.218
-28.277 1.877 -1.219
-28.365 1.972 -1.224
