-1.37191 -0.0925112 0.0108941 -0.000338096
-1.601 3.83 -1.633
-1.59 3.838 -1.634
-1.593 3.879 -1.651
-1.584 3.893 -1.654
-1.587 3.936 -1.672
-1.589 3.959 -1.681
-1.58 3.974 -1.685
-1.61 4.286 -1.62
-1.606 4.315 -1.63
-1.602 4.347 -1.64
-1.598 4.38 -1.652
-1.592 4.406 -1.66
-1.597 4.444 -1.674
-1.624 5.357 -1.611
-1.626 5.394 -1.622
-1.619 5.432 -1.633
-1.607 5.453 -1.638
-1.606 5.515 -1.656
-1.599 5.553 -1.667
-1.618 6.119 -1.597
-1.609 6.163 -1.608
-1.613 6.218 -1.622
-1.606 6.271 -1.636
-1.6 6.327 -1.65
-1.59 6.373 -1.662
-1.603 7.228 -1.592
-1.603 7.281 -1.604
-1.599 7.37 -1.624
-1.59 7.442 -1.64
-1.573 7.479 -1.647
-1.552 7.494 -1.65
-1.592 10.452 -1.554
-1.58 10.59 -1.575
-1.569 10.743 -1.599
-1.547 10.834 -1.613
-1.515 10.852 -1.615
-1.527 13.475 -1.535
-1.524 13.639 -1.556
-1.509 13.902 -1.589
-1.47 13.96 -1.596
-1.427 13.972 -1.597
-1.384 13.981 -1.598
-1.339 13.973 -1.596
-1.318 13.985 -1.597
-2.082 16.821 -1.465
-2.035 16.875 -1.469
-2.042 17.155 -1.497
-1.991 17.181 -1.499
-1.938 17.203 -1.5
-1.879 17.161 -1.495
-1.825 17.169 -1.496
-1.779 17.244 -1.503
-1.723 17.236 -1.501
-1.692 17.199 -1.497
-1.631 17.135 -1.49
-1.578 17.144 -1.491
-1.528 17.188 -1.495
-1.491 17.395 -1.515
-1.469 17.78 -1.552
-1.416 17.831 -1.557
-1.389 17.835 -1.557
-11.979 14.834 -1.204
-12.064 15.035 -1.219
-12.244 15.358 -1.246
-12.328 15.562 -1.262
