-2.0104 -0.0618653 0.00794004 -0.000236302
-2.075 3.623 -1.643
-2.072 3.633 -1.646
-2.069 3.654 -1.653
-2.061 3.667 -1.656
-2.055 3.683 -1.661
-2.048 3.698 -1.665
-2.036 3.704 -1.665
-2.037 3.733 -1.675
-2.03 3.735 -1.675
-2.025 3.754 -1.681
-2.018 3.768 -1.685
-2.011 3.785 -1.689
-2.005 3.802 -1.695
-2.086 4.113 -1.632
-2.086 4.147 -1.644
-2.072 4.151 -1.643
-2.067 4.158 -1.645
-2.068 4.193 -1.657
-2.057 4.203 -1.658
-2.052 4.226 -1.665
-2.046 4.248 -1.672
-2.032 4.254 -1.672
-2.024 4.271 -1.676
-2.029 4.299 -1.686
-2.091 4.715 -1.636
-2.083 4.738 -1.642
-2.067 4.741 -1.641
-2.062 4.772 -1.65
-2.055 4.795 -1.656
-2.043 4.809 -1.659
-2.039 4.843 -1.669
-2.034 4.852 -1.671
-2.024 4.87 -1.676
-2.02 4.905 -1.686
-2.01 4.925 -1.691
-2.572 4.692 -1.535
-2.601 4.779 -1.562
-2.603 4.819 -1.574
-2.626 4.897 -1.598
-2.548 5.677 -1.568
-2.546 5.72 -1.578
-2.546 5.769 -1.59
-2.547 5.821 -1.603
-2.54 5.829 -1.605
-2.485 5.753 -1.58
-2.521 5.885 -1.617
-2.508 5.907 -1.621
-2.016 7.237 -1.617
-2.006 7.288 -1.628
-2.001 7.358 -1.643
-1.991 7.413 -1.655
-1.975 7.446 -1.661
-1.958 7.478 -1.668
-1.99 8.613 -1.587
-1.992 8.685 -1.601
-1.979 8.75 -1.612
-1.975 8.864 -1.634
-1.959 8.92 -1.644
-1.938 8.96 -1.65
-2.022 10.401 -1.557
-2.004 10.479 -1.569
-1.987 10.571 -1.583
-1.978 10.707 -1.604
-1.966 10.83 -1.623
-1.943 10.898 -1.633
-2.015 13.421 -1.536
-1.978 13.468 -1.542
-1.956 13.614 -1.56
-1.942 13.83 -1.587
-1.923 14.019 -1.611
-2.072 17.173 -1.499
-2.027 17.257 -1.506
-2.004 17.295 -1.51
-1.972 17.499 -1.53
-1.956 17.852 -1.564
-1.915 17.998 -1.578
-2.244 22.39 -1.457
-2.2 22.665 -1.477
-2.129 22.677 -1.477
-2.061 22.718 -1.48
-1.994 22.776 -1.483
-1.99 23.143 -1.51
-1.966 23.719 -1.552
-1.893 23.755 -1.555
-18.014 27.154 -1.433
-18.009 27.332 -1.44
-18.026 27.452 -1.445
-18.009 27.614 -1.452
-18.014 27.813 -1.46
-18.03 28.029 -1.47
-18.022 28.212 -1.477
-17.972 28.329 -1.481
-17.961 28.409 -1.484
-17.932 28.562 -1.49
