8.65693 -0.0456625 0.002722 -6.37113e-05
4.743 7.488 -1.592
4.765 7.471 -1.591
4.79 7.458 -1.592
4.809 7.436 -1.59
4.816 7.422 -1.589
4.827 7.387 -1.584
4.803 7.299 -1.567
4.794 7.237 -1.556
4.77 7.151 -1.54
1.896 11.432 -1.715
1.916 11.332 -1.7
1.938 11.246 -1.687
1.971 11.226 -1.685
1.985 11.204 -1.682
2.022 11.209 -1.683
2.055 11.191 -1.682
2.089 11.179 -1.681
2.123 11.164 -1.679
2.161 11.171 -1.682
2.175 11.15 -1.679
2.212 11.155 -1.681
2.246 11.142 -1.68
2.28 11.129 -1.679
2.318 11.136 -1.681
2.348 11.107 -1.678
2.371 11.044 -1.668
2.386 11.03 -1.667
2.423 11.03 -1.668
2.458 11.027 -1.669
2.492 11.017 -1.668
2.518 10.969 -1.662
2.542 10.914 -1.654
8.513 6.528 -1.248
8.498 6.495 -1.243
8.5 6.454 -1.24
8.514 6.423 -1.239
8.508 6.377 -1.235
8.511 6.337 -1.232
8.523 6.304 -1.231
8.522 6.262 -1.227
8.508 6.231 -1.223
8.527 6.204 -1.223
8.531 6.166 -1.22
8.531 6.125 -1.217
8.54 6.091 -1.216
8.532 6.045 -1.211
8.53 6.003 -1.208
8.53 5.983 -1.206
8.526 5.94 -1.202
8.523 5.899 -1.199
8.532 5.865 -1.197
8.389 9.814 -1.147
8.409 9.776 -1.146
8.415 9.721 -1.142
8.431 9.678 -1.139
8.394 9.575 -1.129
8.401 9.553 -1.128
8.39 9.481 -1.121
8.41 9.442 -1.12
8.399 9.372 -1.113
8.425 9.341 -1.113
8.419 9.276 -1.107
8.428 9.228 -1.104
8.397 9.165 -1.097
8.42 9.132 -1.096
2.043 25.798 -1.706
2.08 25.755 -1.703
2.15 25.617 -1.693
2.234 25.648 -1.696
2.304 25.524 -1.687
2.377 25.441 -1.682
2.456 25.419 -1.681
2.524 25.292 -1.672
2.561 25.257 -1.669
2.633 25.185 -1.665
2.709 25.147 -1.662
2.791 25.16 -1.664
2.871 25.163 -1.665
2.949 25.142 -1.664
3.021 25.073 -1.66
3.049 24.979 -1.653
8.201 25.209 -1.128
8.204 24.95 -1.115
8.175 24.73 -1.104
8.185 24.502 -1.094
8.19 24.262 -1.082
8.189 24.009 -1.07
