9.82891 -0.311656 0.0197584 -0.000396079
1.864 9.048 -1.664
1.89 9.029 -1.661
1.901 8.94 -1.645
1.924 8.909 -1.64
1.941 8.853 -1.63
1.956 8.854 -1.631
1.981 8.834 -1.628
2.009 8.832 -1.629
2.033 8.808 -1.626
2.062 8.808 -1.627
2.088 8.794 -1.625
2.112 8.774 -1.623
2.128 8.778 -1.624
2.153 8.762 -1.622
2.179 8.749 -1.621
2.209 8.752 -1.623
2.24 8.756 -1.625
2.265 8.74 -1.623
2.29 8.725 -1.622
2.303 8.717 -1.621
2.327 8.697 -1.619
2.354 8.691 -1.619
2.378 8.671 -1.616
2.402 8.65 -1.614
8.447 6.648 -1.251
8.442 6.601 -1.246
8.442 6.558 -1.243
8.458 6.528 -1.242
8.435 6.489 -1.236
8.437 6.448 -1.233
8.443 6.411 -1.231
8.446 6.371 -1.228
8.439 6.324 -1.223
8.457 6.297 -1.223
8.44 6.243 -1.217
8.437 6.22 -1.215
8.453 6.191 -1.214
8.454 6.151 -1.211
8.447 6.105 -1.207
8.45 6.067 -1.204
8.456 6.031 -1.202
8.447 6.004 -1.199
8.328 20.621 -0.913
8.334 20.45 -0.905
8.343 20.289 -0.898
8.357 20.143 -0.892
8.365 19.984 -0.884
8.344 19.845 -0.877
8.358 19.707 -0.871
8.373 19.57 -0.865
8.415 19.498 -0.863
17.02 46.18 -0.827
17.023 45.744 -0.818
17.028 45.322 -0.81
17.038 44.921 -0.802
17.036 44.494 -0.794
17.041 44.093 -0.786
16.977 43.723 -0.778
16.979 43.323 -0.771
