-11.426 8.79668 -1.38945 0.0640736
6.099 3.882 -1.552
6.093 3.852 -1.547
6.056 3.815 -1.535
6.019 3.765 -1.521
6.003 3.728 -1.514
5.973 3.684 -1.502
5.218 2.022 -1.025
5.181 1.998 -1.016
5.162 1.972 -1.01
5.137 1.944 -1.003
5.103 1.913 -0.995
5.066 1.882 -0.985
5.068 1.864 -0.985
5.046 1.847 -0.979
5.029 1.823 -0.974
3.14 10.233 -1.245
3.145 10.136 -1.232
3.168 10.096 -1.228
3.195 10.073 -1.226
3.205 10.049 -1.223
3.229 10.016 -1.22
3.258 9.998 -1.219
3.284 9.971 -1.217
3.311 9.946 -1.215
3.338 9.924 -1.213
3.369 9.911 -1.213
3.379 9.891 -1.211
3.402 9.856 -1.207
3.426 9.827 -1.204
3.457 9.814 -1.204
3.482 9.788 -1.202
3.5 9.742 -1.197
3.516 9.689 -1.191
8.255 11.929 -1.314
8.237 11.863 -1.307
8.237 11.784 -1.3
8.22 11.681 -1.291
8.263 11.665 -1.292
8.259 11.583 -1.285
8.246 11.487 -1.276
8.265 11.439 -1.273
8.227 11.349 -1.263
15.978 21.4 -1.767
16.025 21.322 -1.764
16.069 21.242 -1.761
16.101 21.147 -1.757
16.148 21.071 -1.755
16.181 20.976 -1.751
16.19 20.92 -1.748
16.227 20.831 -1.744
16.255 20.733 -1.74
16.299 20.655 -1.738
16.343 20.577 -1.735
16.394 20.509 -1.733
16.429 20.421 -1.73
16.469 20.405 -1.731
16.503 20.316 -1.727
16.555 20.25 -1.726
16.597 20.172 -1.724
16.643 20.098 -1.722
16.683 20.018 -1.719
16.746 19.965 -1.719
16.756 19.915 -1.717
16.793 19.832 -1.714
2.614 32.491 -1.433
2.709 32.389 -1.428
2.794 32.187 -1.419
2.895 32.184 -1.419
2.93 32.011 -1.41
3.018 31.864 -1.404
3.117 31.843 -1.403
3.21 31.765 -1.4
3.296 31.622 -1.393
3.394 31.599 -1.392
3.465 31.787 -1.402
3.526 31.43 -1.384
3.612 31.302 -1.379
