-2.21569 0.0675393 -0.00521094 0.000117204
-3.55 0.831 -1.42
-3.619 0.86 -1.451
-3.615 0.871 -1.45
-3.633 0.887 -1.459
-3.643 0.902 -1.465
-3.631 0.911 -1.461
-3.641 0.92 -1.466
-3.657 0.936 -1.474
-3.706 0.961 -1.497
-1.998 4.217 -1.653
-1.99 4.233 -1.657
-1.98 4.248 -1.661
-1.968 4.257 -1.662
-1.967 4.272 -1.667
-1.968 4.309 -1.68
-1.958 4.324 -1.684
-1.952 4.347 -1.691
-1.952 4.386 -1.704
-1.98 4.829 -1.657
-1.977 4.844 -1.662
-1.975 4.884 -1.674
-1.96 4.89 -1.674
-1.961 4.939 -1.689
-1.953 4.962 -1.696
-1.947 4.995 -1.705
-1.947 5.017 -1.712
-1.962 5.386 -1.653
-1.964 5.443 -1.669
-1.949 5.456 -1.672
-1.95 5.513 -1.688
-1.953 5.546 -1.698
-1.946 5.583 -1.708
-1.967 6.196 -1.643
-1.958 6.235 -1.653
-1.964 6.288 -1.667
-1.956 6.335 -1.678
-1.951 6.387 -1.692
-1.946 6.443 -1.706
-1.959 7.389 -1.648
-1.952 7.454 -1.662
-1.95 7.543 -1.682
-1.942 7.609 -1.696
-1.929 7.657 -1.706
-1.925 7.694 -1.714
-1.945 8.989 -1.656
-1.939 9.101 -1.677
-1.93 9.197 -1.695
-1.913 9.261 -1.706
-1.884 9.267 -1.706
-1.855 9.276 -1.707
-1.842 9.283 -1.708
-1.998 10.814 -1.621
-1.973 10.867 -1.629
-1.956 10.972 -1.645
-1.946 11.116 -1.667
-1.935 11.255 -1.688
-1.907 11.308 -1.696
-1.874 11.325 -1.698
-1.854 11.314 -1.695
-2.125 14.016 -1.614
-2.095 14.117 -1.626
-2.05 14.119 -1.625
-2.006 14.128 -1.626
-1.982 14.119 -1.624
-1.943 14.164 -1.629
-1.916 14.302 -1.646
-1.902 14.55 -1.678
-1.878 14.729 -1.7
-1.992 18.446 -1.622
-1.966 18.473 -1.625
-1.928 18.667 -1.643
-1.913 19.103 -1.686
-1.869 19.271 -1.702
-1.95 24.943 -1.642
-1.944 25.38 -1.674
-1.903 25.897 -1.712
-1.822 25.911 -1.713
-1.742 25.944 -1.715
-16.571 34.099 -1.483
-16.605 34.307 -1.492
-16.603 34.579 -1.502
-16.593 34.838 -1.513
-16.592 35.122 -1.524
-16.586 35.396 -1.535
-16.607 34.683 -0.601
-16.596 34.942 -0.606
-16.642 35.182 -0.611
-16.641 35.467 -0.616
-16.638 35.753 -0.622
-16.624 36.018 -0.627
-16.625 36.321 -0.632
-16.619 36.612 -0.638
-16.601 36.881 -0.643
-16.653 37.151 -0.649
-16.651 37.461 -0.654
