-1.61859 -0.0523988 0.0060169 -0.000200495
-1.737 3.736 -1.619
-1.736 3.765 -1.63
-1.728 3.778 -1.634
-1.729 3.813 -1.647
-1.73 3.848 -1.661
-1.724 3.851 -1.661
-1.718 3.87 -1.668
-1.708 3.88 -1.67
-1.751 4.194 -1.607
-1.748 4.223 -1.617
-1.746 4.257 -1.628
-1.741 4.285 -1.637
-1.742 4.306 -1.645
-1.737 4.333 -1.654
-1.726 4.345 -1.657
-1.715 4.358 -1.659
-1.701 4.363 -1.659
-1.783 5.227 -1.588
-1.777 5.263 -1.598
-1.768 5.29 -1.605
-1.761 5.325 -1.614
-1.762 5.383 -1.632
-1.755 5.418 -1.641
-1.748 5.426 -1.643
-1.736 5.448 -1.648
-1.778 6.03 -1.585
-1.771 6.074 -1.596
-1.767 6.132 -1.611
-1.762 6.187 -1.625
-1.763 6.229 -1.636
-1.779 7.07 -1.566
-1.768 7.123 -1.577
-1.764 7.202 -1.595
-1.762 7.291 -1.614
-1.756 7.316 -1.62
-1.736 7.335 -1.623
-1.794 8.429 -1.544
-1.782 8.502 -1.557
-1.772 8.586 -1.573
-1.762 8.676 -1.59
-1.745 8.734 -1.6
-1.791 10.145 -1.511
-1.793 10.253 -1.528
-1.787 10.408 -1.552
-1.771 10.511 -1.567
-1.742 10.538 -1.571
-1.792 12.896 -1.466
-1.764 12.998 -1.478
-1.769 13.187 -1.502
-1.753 13.389 -1.528
-1.711 13.397 -1.528
-1.669 13.402 -1.528
-1.628 13.417 -1.529
-1.586 13.428 -1.53
-1.546 13.447 -1.532
-1.807 16.274 -1.408
-1.777 16.482 -1.428
-1.765 16.859 -1.465
-1.724 16.981 -1.476
-1.697 16.982 -1.476
-1.645 17.001 -1.477
-1.84 21.033 -1.354
-1.806 21.415 -1.382
-1.772 21.83 -1.413
-1.705 21.851 -1.414
-1.636 21.852 -1.413
-1.57 21.889 -1.416
-1.535 21.886 -1.415
-1.468 21.91 -1.417
-1.4 21.929 -1.418
