-1.52113 -0.0305192 0.00358438 -9.8013e-05
-1.592 3.913 -1.664
-1.585 3.93 -1.669
-1.591 3.964 -1.683
-1.578 3.967 -1.682
-1.586 4.025 -1.706
-1.577 4.04 -1.711
-1.573 4.07 -1.722
-1.605 4.399 -1.659
-1.607 4.426 -1.669
-1.602 4.458 -1.68
-1.598 4.491 -1.691
-1.597 4.533 -1.706
-1.589 4.556 -1.713
-1.611 4.994 -1.667
-1.601 5.015 -1.673
-1.592 5.044 -1.681
-1.599 5.095 -1.698
-1.596 5.14 -1.712
-1.584 5.161 -1.718
-1.57 5.173 -1.721
-1.555 5.182 -1.722
-1.625 5.516 -1.658
-1.615 5.544 -1.666
-1.608 5.584 -1.677
-1.599 5.621 -1.687
-1.607 5.682 -1.706
-1.596 5.711 -1.714
-1.623 6.335 -1.654
-1.612 6.375 -1.664
-1.607 6.438 -1.68
-1.596 6.481 -1.69
-1.591 6.548 -1.708
-1.585 6.569 -1.713
-1.606 7.516 -1.657
-1.598 7.595 -1.675
-1.594 7.694 -1.697
-1.582 7.758 -1.711
-1.573 7.776 -1.715
-1.55 7.786 -1.716
-1.582 9.096 -1.663
-1.586 9.201 -1.683
-1.574 9.306 -1.703
-1.557 9.383 -1.717
-1.53 9.401 -1.72
-1.503 9.424 -1.723
-1.587 11.108 -1.657
-1.577 11.285 -1.684
-1.582 11.451 -1.71
-1.552 11.501 -1.718
-1.516 11.51 -1.718
-1.481 11.521 -1.719
-1.446 11.531 -1.72
-1.61 15.022 -1.656
-1.567 15.068 -1.661
-1.541 15.277 -1.686
-1.522 15.58 -1.723
-1.477 15.624 -1.727
-1.43 15.652 -1.73
-1.404 15.639 -1.728
-1.355 15.639 -1.728
-1.307 15.661 -1.73
