3.40127 -0.37578 0.062497 -0.0018394
3.282 5.058 -1.744
3.298 5.047 -1.744
3.317 5.007 -1.737
3.321 4.945 -1.722
3.29 4.866 -1.697
3.254 4.796 -1.672
3.258 4.768 -1.666
5.032 3.614 -1.561
5.025 3.585 -1.554
5.015 3.566 -1.549
4.99 3.524 -1.537
4.931 3.46 -1.514
4.936 3.44 -1.512
4.986 3.452 -1.525
4.927 3.388 -1.502
4.727 1.898 -0.734
4.705 1.872 -0.729
4.683 1.847 -0.724
4.667 1.824 -0.72
4.64 1.805 -0.714
4.624 1.782 -0.71
4.605 1.759 -0.706
4.581 1.733 -0.701
4.568 1.712 -0.697
4.544 1.687 -0.692
4.534 1.667 -0.689
4.502 1.647 -0.683
8.655 4.623 -1.124
8.652 4.604 -1.123
8.643 4.564 -1.119
8.654 4.535 -1.119
8.654 4.501 -1.117
8.653 4.465 -1.114
8.663 4.436 -1.114
8.673 4.407 -1.113
8.659 4.383 -1.11
8.664 4.351 -1.109
8.656 4.313 -1.105
8.663 4.283 -1.104
8.665 4.25 -1.103
8.659 4.213 -1.1
8.678 4.189 -1.101
8.672 4.169 -1.099
8.671 4.135 -1.097
8.675 4.103 -1.095
8.677 4.071 -1.094
8.67 4.034 -1.091
8.681 4.006 -1.09
8.677 3.972 -1.088
8.669 3.951 -1.086
8.668 3.918 -1.084
8.67 3.886 -1.082
8.675 3.856 -1.081
8.676 3.824 -1.08
8.686 3.795 -1.079
8.673 3.757 -1.076
8.669 3.74 -1.074
8.676 3.71 -1.074
8.671 3.676 -1.071
8.637 11.489 -1.3
8.616 11.425 -1.293
8.627 11.364 -1.289
8.625 11.288 -1.283
8.642 11.237 -1.279
8.626 11.144 -1.271
8.629 11.076 -1.265
8.636 11.013 -1.261
8.626 10.965 -1.256
8.627 10.896 -1.25
8.635 10.836 -1.246
2.951 26.623 -1.773
3.033 26.594 -1.771
3.108 26.511 -1.766
3.191 26.503 -1.766
3.226 26.439 -1.761
3.305 26.399 -1.759
3.384 26.353 -1.757
3.461 26.3 -1.753
3.526 26.159 -1.744
3.604 26.12 -1.742
3.685 26.101 -1.741
3.731 26.126 -1.743
3.809 26.091 -1.742
3.887 26.049 -1.739
3.956 25.954 -1.733
4.036 25.928 -1.732
4.103 25.824 -1.725
4.125 25.705 -1.717
