5.09525 -0.333102 0.0657244 -0.003594
4.597 6.499 -1.721
4.598 6.458 -1.713
4.607 6.427 -1.709
4.592 6.385 -1.699
4.597 6.35 -1.693
4.599 6.31 -1.686
4.605 6.277 -1.68
4.627 6.266 -1.681
4.641 6.243 -1.679
4.652 6.238 -1.679
4.673 6.224 -1.68
4.69 6.207 -1.679
4.711 6.193 -1.679
4.725 6.172 -1.678
4.736 6.147 -1.674
4.769 6.149 -1.679
4.765 6.124 -1.674
4.776 6.099 -1.671
4.793 6.08 -1.67
4.596 8.318 -1.715
4.617 8.295 -1.714
4.623 8.245 -1.706
4.62 8.21 -1.7
4.616 8.142 -1.688
4.622 8.092 -1.68
4.649 8.081 -1.681
4.662 8.044 -1.676
4.683 8.023 -1.674
4.707 8.036 -1.679
4.723 8.004 -1.675
4.752 7.996 -1.676
4.771 7.971 -1.674
4.791 7.947 -1.672
4.813 7.927 -1.671
4.848 7.929 -1.675
4.853 7.909 -1.672
4.87 7.881 -1.669
4.9 7.874 -1.671
4.911 7.837 -1.666
4.933 7.818 -1.665
4.506 10.519 -1.692
4.519 10.505 -1.691
4.544 10.473 -1.688
4.569 10.44 -1.684
4.592 10.404 -1.681
4.611 10.359 -1.675
4.616 10.281 -1.664
4.634 10.234 -1.659
4.643 10.212 -1.656
4.673 10.192 -1.655
4.701 10.17 -1.654
4.732 10.152 -1.653
4.759 10.126 -1.651
4.784 10.099 -1.649
4.819 10.091 -1.651
4.829 10.069 -1.648
4.851 10.034 -1.645
4.879 10.012 -1.643
4.906 9.988 -1.642
8.394 6.542 -1.236
8.395 6.5 -1.233
8.384 6.449 -1.227
8.387 6.431 -1.226
8.379 6.383 -1.222
8.398 6.356 -1.221
8.403 6.318 -1.219
8.385 6.263 -1.212
8.383 6.22 -1.209
8.399 6.192 -1.208
8.386 6.162 -1.204
8.385 6.12 -1.201
8.398 6.089 -1.2
8.394 6.047 -1.196
8.389 6.003 -1.192
8.389 5.963 -1.189
8.379 5.936 -1.186
8.383 5.899 -1.183
8.33 11.759 -1.304
8.31 11.693 -1.297
8.312 11.618 -1.291
8.328 11.563 -1.287
8.334 11.495 -1.282
8.349 11.44 -1.278
8.372 11.396 -1.276
8.353 11.296 -1.266
8.348 11.253 -1.262
8.344 11.174 -1.255
8.343 11.1 -1.249
1.847 25.345 -1.671
1.917 25.204 -1.661
1.977 24.957 -1.643
2.052 24.909 -1.64
2.128 24.868 -1.638
2.203 24.83 -1.636
2.28 24.811 -1.635
2.305 24.656 -1.623
2.38 24.623 -1.622
2.454 24.588 -1.62
8.431 28.003 -1.265
8.386 27.695 -1.249
8.398 27.424 -1.237
8.397 27.115 -1.222
8.397 26.816 -1.207
16.076 39.556 -0.69
16.073 39.195 -0.683
16.067 38.834 -0.676
16.072 38.503 -0.67
16.073 38.169 -0.663
16.061 37.809 -0.656
16.004 37.51 -0.65
16.013 37.208 -0.644
16.007 36.875 -0.638
