2.52692 0.282486 0.0472875 -0.00854971
3.072 8.473 -1.62
3.078 8.45 -1.617
3.103 8.434 -1.615
3.125 8.413 -1.613
3.143 8.38 -1.608
3.168 8.366 -1.608
3.189 8.343 -1.605
3.207 8.311 -1.6
3.212 8.286 -1.596
3.237 8.272 -1.595
3.248 8.224 -1.587
3.272 8.21 -1.587
3.292 8.185 -1.584
3.313 8.163 -1.581
3.317 8.135 -1.576
3.335 8.106 -1.573
3.353 8.079 -1.569
5.383 16.878 -1.54
5.428 16.836 -1.537
5.415 16.615 -1.516
5.404 16.407 -1.496
5.404 16.235 -1.48
5.411 21.579 -1.438
5.467 21.515 -1.434
5.54 21.517 -1.436
5.573 21.506 -1.436
5.612 21.379 -1.427
5.676 21.35 -1.426
5.739 21.318 -1.425
5.77 21.165 -1.415
5.74 20.797 -1.388
5.775 20.796 -1.389
5.845 20.797 -1.39
5.904 20.755 -1.389
5.956 20.69 -1.385
16.591 33.995 -1.696
16.644 33.835 -1.69
16.699 33.679 -1.684
16.758 33.532 -1.679
16.81 33.373 -1.673
16.864 33.221 -1.667
16.887 33.135 -1.664
16.963 33.029 -1.661
17.032 32.908 -1.657
17.099 32.785 -1.653
17.174 32.678 -1.65
17.245 32.564 -1.647
17.266 32.481 -1.643
18.379 45.622 -0.826
18.389 45.236 -0.819
18.386 44.827 -0.811
18.395 44.451 -0.804
18.389 44.045 -0.796
18.391 43.662 -0.788
18.388 43.275 -0.781
18.33 42.952 -0.774
