-2.20534 0.0159473 -0.000606399 5.43904e-06
-2.153 3.601 -1.651
-2.155 3.617 -1.658
-2.15 3.635 -1.663
-2.142 3.648 -1.666
-2.131 3.655 -1.666
-2.123 3.668 -1.669
-2.119 3.689 -1.676
-2.114 3.707 -1.682
-2.11 3.713 -1.683
-2.107 3.736 -1.691
-2.097 3.746 -1.692
-2.086 3.754 -1.693
-2.078 3.767 -1.696
-2.068 3.777 -1.698
-2.063 3.796 -1.704
-2.138 4.74 -1.651
-2.128 4.757 -1.654
-2.123 4.788 -1.663
-2.111 4.8 -1.665
-2.111 4.823 -1.673
-2.106 4.852 -1.681
-2.093 4.864 -1.683
-2.082 4.881 -1.687
-2.077 4.913 -1.696
-2.066 4.929 -1.7
-2.062 4.942 -1.703
-2.144 5.284 -1.643
-2.142 5.301 -1.648
-2.131 5.324 -1.653
-2.12 5.345 -1.658
-2.114 5.378 -1.667
-2.102 5.397 -1.671
-2.094 5.427 -1.679
-2.083 5.448 -1.684
-2.087 5.483 -1.694
-2.16 6.07 -1.628
-2.153 6.111 -1.638
-2.139 6.133 -1.642
-2.129 6.167 -1.65
-2.116 6.191 -1.655
-2.106 6.225 -1.663
-2.101 6.243 -1.667
-2.092 6.281 -1.676
-2.082 6.317 -1.684
-2.147 7.181 -1.613
-2.138 7.232 -1.624
-2.125 7.273 -1.632
-2.113 7.317 -1.641
-2.102 7.364 -1.651
-2.085 7.393 -1.656
-2.07 7.428 -1.663
-2.07 7.473 -1.673
-2.59 8.394 -1.576
-2.572 8.429 -1.582
-2.547 8.44 -1.582
-2.526 8.467 -1.586
-2.505 8.494 -1.59
-2.479 8.505 -1.591
-2.45 8.455 -1.58
-2.428 8.479 -1.583
-2.413 8.527 -1.591
-2.387 8.538 -1.592
-2.361 8.549 -1.593
-2.353 8.625 -1.606
-2.34 8.683 -1.617
-2.336 8.723 -1.624
-2.312 8.741 -1.626
-2.059 10.587 -1.587
-2.038 10.656 -1.598
-2.039 10.754 -1.613
-2.029 10.883 -1.633
-2.003 10.938 -1.641
-1.972 10.957 -1.643
-1.937 10.962 -1.642
-1.904 10.979 -1.644
-2.037 13.572 -1.556
-2 13.615 -1.561
-1.997 13.748 -1.578
-1.983 13.963 -1.604
-1.963 14.146 -1.627
-1.923 14.183 -1.631
-1.878 14.185 -1.631
-1.835 14.205 -1.633
-2.216 17.231 -1.506
-2.192 17.473 -1.53
-2.142 17.517 -1.533
-2.084 17.504 -1.531
-2.032 17.531 -1.533
-1.999 17.733 -1.553
-1.981 18.083 -1.587
-1.973 18.266 -1.604
-2.24 22.709 -1.48
-2.199 23.026 -1.503
-2.133 23.096 -1.508
-2.062 23.122 -1.509
-2.017 23.453 -1.533
-1.989 23.997 -1.573
-1.956 24.056 -1.577
-10.07 37.509 -1.524
-10.182 38.412 -1.564
-10.154 38.552 -1.57
-10.036 38.593 -1.57
-9.92 38.648 -1.571
-9.803 38.696 -1.572
-9.697 38.789 -1.575
-9.596 38.902 -1.579
-9.476 38.942 -1.579
-16.793 41.046 -0.725
-16.803 41.441 -0.733
-16.785 41.774 -0.739
-16.795 42.181 -0.747
-16.776 42.522 -0.753
-16.785 42.942 -0.762
-16.755 43.265 -0.768
-16.825 43.649 -0.776
