6.00481 0.155571 -0.0703731 0.00435705
2.54 8.721 -1.634
2.564 8.703 -1.632
2.59 8.69 -1.631
2.612 8.665 -1.628
2.637 8.649 -1.626
2.649 8.592 -1.616
2.666 8.599 -1.619
2.693 8.588 -1.618
2.705 8.533 -1.609
2.734 8.532 -1.61
2.754 8.503 -1.606
2.775 8.476 -1.602
2.805 8.476 -1.604
2.8 8.418 -1.593
2.826 8.407 -1.593
2.848 8.385 -1.59
2.87 8.363 -1.587
2.891 8.339 -1.584
2.917 8.328 -1.584
2.938 8.306 -1.581
2.949 8.294 -1.58
4.881 8.985 -1.498
4.908 8.968 -1.498
4.929 8.938 -1.496
4.939 8.892 -1.49
4.965 8.873 -1.489
4.925 8.735 -1.467
4.853 8.575 -1.439
8.685 6.175 -1.238
8.701 6.145 -1.238
8.654 6.091 -1.228
8.639 6.04 -1.223
8.652 6.009 -1.222
8.633 5.955 -1.215
8.627 5.911 -1.211
8.648 5.885 -1.212
8.638 5.839 -1.207
8.647 5.826 -1.207
8.647 5.786 -1.204
8.641 5.743 -1.2
8.644 5.705 -1.198
8.642 5.665 -1.195
8.632 5.62 -1.19
8.636 5.584 -1.188
8.697 18.985 -1.337
8.732 18.905 -1.333
8.699 18.679 -1.317
8.755 18.646 -1.316
8.73 18.517 -1.307
8.735 18.377 -1.298
8.741 18.24 -1.289
8.749 18.11 -1.281
16.579 33.304 -1.664
16.595 33.204 -1.66
16.658 33.072 -1.656
16.703 32.902 -1.649
16.751 32.741 -1.643
16.8 32.585 -1.637
16.865 32.459 -1.633
16.886 32.376 -1.63
16.96 32.27 -1.627
17.041 32.177 -1.625
17.125 32.092 -1.623
17.202 31.994 -1.62
17.273 31.885 -1.617
17.347 31.784 -1.614
