2.06786 0.401804 0.205413 -0.01925
3.012 1.207 -0.82
3.009 1.195 -0.818
3.002 1.181 -0.815
3 1.175 -0.814
2.936 1.139 -0.793
2.932 1.127 -0.79
2.884 1.097 -0.774
2.873 1.082 -0.77
3.374 1.567 -0.808
3.352 1.544 -0.801
3.333 1.529 -0.795
3.305 1.503 -0.786
3.274 1.476 -0.776
3.251 1.453 -0.769
3.225 1.429 -0.76
3.187 1.4 -0.749
2.937 1.053 -0.572
2.933 1.041 -0.57
2.934 1.031 -0.57
2.902 1.01 -0.562
2.872 0.99 -0.554
2.881 0.982 -0.555
2.86 0.971 -0.55
2.843 0.955 -0.545
2.835 0.942 -0.542
2.826 0.93 -0.54
2.811 0.915 -0.535
2.804 0.903 -0.533
2.807 0.895 -0.533
2.781 0.882 -0.527
2.778 0.871 -0.525
2.758 0.856 -0.52
3.295 1.475 -0.543
3.275 1.454 -0.537
3.263 1.437 -0.534
3.246 1.417 -0.53
3.219 1.4 -0.524
3.233 1.393 -0.526
3.188 1.363 -0.516
3.17 1.344 -0.512
3.178 1.335 -0.512
3.157 1.315 -0.507
3.132 1.299 -0.502
3.139 1.29 -0.503
3.1 1.263 -0.494
3.083 1.245 -0.49
8.605 6.386 -1.246
8.612 6.35 -1.244
8.621 6.315 -1.242
8.652 6.296 -1.244
8.643 6.247 -1.239
8.605 6.178 -1.23
8.593 6.15 -1.226
8.601 6.115 -1.224
8.583 6.061 -1.218
8.606 6.037 -1.219
8.603 5.995 -1.215
8.603 5.954 -1.212
8.601 5.933 -1.21
8.595 5.889 -1.206
8.603 5.855 -1.204
8.609 5.819 -1.202
8.609 5.78 -1.199
8.599 5.734 -1.195
8.619 11.693 -1.316
8.603 11.633 -1.31
8.614 11.572 -1.306
8.614 11.496 -1.299
8.615 11.423 -1.293
8.605 11.336 -1.285
8.611 11.271 -1.28
8.589 11.205 -1.273
8.596 11.142 -1.269
8.586 11.057 -1.261
8.623 12.575 -1.022
8.634 12.507 -1.018
8.599 12.415 -1.01
8.593 12.324 -1.004
8.6 12.252 -1
8.61 12.186 -0.996
8.614 12.11 -0.991
8.624 12.044 -0.987
8.625 11.967 -0.982
8.608 11.903 -0.977
8.616 11.836 -0.973
8.62 11.764 -0.969
