-1.64947 0.00768361 0.000659767 -2.89086e-05
-1.59 3.855 -1.64
-1.589 3.871 -1.647
-1.589 3.905 -1.66
-1.582 3.924 -1.666
-1.582 3.959 -1.68
-1.577 3.985 -1.689
-1.567 3.995 -1.692
-1.555 4.002 -1.692
-1.549 4.006 -1.693
-1.538 4.014 -1.695
-1.604 4.354 -1.643
-1.598 4.38 -1.652
-1.597 4.42 -1.666
-1.594 4.455 -1.678
-1.587 4.481 -1.686
-1.578 4.5 -1.692
-1.565 4.509 -1.694
-1.619 5.402 -1.624
-1.614 5.445 -1.636
-1.604 5.474 -1.644
-1.598 5.519 -1.657
-1.606 5.577 -1.675
-1.593 5.6 -1.681
-1.577 5.611 -1.682
-1.617 6.193 -1.616
-1.611 6.25 -1.631
-1.599 6.285 -1.639
-1.594 6.346 -1.655
-1.589 6.409 -1.671
-1.582 6.425 -1.675
-1.563 6.433 -1.676
-1.6 7.324 -1.613
-1.593 7.401 -1.631
-1.586 7.481 -1.648
-1.576 7.548 -1.663
-1.568 7.57 -1.668
-1.589 8.734 -1.594
-1.586 8.796 -1.606
-1.575 8.894 -1.624
-1.565 9.001 -1.644
-1.546 9.056 -1.654
-1.518 9.065 -1.655
-1.572 10.653 -1.585
-1.561 10.81 -1.609
-1.567 10.971 -1.635
-1.537 11.009 -1.64
-1.548 13.662 -1.559
-1.517 13.779 -1.574
-1.499 14.025 -1.605
-1.473 14.201 -1.627
-1.429 14.21 -1.627
-1.407 14.22 -1.628
-1.689 17.443 -1.521
-1.639 17.498 -1.526
-1.588 17.55 -1.531
-1.533 17.557 -1.531
-1.516 17.677 -1.542
-1.487 17.995 -1.573
-1.448 18.217 -1.595
-1.393 18.26 -1.599
-11.932 14.311 -1.172
-11.919 14.387 -1.175
-11.941 14.459 -1.18
-12.129 14.782 -1.208
-12.101 14.841 -1.21
-12.331 15.22 -1.242
-12.322 15.306 -1.247
-1.938 31.696 -1.391
-1.848 31.865 -1.399
-1.812 32.119 -1.412
-1.734 32.544 -1.433
-1.64 32.715 -1.441
-1.54 32.784 -1.444
