-847.76 151.264 -8.87198 0.172838
8.612 15.575 -1.548
8.602 15.443 -1.536
8.634 15.387 -1.533
8.611 15.233 -1.519
8.599 15.155 -1.511
8.633 15.104 -1.509
8.691 15.096 -1.511
8.705 15.01 -1.504
8.701 14.895 -1.494
16.617 33.646 -1.681
16.672 33.492 -1.675
16.718 33.321 -1.668
16.723 33.2 -1.663
16.769 33.032 -1.656
16.83 32.897 -1.652
16.902 32.782 -1.648
16.969 32.66 -1.644
17.04 32.546 -1.641
17.12 32.45 -1.639
17.142 32.368 -1.635
17.203 32.238 -1.631
17.269 32.119 -1.627
18.388 45.438 -0.823
18.39 45.037 -0.815
18.406 44.674 -0.808
18.393 44.249 -0.8
18.397 43.87 -0.792
18.331 43.521 -0.785
18.331 43.141 -0.778
18.326 42.756 -0.77
