-2.9847 0.148547 -0.00884289 0.000165808
-3.695 1.948 -1.644
-3.76 1.999 -1.678
-3.817 2.045 -1.708
-3.888 2.099 -1.745
-2.312 6.156 -1.664
-2.3 6.183 -1.669
-2.29 6.218 -1.677
-2.289 6.243 -1.684
-2.274 6.263 -1.687
-2.265 6.299 -1.696
-2.251 6.324 -1.701
-2.241 6.357 -1.708
-2.234 6.4 -1.719
-2.267 7.368 -1.663
-2.259 7.424 -1.674
-2.256 7.457 -1.682
-2.243 7.498 -1.69
-2.233 7.551 -1.701
-2.216 7.581 -1.706
-2.2 7.612 -1.712
-2.184 7.649 -1.72
-2.239 8.916 -1.655
-2.238 8.973 -1.666
-2.221 9.024 -1.675
-2.204 9.079 -1.684
-2.187 9.131 -1.693
-2.173 9.199 -1.706
-2.15 9.233 -1.711
-2.124 9.251 -1.713
-2.241 10.795 -1.625
-2.222 10.871 -1.637
-2.202 10.948 -1.648
-2.181 11.022 -1.659
-2.165 11.126 -1.675
-2.159 11.188 -1.684
-9.496 12.085 -1.688
-9.538 12.217 -1.704
-9.575 12.304 -1.715
-9.583 12.395 -1.724
-9.663 12.579 -1.748
-9.737 12.757 -1.771
-9.744 12.85 -1.781
-9.687 12.858 -1.777
-9.646 12.888 -1.777
-2.318 17.583 -1.542
-2.273 17.666 -1.549
-2.218 17.679 -1.55
-2.159 17.66 -1.547
-2.112 17.73 -1.554
-2.081 17.95 -1.575
-2.095 18.315 -1.61
-2.044 18.387 -1.617
-2.395 22.807 -1.489
-2.329 22.872 -1.493
-2.269 22.995 -1.501
-2.205 23.087 -1.508
-2.147 23.253 -1.519
-2.123 23.806 -1.56
-2.067 24.027 -1.576
-18.3 35.234 -1.562
-18.27 35.448 -1.57
-18.27 35.724 -1.581
-18.288 36.038 -1.594
-18.302 36.348 -1.606
-18.321 36.674 -1.62
-17.066 50.315 -0.909
-17.057 50.816 -0.919
-17.044 51.311 -0.929
-17.041 51.845 -0.939
-17.034 52.38 -0.95
-17.107 52.886 -0.96
