-10.3861 0.803303 -0.0519279 0.00141353
-6.524 8.085 -1.524
-6.51 8.119 -1.527
-6.515 8.153 -1.532
-6.503 8.19 -1.535
-6.497 8.235 -1.54
-6.492 8.282 -1.546
-6.478 8.318 -1.549
-6.465 8.355 -1.552
-6.469 8.387 -1.557
-6.466 8.437 -1.563
-6.444 8.464 -1.564
-6.428 8.498 -1.567
-6.41 8.529 -1.569
-6.399 8.572 -1.573
-6.38 8.601 -1.575
-5.848 11.896 -1.496
-5.834 11.962 -1.503
-5.813 12.015 -1.508
-5.804 12.094 -1.516
-5.784 12.149 -1.522
-5.767 12.212 -1.528
-5.75 12.277 -1.535
-5.736 12.297 -1.536
-5.726 12.376 -1.545
-5.692 12.407 -1.547
-5.157 15.671 -1.42
-5.132 15.761 -1.428
-5.108 15.856 -1.436
-5.081 15.942 -1.443
-5.056 16.038 -1.451
-5.055 16.124 -1.46
-5.03 16.221 -1.468
-4.993 16.284 -1.473
