-5.80939 3.45337 -0.347851 0.00616066
8.457 6.677 -1.254
8.458 6.657 -1.253
8.461 6.615 -1.249
8.475 6.584 -1.248
8.496 6.557 -1.248
8.477 6.5 -1.242
8.515 6.487 -1.245
8.5 6.434 -1.239
8.469 6.389 -1.232
8.474 6.351 -1.229
8.511 6.337 -1.232
8.505 6.291 -1.228
8.525 6.264 -1.228
8.498 6.204 -1.22
8.51 6.171 -1.219
8.524 6.161 -1.219
8.532 6.126 -1.218
8.51 6.069 -1.211
8.514 6.032 -1.208
8.512 5.991 -1.205
8.519 5.956 -1.203
1.996 16.958 -1.477
2.028 16.777 -1.46
2.047 16.711 -1.453
2.099 16.699 -1.453
2.151 16.688 -1.452
2.199 16.647 -1.449
2.251 16.639 -1.449
2.303 16.635 -1.449
2.35 16.587 -1.445
2.365 16.502 -1.437
2.414 16.475 -1.435
2.47 16.501 -1.439
2.526 16.516 -1.441
2.576 16.499 -1.44
2.623 16.457 -1.437
2.644 16.425 -1.434
2.695 16.411 -1.433
2.741 16.371 -1.43
2.789 16.341 -1.428
2.837 16.316 -1.426
