-3.70617 0.174065 -0.0200331 0.00146291
-3.013 7.305 -1.707
-2.993 7.322 -1.709
-2.973 7.336 -1.711
-2.953 7.355 -1.713
-2.933 7.371 -1.715
-2.924 7.381 -1.716
-2.906 7.405 -1.72
-2.885 7.419 -1.721
-2.864 7.434 -1.722
-2.847 7.461 -1.727
-2.827 7.477 -1.729
-2.804 7.488 -1.729
-2.8 7.514 -1.734
-2.782 7.537 -1.738
-2.765 7.563 -1.742
-2.746 7.584 -1.745
-2.727 7.607 -1.749
-2.711 7.638 -1.754
-2.691 7.657 -1.757
-2.682 7.671 -1.759
-11.66 3.24 -1.796
-11.695 3.289 -1.804
-11.778 3.352 -1.819
-11.919 3.433 -1.844
-12.113 3.529 -1.878
-12.178 3.59 -1.891
-2.267 15.407 -1.713
-2.265 15.565 -1.732
-2.231 15.676 -1.745
-2.205 15.843 -1.764
-2.168 15.944 -1.776
-2.239 19.037 -1.683
-2.235 19.26 -1.704
-2.201 19.499 -1.727
-2.158 19.67 -1.743
-2.099 19.702 -1.746
-2.41 24.801 -1.635
-2.349 24.985 -1.648
-2.288 25.189 -1.662
-2.249 25.196 -1.663
-2.196 25.505 -1.685
-2.167 26.12 -1.73
-2.089 26.179 -1.734
-10.255 22.549 -1.04
-10.228 22.678 -1.046
-10.218 22.847 -1.053
-10.217 23.037 -1.062
-10.193 23.179 -1.068
-10.193 23.379 -1.077
-10.186 23.563 -1.085
-10.221 23.746 -1.095
