35.8997 -4.9002 0.227693 -0.00326714
3.642 14.254 -1.682
3.688 14.248 -1.683
3.677 14.027 -1.655
3.671 13.828 -1.631
3.712 13.807 -1.629
3.731 13.789 -1.628
3.77 13.762 -1.626
3.808 13.733 -1.623
4.243 18.505 -1.665
4.292 18.451 -1.661
4.342 18.405 -1.657
4.381 18.312 -1.649
4.392 18.104 -1.63
4.373 17.902 -1.61
4.171 24.74 -1.647
4.245 24.705 -1.646
4.314 24.644 -1.642
4.343 24.358 -1.622
4.359 24.006 -1.597
4.417 23.9 -1.59
4.488 23.865 -1.588
3.325 35.739 -1.599
3.378 35.696 -1.597
3.483 35.61 -1.593
3.589 35.547 -1.59
3.69 35.433 -1.585
3.795 35.357 -1.582
3.898 35.276 -1.578
3.945 35.19 -1.574
4.046 35.098 -1.57
4.147 35.004 -1.566
4.245 34.892 -1.561
4.327 34.654 -1.55
4.415 34.476 -1.542
7.771 52.919 -0.916
7.789 51.903 -0.895
7.815 50.989 -0.877
7.837 50.085 -0.858
