-1.36717 -0.283942 0.0367449 -0.00152651
-2.036 3.761 -1.685
-2.028 3.773 -1.689
-2.024 3.794 -1.696
-2.016 3.809 -1.699
-2.014 3.819 -1.703
-2.012 3.845 -1.712
-2 3.853 -1.713
-1.99 3.862 -1.714
-1.987 3.887 -1.723
-1.976 3.894 -1.724
-1.973 3.92 -1.733
-1.971 3.932 -1.737
-2.064 4.27 -1.682
-2.055 4.285 -1.686
-2.062 4.319 -1.699
-2.05 4.328 -1.7
-2.043 4.348 -1.706
-2.037 4.372 -1.713
-2.027 4.387 -1.716
-2.017 4.402 -1.72
-2.02 4.425 -1.728
-2.012 4.445 -1.734
-2.072 4.922 -1.698
-2.058 4.932 -1.7
-2.054 4.966 -1.71
-2.04 4.978 -1.712
-2.037 5.014 -1.723
-2.024 5.03 -1.726
-2.027 5.059 -1.736
-2.016 5.078 -1.74
-2.006 5.1 -1.746
-1.993 5.115 -1.749
-2.167 5.268 -1.642
-2.162 5.303 -1.651
-2.151 5.324 -1.656
-2.141 5.349 -1.662
-2.13 5.368 -1.666
-2.133 5.401 -1.676
-2.124 5.428 -1.682
-2.108 5.438 -1.684
-2.102 5.471 -1.692
-2.095 5.504 -1.701
-2.124 6.374 -1.703
-2.115 6.414 -1.712
-2.108 6.428 -1.715
-2.099 6.468 -1.725
-2.091 6.513 -1.736
-2.078 6.543 -1.742
-2.066 6.576 -1.75
-2.055 6.613 -1.759
-2.889 6.299 -1.482
-2.877 6.324 -1.486
-2.863 6.345 -1.489
-2.867 6.407 -1.503
-2.907 6.551 -1.537
