73.7707 -28.1804 -3.3137 1.62609
2.055 11.715 -1.764
2.084 11.66 -1.756
2.104 11.562 -1.741
2.132 11.51 -1.734
2.166 11.492 -1.732
2.199 11.468 -1.729
2.216 11.458 -1.728
2.252 11.455 -1.729
2.284 11.425 -1.725
2.321 11.425 -1.726
2.361 11.437 -1.729
2.401 11.447 -1.732
2.44 11.457 -1.735
2.46 11.461 -1.736
2.493 11.44 -1.734
2.527 11.424 -1.733
2.56 11.405 -1.731
2.594 11.387 -1.729
2.628 11.369 -1.728
2.666 11.372 -1.73
2.679 11.349 -1.726
2.711 11.325 -1.724
2.746 11.313 -1.723
2.781 11.3 -1.723
2.809 11.264 -1.718
2.844 11.254 -1.718
2.861 11.243 -1.717
2.887 11.2 -1.711
2.071 15.36 -1.783
2.09 15.324 -1.779
2.117 15.164 -1.759
2.155 15.094 -1.751
2.202 15.084 -1.75
2.247 15.065 -1.749
2.293 15.044 -1.747
2.342 15.048 -1.749
2.364 15.033 -1.747
2.413 15.039 -1.749
2.458 15.02 -1.747
2.501 14.983 -1.743
2.546 14.963 -1.742
2.587 14.924 -1.738
2.602 14.869 -1.731
8.569 11.4 -1.288
8.59 11.352 -1.286
8.572 11.256 -1.277
8.585 11.2 -1.273
8.577 11.117 -1.265
8.587 11.058 -1.261
8.556 10.982 -1.253
8.574 10.935 -1.25
8.564 10.852 -1.243
8.587 10.811 -1.241
8.573 10.725 -1.233
8.536 20.033 -1.403
8.481 19.731 -1.381
8.475 19.547 -1.369
8.517 19.476 -1.365
8.548 19.463 -1.365
8.543 19.286 -1.353
8.55 19.139 -1.343
17.965 42.595 -1.852
17.907 42.27 -1.838
17.906 41.902 -1.823
17.971 41.693 -1.816
17.967 41.327 -1.801
