2.47135 0.422145 -0.0477378 0.00133733
3.155 1.057 -0.844
3.142 1.042 -0.839
3.134 1.028 -0.836
3.127 1.015 -0.833
3.123 1.002 -0.83
3.109 0.987 -0.825
3.094 0.977 -0.82
3.094 0.966 -0.819
3.077 0.95 -0.813
3.076 0.939 -0.812
3.073 0.928 -0.81
3.038 0.906 -0.799
3.048 0.899 -0.801
3.018 0.885 -0.791
3.631 1.459 -0.717
3.632 1.446 -0.716
3.631 1.433 -0.714
3.596 1.405 -0.705
3.584 1.388 -0.701
3.574 1.371 -0.698
3.549 1.348 -0.691
3.575 1.352 -0.697
3.546 1.328 -0.689
3.526 1.308 -0.684
3.521 1.293 -0.682
3.494 1.271 -0.675
3.515 1.266 -0.678
3.473 1.244 -0.668
3.471 1.231 -0.667
2.144 15.188 -1.762
2.182 15.116 -1.754
2.21 14.976 -1.737
2.249 14.918 -1.73
2.271 14.901 -1.728
2.316 14.888 -1.728
2.358 14.845 -1.723
2.406 14.845 -1.724
2.447 14.805 -1.72
2.493 14.797 -1.72
2.534 14.76 -1.716
2.554 14.736 -1.714
2.597 14.71 -1.711
2.64 14.681 -1.708
8.665 11.679 -1.318
8.632 11.596 -1.309
8.648 11.542 -1.305
8.633 11.447 -1.296
8.64 11.382 -1.291
8.637 11.304 -1.285
8.637 11.231 -1.279
8.647 11.171 -1.274
8.636 11.121 -1.269
8.637 11.05 -1.264
16.407 25.745 -2.048
16.439 25.617 -2.042
16.442 25.533 -2.037
16.485 25.424 -2.032
16.526 25.312 -2.026
16.54 25.162 -2.018
16.594 25.071 -2.014
16.652 24.987 -2.011
16.706 24.898 -2.008
16.732 24.852 -2.006
16.789 24.77 -2.004
16.843 24.681 -2.001
16.899 24.597 -1.998
16.815 45.554 -1.956
16.896 45.336 -1.948
16.911 45.16 -1.941
17.009 44.991 -1.936
17.116 44.847 -1.931
17.216 44.687 -1.926
17.296 44.478 -1.919
17.5 43.977 -1.902
