7.37425 0.527228 -0.099259 0.00566339
2.427 7.722 -1.752
2.448 7.704 -1.749
2.465 7.674 -1.744
2.496 7.686 -1.749
2.514 7.66 -1.744
2.473 7.493 -1.705
2.492 7.472 -1.701
8.162 6.197 -1.183
8.174 6.165 -1.182
8.17 6.122 -1.178
8.181 6.11 -1.178
8.157 6.052 -1.171
8.158 6.014 -1.168
8.153 5.97 -1.164
8.159 5.935 -1.162
8.162 5.898 -1.159
8.171 5.865 -1.157
8.178 5.851 -1.157
8.169 5.806 -1.153
8.179 5.775 -1.151
8.181 5.737 -1.149
8.177 5.696 -1.145
8.173 5.655 -1.141
8.18 5.641 -1.141
8.169 5.595 -1.136
8.17 5.558 -1.134
8.181 5.528 -1.133
8.183 5.493 -1.13
15.189 37.21 -0.638
14.929 36.247 -0.617
14.95 35.979 -0.612
14.969 35.707 -0.607
14.921 35.436 -0.601
14.929 35.146 -0.596
14.947 34.884 -0.591
14.948 34.588 -0.585
