24.8723 -2.05715 -0.53155 0.0563568
5.252 2.946 -1.513
5.221 2.907 -1.501
5.213 2.881 -1.496
5.16 2.83 -1.476
5.186 2.823 -1.481
5.171 2.794 -1.474
5.141 2.767 -1.464
5.15 2.751 -1.464
5.15 2.73 -1.461
4.944 2.004 -1.157
4.907 1.972 -1.146
4.888 1.946 -1.139
4.894 1.931 -1.139
4.822 1.885 -1.119
4.775 1.85 -1.105
4.907 2.005 -0.769
4.884 1.987 -0.764
4.859 1.959 -0.758
4.819 1.926 -0.75
4.805 1.903 -0.746
4.778 1.875 -0.74
4.764 1.852 -0.737
4.727 1.821 -0.729
4.693 1.8 -0.722
4.682 1.779 -0.719
1.879 13.955 -1.602
1.904 13.815 -1.584
1.932 13.699 -1.57
1.972 13.678 -1.568
2.015 13.669 -1.568
2.057 13.659 -1.567
2.099 13.645 -1.566
2.11 13.573 -1.558
2.145 13.521 -1.552
2.187 13.51 -1.551
3.52 23.575 -1.555
3.59 23.534 -1.553
3.621 23.493 -1.55
3.694 23.472 -1.55
3.764 23.438 -1.548
3.829 23.375 -1.544
3.901 23.353 -1.543
3.971 23.323 -1.542
4.036 23.261 -1.538
4.069 23.235 -1.537
4.142 23.221 -1.537
4.207 23.162 -1.533
4.27 23.1 -1.53
4.336 23.051 -1.527
4.396 22.973 -1.522
4.462 22.925 -1.52
4.489 22.873 -1.516
4.544 22.775 -1.51
4.793 22.539 -1.497
15.278 44.671 -0.785
15.29 44.255 -0.777
15.308 43.859 -0.769
15.372 43.601 -0.764
15.495 43.515 -0.763
15.366 42.727 -0.747
15.427 42.686 -0.747
15.315 41.967 -0.732
