-1.67886 -0.0407162 0.00369317 -8.36123e-05
-1.791 3.774 -1.644
-1.789 3.801 -1.654
-1.791 3.821 -1.661
-1.78 3.83 -1.663
-1.779 3.86 -1.675
-1.775 3.883 -1.682
-1.772 3.91 -1.692
-1.769 3.936 -1.702
-1.801 4.276 -1.643
-1.796 4.303 -1.652
-1.794 4.336 -1.663
-1.787 4.359 -1.67
-1.788 4.401 -1.685
-1.78 4.422 -1.691
-1.777 4.435 -1.696
-1.766 4.448 -1.699
-1.799 4.836 -1.637
-1.803 4.87 -1.648
-1.799 4.907 -1.66
-1.796 4.948 -1.673
-1.792 4.986 -1.684
-1.782 5.006 -1.689
-1.769 5.021 -1.692
-1.761 5.023 -1.692
-1.747 5.034 -1.694
-1.83 5.36 -1.632
-1.816 5.375 -1.635
-1.815 5.428 -1.65
-1.806 5.459 -1.658
-1.802 5.503 -1.671
-1.798 5.55 -1.684
-1.832 6.139 -1.618
-1.821 6.172 -1.625
-1.815 6.224 -1.639
-1.81 6.278 -1.652
-1.807 6.343 -1.669
-1.834 7.191 -1.596
-1.83 7.27 -1.613
-1.817 7.317 -1.623
-1.81 7.387 -1.639
-1.809 7.484 -1.66
-1.79 7.505 -1.664
-1.824 8.7 -1.596
-1.812 8.78 -1.611
-1.807 8.896 -1.633
-1.793 8.969 -1.646
-1.768 8.99 -1.649
-1.744 9.02 -1.654
-1.825 10.53 -1.572
-1.83 10.653 -1.591
-1.822 10.811 -1.616
-1.798 10.873 -1.625
-1.862 13.405 -1.532
-1.821 13.42 -1.533
-1.792 13.53 -1.546
-1.799 13.746 -1.574
-1.782 13.962 -1.601
-1.74 13.985 -1.603
-1.696 13.99 -1.603
-1.653 14.004 -1.604
-1.609 14.007 -1.604
-1.565 14.014 -1.604
-23.768 28.097 -1.433
-23.892 28.424 -1.448
-23.988 28.721 -1.461
-23.598 28.344 -1.437
-23.817 28.791 -1.458
-23.752 28.896 -1.46
-23.798 29.14 -1.47
-23.918 29.475 -1.485
-23.858 29.59 -1.487
-26.588 39.361 -0.791
-26.482 39.471 -0.792
-26.397 39.612 -0.793
-26.425 39.79 -0.796
-26.344 39.94 -0.798
-26.212 40.012 -0.798
-25.952 39.888 -0.793
-26.01 40.253 -0.8
-26.275 40.946 -0.815
-26.31 41.142 -0.819
-26.207 41.267 -0.82
-26.294 41.692 -0.828
-26.299 41.993 -0.834
-26.17 42.081 -0.834
-26.07 42.214 -0.835
-26.089 42.545 -0.841
