-7.50138 -1.1059 0.0611459 -0.00073835
-10.98 3.579 -1.709
-10.974 3.615 -1.71
-11.004 3.664 -1.716
-10.973 3.692 -1.713
-10.996 3.738 -1.719
-10.967 3.766 -1.716
-11.028 3.807 -1.727
-11.052 3.854 -1.733
-11.071 3.899 -1.739
-11.089 3.945 -1.744
-11.156 4.008 -1.757
-11.162 4.05 -1.76
-3.548 31.737 -1.4
-3.468 31.931 -1.409
-3.439 32.131 -1.419
-3.358 32.33 -1.428
-3.277 32.539 -1.439
-3.192 32.726 -1.447
-3.103 32.883 -1.455
-4.517 41.968 -0.68
-4.411 42.231 -0.685
-4.301 42.473 -0.69
-4.19 42.715 -0.695
-4.144 42.945 -0.7
-4.031 43.187 -0.704
-3.917 43.444 -0.71
-3.799 43.675 -0.714
-3.681 43.92 -0.719
-3.562 44.167 -0.724
-3.442 44.415 -0.729
-3.391 44.68 -0.734
