31.1285 -7.38873 0.730672 -0.024954
6.623 4.931 -1.474
6.626 4.9 -1.471
6.647 4.884 -1.473
6.658 4.86 -1.471
6.649 4.821 -1.466
6.585 4.743 -1.447
6.588 4.729 -1.446
6.58 4.692 -1.44
6.598 4.674 -1.441
6.613 4.653 -1.441
6.605 4.617 -1.436
6.635 4.607 -1.439
6.655 4.59 -1.441
6.647 4.569 -1.437
6.657 4.545 -1.436
6.666 4.521 -1.435
6.674 4.495 -1.433
6.663 4.458 -1.428
6.694 4.448 -1.432
6.709 4.428 -1.432
6.7 4.406 -1.428
6.72 4.39 -1.43
6.721 4.36 -1.427
6.733 4.338 -1.426
6.737 4.31 -1.424
6.724 4.272 -1.418
6.702 4.243 -1.411
3.566 13.435 -1.579
3.576 13.305 -1.563
3.593 13.204 -1.551
3.609 13.179 -1.548
3.644 13.147 -1.546
3.685 13.133 -1.545
3.71 13.064 -1.538
3.745 13.032 -1.535
3.782 13.007 -1.533
3.795 12.974 -1.53
3.834 12.958 -1.529
3.871 12.933 -1.527
7.956 12.18 -1.318
7.98 12.133 -1.316
8.008 12.093 -1.314
8.038 12.055 -1.312
8.05 11.991 -1.307
8.074 11.946 -1.305
8.078 11.912 -1.302
8.111 11.88 -1.301
8.134 11.833 -1.299
8.175 11.814 -1.299
8.193 11.761 -1.296
8.225 11.728 -1.295
8.261 11.701 -1.295
8.263 11.665 -1.292
8.293 11.63 -1.291
8.322 11.594 -1.289
8.345 11.548 -1.287
8.365 11.499 -1.284
8.411 11.488 -1.286
8.431 11.439 -1.283
8.443 11.417 -1.282
8.486 11.4 -1.283
8.51 11.358 -1.281
8.544 11.329 -1.281
8.572 11.293 -1.28
8.59 11.242 -1.277
8.63 11.222 -1.277
8.638 11.195 -1.276
8.668 11.162 -1.275
8.704 11.136 -1.275
8.733 11.101 -1.274
8.762 11.066 -1.273
8.785 11.024 -1.271
8.816 10.992 -1.27
8.826 10.969 -1.269
8.855 10.935 -1.268
8.891 10.908 -1.269
8.919 10.873 -1.268
8.943 10.833 -1.266
5.493 20.529 -1.365
5.504 20.313 -1.349
5.556 20.252 -1.346
5.59 20.253 -1.347
5.653 20.233 -1.347
5.708 20.184 -1.344
5.748 20.082 -1.338
5.805 20.043 -1.336
5.872 20.038 -1.337
5.899 19.899 -1.328
5.933 19.899 -1.329
6.002 19.903 -1.33
6.064 19.88 -1.33
6.125 19.858 -1.33
6.171 19.785 -1.326
6.242 19.796 -1.328
6.29 19.73 -1.325
6.303 19.665 -1.32
6.339 19.564 -1.314
6.41 19.572 -1.316
6.462 19.524 -1.314
6.5 19.435 -1.309
6.598 26.885 -1.186
6.63 26.652 -1.175
6.705 26.598 -1.174
6.722 26.491 -1.169
6.771 26.336 -1.162
6.82 26.185 -1.155
6.866 26.025 -1.148
6.936 25.957 -1.146
6.902 25.507 -1.123
