7.06294 0.566505 -0.0753782 0.00315508
1.891 9.255 -1.704
1.919 9.243 -1.703
1.937 9.184 -1.693
1.956 9.131 -1.684
1.973 9.071 -1.673
1.997 9.044 -1.669
2.014 9.05 -1.671
2.038 9.027 -1.667
2.063 9.003 -1.664
2.096 9.018 -1.668
2.12 8.992 -1.664
2.146 8.979 -1.663
2.16 8.972 -1.662
2.187 8.962 -1.661
2.216 8.959 -1.662
2.243 8.948 -1.661
2.27 8.935 -1.66
2.297 8.924 -1.66
2.327 8.926 -1.661
2.339 8.915 -1.66
2.364 8.896 -1.658
2.39 8.879 -1.656
2.417 8.868 -1.655
2.443 8.854 -1.654
2.468 8.835 -1.652
8.449 6.714 -1.256
8.46 6.68 -1.255
8.43 6.613 -1.246
8.427 6.568 -1.242
8.445 6.539 -1.241
8.439 6.492 -1.237
8.435 6.447 -1.233
8.436 6.426 -1.231
8.434 6.383 -1.227
8.432 6.34 -1.224
8.45 6.312 -1.223
8.437 6.261 -1.218
8.442 6.224 -1.215
8.445 6.185 -1.213
8.428 6.152 -1.208
8.43 6.113 -1.205
8.421 11.887 -1.32
8.425 11.814 -1.314
8.409 11.713 -1.305
8.393 11.653 -1.299
8.402 11.588 -1.294
8.4 11.51 -1.287
8.401 11.436 -1.281
8.414 11.379 -1.277
8.405 11.292 -1.269
7.935 19.551 -1.353
7.981 19.489 -1.35
8.026 19.423 -1.347
8.066 19.348 -1.343
8.078 19.291 -1.34
8.121 19.223 -1.336
8.158 19.143 -1.332
8.196 19.066 -1.328
8.238 18.998 -1.324
8.275 18.921 -1.32
8.31 18.84 -1.316
8.327 18.797 -1.314
8.35 18.691 -1.307
8.388 18.617 -1.303
1.944 39.839 -1.57
2.043 39.342 -1.549
2.155 39.128 -1.539
2.271 38.993 -1.534
2.39 38.936 -1.531
2.443 38.805 -1.526
2.559 38.711 -1.522
2.68 38.689 -1.521
2.79 38.527 -1.514
