-1.68379 -0.037787 0.0027092 -7.35905e-05
-1.799 3.76 -1.64
-1.801 3.795 -1.654
-1.792 3.808 -1.657
-1.786 3.827 -1.663
-1.791 3.869 -1.68
-1.786 3.89 -1.687
-1.779 3.909 -1.693
-1.773 3.912 -1.693
-1.812 4.247 -1.635
-1.813 4.287 -1.649
-1.808 4.314 -1.657
-1.803 4.338 -1.665
-1.8 4.372 -1.676
-1.802 4.397 -1.686
-1.79 4.406 -1.687
-1.778 4.417 -1.689
-1.851 5.288 -1.613
-1.845 5.323 -1.622
-1.834 5.345 -1.627
-1.837 5.41 -1.647
-1.831 5.449 -1.658
-1.827 5.49 -1.669
-1.821 5.532 -1.681
-1.864 6.072 -1.603
-1.856 6.115 -1.613
-1.849 6.162 -1.625
-1.845 6.217 -1.639
-1.838 6.264 -1.651
-1.833 6.321 -1.665
-1.817 6.34 -1.669
-1.808 6.345 -1.669
-1.869 7.099 -1.577
-1.861 7.157 -1.59
-1.858 7.239 -1.608
-1.852 7.309 -1.623
-1.848 7.388 -1.641
-1.852 7.455 -1.656
-1.868 8.638 -1.587
-1.871 8.72 -1.602
-1.86 8.8 -1.617
-1.853 8.904 -1.636
-1.829 8.931 -1.641
-1.805 8.956 -1.644
-1.779 8.971 -1.646
-1.889 10.412 -1.555
-1.895 10.54 -1.575
-1.89 10.701 -1.6
-1.872 10.795 -1.614
-1.839 10.804 -1.615
-14.775 5.477 -1.735
-14.804 5.54 -1.741
-14.864 5.589 -1.75
-14.896 5.655 -1.757
-14.931 5.722 -1.764
-14.944 5.781 -1.768
-15.005 5.858 -1.778
-15.059 5.934 -1.788
-15.092 6.002 -1.795
-15.057 6.015 -1.791
-2.195 16.857 -1.469
-2.144 16.885 -1.472
-2.099 16.953 -1.478
-2.071 16.945 -1.477
-2.015 16.929 -1.474
-1.964 16.955 -1.476
-1.931 17.135 -1.494
-1.918 17.507 -1.53
-1.883 17.705 -1.549
-1.999 22.429 -1.458
-1.975 22.97 -1.497
-1.911 23.069 -1.504
-1.842 23.121 -1.508
-13.009 31.279 -1.497
-12.935 31.381 -1.501
-12.913 31.468 -1.504
-12.835 31.558 -1.507
-12.752 31.639 -1.509
-12.676 31.736 -1.512
-12.581 31.789 -1.513
-12.469 31.797 -1.511
-12.366 31.828 -1.511
-12.308 31.827 -1.51
-12.239 31.948 -1.514
-12.201 32.148 -1.523
-12.174 32.383 -1.533
-12.133 32.584 -1.542
-12.056 32.691 -1.546
-11.974 32.785 -1.549
-11.927 32.817 -1.55
