5.2119 1.12594 -0.110816 0.00214679
3.541 0.488 -1.277
3.506 0.471 -1.262
3.484 0.446 -1.253
3.478 0.434 -1.25
3.467 0.421 -1.245
3.429 0.406 -1.23
3.447 0.402 -1.236
3.422 0.388 -1.226
3.889 0.872 -0.732
3.865 0.853 -0.726
3.847 0.836 -0.722
3.845 0.829 -0.721
3.834 0.814 -0.718
3.825 0.8 -0.715
3.808 0.784 -0.711
3.805 0.771 -0.71
3.788 0.755 -0.706
3.775 0.74 -0.702
3.78 0.735 -0.703
3.738 0.714 -0.693
3.731 0.7 -0.691
3.747 0.691 -0.694
3.72 0.674 -0.688
3.716 0.661 -0.687
3.703 0.647 -0.683
3.696 0.64 -0.682
1.759 18.148 -1.591
1.787 18.139 -1.59
1.84 18.094 -1.586
1.876 17.886 -1.566
1.926 17.823 -1.561
1.981 17.811 -1.56
2.034 17.775 -1.557
2.089 17.764 -1.557
2.114 17.729 -1.554
2.175 17.77 -1.558
2.228 17.739 -1.556
2.28 17.701 -1.553
2.33 17.656 -1.549
2.385 17.641 -1.548
2.436 17.606 -1.546
2.466 17.616 -1.547
2.518 17.582 -1.544
2.562 17.499 -1.537
1.741 23.859 -1.561
1.807 23.744 -1.553
1.86 23.464 -1.533
1.935 23.462 -1.533
2.003 23.392 -1.529
2.039 23.383 -1.528
2.113 23.376 -1.528
2.179 23.298 -1.523
2.244 23.202 -1.516
2.318 23.204 -1.517
2.386 23.153 -1.514
2.459 23.144 -1.514
2.492 23.108 -1.511
2.562 23.078 -1.51
2.627 23.001 -1.505
1.706 37.402 -1.462
1.8 36.936 -1.441
1.909 36.784 -1.435
1.963 36.707 -1.431
2.068 36.529 -1.424
2.176 36.405 -1.418
2.289 36.38 -1.418
2.394 36.237 -1.412
