-0.83732 -0.374202 0.0437344 -0.00160405
-1.785 3.793 -1.65
-1.783 3.82 -1.66
-1.772 3.827 -1.661
-1.769 3.853 -1.67
-1.771 3.891 -1.685
-1.769 3.92 -1.696
-1.767 3.947 -1.706
-1.763 3.957 -1.709
-1.803 4.301 -1.652
-1.801 4.335 -1.664
-1.793 4.353 -1.669
-1.789 4.384 -1.679
-1.788 4.421 -1.692
-1.79 4.446 -1.701
-1.78 4.463 -1.706
-1.809 4.911 -1.662
-1.804 4.944 -1.672
-1.805 4.996 -1.689
-1.797 5.025 -1.697
-1.79 5.055 -1.706
-1.786 5.071 -1.711
-1.773 5.083 -1.713
-1.834 5.401 -1.644
-1.829 5.441 -1.655
-1.821 5.474 -1.664
-1.824 5.54 -1.684
-1.82 5.585 -1.697
-1.81 5.615 -1.704
-1.859 6.195 -1.634
-1.853 6.245 -1.647
-1.846 6.293 -1.659
-1.843 6.355 -1.675
-1.834 6.399 -1.686
-1.824 6.44 -1.696
-1.875 7.305 -1.624
-1.865 7.36 -1.636
-1.862 7.447 -1.655
-1.856 7.521 -1.671
-1.845 7.579 -1.684
-1.846 7.633 -1.696
-1.878 8.819 -1.621
-1.87 8.917 -1.639
-1.876 9.016 -1.658
-1.862 9.089 -1.672
-1.838 9.118 -1.676
-1.814 9.145 -1.681
-1.781 9.129 -1.676
-1.756 9.156 -1.681
-1.954 10.577 -1.583
-1.932 10.644 -1.593
-1.915 10.741 -1.607
-1.907 10.893 -1.631
-1.915 11.042 -1.654
-1.891 11.11 -1.664
-1.855 11.104 -1.662
-1.821 11.118 -1.664
-11.966 10.058 -1.72
-11.972 10.128 -1.726
-11.965 10.186 -1.73
-11.957 10.244 -1.734
-11.974 10.291 -1.739
-11.972 10.355 -1.744
-11.969 10.418 -1.749
-11.957 10.474 -1.752
-11.958 10.542 -1.758
-11.934 10.587 -1.759
-11.927 10.649 -1.764
-11.952 10.704 -1.771
-2.397 17.545 -1.539
-2.393 17.929 -1.576
-2.347 18.015 -1.584
-2.291 18.024 -1.584
-2.235 18.035 -1.585
-2.185 18.098 -1.59
-2.133 18.146 -1.594
-2.106 18.165 -1.596
