-1.56862 -0.0127889 0.00185801 -5.17876e-05
-1.594 3.917 -1.665
-1.591 3.948 -1.677
-1.582 3.959 -1.68
-1.581 3.995 -1.694
-1.586 4.025 -1.706
-1.586 4.063 -1.721
-1.574 4.071 -1.723
-1.611 4.415 -1.666
-1.608 4.45 -1.678
-1.599 4.471 -1.684
-1.594 4.502 -1.695
-1.599 4.54 -1.709
-1.592 4.565 -1.717
-1.58 4.577 -1.72
-1.614 5.003 -1.67
-1.608 5.039 -1.681
-1.601 5.071 -1.691
-1.598 5.117 -1.705
-1.592 5.157 -1.718
-1.578 5.171 -1.721
-1.574 5.186 -1.725
-1.631 5.534 -1.664
-1.622 5.566 -1.673
-1.61 5.592 -1.679
-1.608 5.652 -1.697
-1.605 5.708 -1.714
-1.59 5.724 -1.717
-1.575 5.738 -1.72
-1.619 6.36 -1.66
-1.621 6.409 -1.673
-1.612 6.457 -1.685
-1.605 6.518 -1.701
-1.598 6.576 -1.716
-1.578 6.584 -1.717
-1.616 7.562 -1.668
-1.609 7.647 -1.687
-1.602 7.73 -1.706
-1.59 7.794 -1.72
-1.568 7.812 -1.723
-1.595 9.169 -1.677
-1.586 9.287 -1.7
-1.572 9.384 -1.718
-1.565 9.431 -1.726
-1.539 9.459 -1.731
-1.602 11.209 -1.673
-1.591 11.386 -1.7
-1.579 11.559 -1.727
-1.544 11.578 -1.73
-1.51 11.597 -1.732
-1.492 11.607 -1.733
-2.21 13.983 -1.611
-2.169 14.009 -1.614
-2.141 14.118 -1.627
-2.088 14.072 -1.62
-2.055 13.994 -1.61
-2.02 14.064 -1.618
-1.986 14.145 -1.628
-1.976 14.41 -1.661
-1.947 14.536 -1.676
-9.875 7.72 -0.804
-9.873 7.768 -0.807
-9.874 7.795 -0.808
-9.878 7.848 -0.811
-9.873 7.895 -0.813
-9.872 7.945 -0.815
-9.87 7.995 -0.818
-9.863 8.041 -0.82
-9.866 8.069 -0.821
-9.87 8.124 -0.824
-9.866 8.173 -0.827
-9.868 8.227 -0.83
-9.863 8.276 -0.832
-9.86 8.326 -0.834
-9.867 8.386 -0.838
-9.875 8.419 -0.84
-9.865 8.464 -0.842
-9.869 8.522 -0.845
-9.872 8.579 -0.848
-9.855 8.619 -0.849
-9.861 8.679 -0.853
-9.862 8.735 -0.856
