2.31192 0.9968 -0.0279626 -0.00520134
4.848 12.699 -1.539
4.842 12.625 -1.53
4.837 12.495 -1.514
4.875 12.476 -1.514
4.903 12.433 -1.51
4.933 12.395 -1.507
4.971 12.376 -1.507
4.997 12.331 -1.502
5.013 12.314 -1.501
5.049 12.293 -1.5
5.083 12.266 -1.499
5.114 12.231 -1.496
5.146 12.201 -1.494
5.181 12.175 -1.493
5.208 12.134 -1.49
5.227 12.125 -1.49
5.259 12.094 -1.487
8.152 12.143 -1.326
8.173 12.052 -1.32
8.2 12.01 -1.318
8.212 11.946 -1.313
8.23 11.893 -1.309
8.198 11.767 -1.297
8.23 11.735 -1.296
8.151 11.545 -1.275
8.151 18.478 -1.287
8.168 18.359 -1.279
8.166 18.201 -1.269
8.185 18.09 -1.262
8.193 17.957 -1.253
8.151 17.79 -1.24
8.184 17.715 -1.237
8.19 17.582 -1.228
15.908 32.464 -1.612
15.985 32.363 -1.609
16.061 32.261 -1.606
16.119 32.125 -1.601
16.201 32.036 -1.599
16.187 31.884 -1.592
16.248 31.757 -1.588
16.319 31.649 -1.584
16.394 31.551 -1.582
16.477 31.47 -1.58
16.558 31.384 -1.578
16.632 31.284 -1.575
16.659 31.218 -1.573
16.721 31.098 -1.569
16.802 31.014 -1.567
16.875 30.917 -1.565
16.963 30.846 -1.564
17.024 30.728 -1.56
