-1.60668 -0.0599283 0.0061358 -0.000165673
-1.758 3.704 -1.611
-1.759 3.738 -1.624
-1.759 3.752 -1.63
-1.752 3.768 -1.634
-1.748 3.792 -1.643
-1.747 3.821 -1.654
-1.745 3.848 -1.664
-1.741 3.872 -1.672
-1.78 4.169 -1.603
-1.779 4.186 -1.608
-1.774 4.212 -1.617
-1.768 4.233 -1.623
-1.762 4.258 -1.631
-1.76 4.291 -1.642
-1.761 4.333 -1.657
-1.793 5.254 -1.597
-1.779 5.269 -1.6
-1.78 5.325 -1.616
-1.776 5.368 -1.629
-1.771 5.41 -1.64
-1.764 5.447 -1.65
-1.799 6.03 -1.587
-1.785 6.054 -1.592
-1.781 6.107 -1.606
-1.774 6.157 -1.618
-1.772 6.22 -1.634
-1.756 6.241 -1.639
-1.749 6.253 -1.641
-1.808 7.002 -1.552
-1.794 7.036 -1.559
-1.786 7.1 -1.573
-1.776 7.153 -1.584
-1.77 7.225 -1.6
-1.769 7.319 -1.621
-1.757 7.32 -1.621
-1.732 7.316 -1.618
-1.711 7.331 -1.621
-1.782 8.438 -1.545
-1.782 8.502 -1.557
-1.773 8.594 -1.574
-1.764 8.688 -1.592
-1.743 8.72 -1.597
-1.789 10.135 -1.509
-1.789 10.228 -1.523
-1.781 10.371 -1.546
-1.765 10.476 -1.562
-1.734 10.493 -1.564
-1.773 16.44 -1.424
-1.751 16.723 -1.451
-1.728 17.021 -1.48
-1.678 17.058 -1.483
-1.651 17.063 -1.484
-1.601 17.099 -1.487
-1.791 21.246 -1.37
-1.767 21.77 -1.408
-1.711 21.929 -1.419
-1.645 21.97 -1.422
-1.576 21.971 -1.422
-20.323 37.915 -0.697
-20.4 38.203 -0.703
-20.632 38.931 -0.719
-20.715 39.387 -0.728
-20.703 39.666 -0.733
-20.652 39.875 -0.737
-20.62 40.121 -0.741
-20.66 40.512 -0.748
-20.607 40.566 -0.749
