-3.46442 0.210394 -0.0445918 0.00111942
-4.016 0.551 -1.591
-4.093 0.575 -1.625
-4.156 0.598 -1.653
-4.158 0.612 -1.654
-4.161 0.619 -1.656
-4.186 0.636 -1.668
-3.578 2.523 -1.544
-3.6 2.556 -1.558
-3.607 2.579 -1.565
-3.609 2.589 -1.568
-3.583 2.587 -1.559
-3.587 2.607 -1.565
-3.592 2.628 -1.571
-3.587 2.642 -1.573
-3.64 2.699 -1.602
-10.414 11.701 -1.724
-10.402 11.761 -1.728
-10.402 11.836 -1.735
-10.345 11.846 -1.732
-10.379 11.961 -1.745
-10.36 12.014 -1.748
-10.351 12.08 -1.754
-10.363 12.132 -1.76
-10.349 12.194 -1.764
-10.322 12.24 -1.766
-10.289 12.278 -1.767
-10.262 12.324 -1.77
-10.256 12.396 -1.776
-12.863 30.33 -0.486
-12.844 30.418 -0.487
-12.799 30.578 -0.49
-12.731 30.686 -0.492
-12.664 30.798 -0.493
-12.602 30.923 -0.495
-12.541 31.054 -0.497
-12.481 31.186 -0.499
-12.464 31.287 -0.501
-12.403 31.419 -0.503
-12.336 31.54 -0.505
-12.272 31.67 -0.507
-12.212 31.811 -0.509
-12.147 31.943 -0.511
-12.131 32.051 -0.513
-12.064 32.179 -0.516
-11.941 32.472 -0.52
-11.867 32.585 -0.522
-11.802 32.727 -0.524
-11.733 32.86 -0.527
-11.715 32.971 -0.529
-11.612 33.009 -0.529
-11.626 33.386 -0.536
