6.2333 0.495246 -0.0176653 -0.0013424
3.139 0.981 -0.833
3.121 0.964 -0.827
3.122 0.953 -0.826
3.094 0.934 -0.816
3.098 0.925 -0.817
3.072 0.906 -0.808
3.069 0.9 -0.807
3.05 0.884 -0.8
3.036 0.87 -0.795
3.039 0.86 -0.795
3.027 0.846 -0.791
3.008 0.83 -0.784
3.001 0.818 -0.781
1.879 7.515 -1.671
1.899 7.494 -1.668
1.913 7.45 -1.659
1.914 7.405 -1.649
1.93 7.373 -1.642
1.956 7.376 -1.645
1.975 7.357 -1.641
1.999 7.351 -1.641
2.02 7.339 -1.64
2.043 7.332 -1.64
2.052 7.318 -1.637
2.073 7.306 -1.636
2.09 7.279 -1.631
2.11 7.261 -1.628
2.136 7.265 -1.631
2.159 7.26 -1.632
2.167 7.246 -1.629
2.188 7.232 -1.627
2.213 7.232 -1.629
2.227 7.199 -1.623
2.251 7.194 -1.623
2.28 7.209 -1.628
2.3 7.193 -1.626
2.319 7.215 -1.632
2.339 7.198 -1.63
2.359 7.184 -1.628
2.38 7.171 -1.627
2.393 7.135 -1.62
2.411 7.115 -1.617
3.606 1.351 -0.703
3.574 1.326 -0.695
3.538 1.299 -0.685
3.523 1.281 -0.681
3.5 1.26 -0.675
3.509 1.257 -0.677
3.475 1.232 -0.668
3.462 1.216 -0.664
3.453 1.2 -0.661
3.434 1.181 -0.656
3.429 1.167 -0.654
3.416 1.151 -0.65
1.858 10.983 -1.644
1.875 10.878 -1.628
1.896 10.796 -1.615
1.908 10.762 -1.61
1.938 10.737 -1.607
1.972 10.729 -1.607
2.004 10.717 -1.606
2.036 10.7 -1.604
2.067 10.679 -1.602
2.101 10.676 -1.603
2.115 10.661 -1.601
2.148 10.65 -1.6
2.182 10.645 -1.6
2.207 10.598 -1.594
1.828 14.076 -1.616
1.867 14.037 -1.612
1.891 13.885 -1.593
1.927 13.826 -1.586
1.947 13.805 -1.584
1.987 13.78 -1.581
2.03 13.773 -1.581
2.071 13.747 -1.579
2.115 13.745 -1.579
2.155 13.722 -1.577
2.174 13.701 -1.575
2.214 13.679 -1.573
2.264 13.709 -1.578
2.304 13.686 -1.576
2.344 13.661 -1.573
2.384 13.64 -1.572
2.418 13.584 -1.565
16.946 10.332 -1.749
16.975 10.276 -1.749
16.989 10.212 -1.747
17.01 10.152 -1.746
17.016 10.083 -1.743
17.027 10.018 -1.74
17.021 9.978 -1.738
17.045 9.92 -1.737
17.052 9.853 -1.734
17.068 9.79 -1.732
17.097 9.736 -1.732
17.132 9.685 -1.733
16.76 9.404 -1.687
1.727 23.674 -1.548
1.792 23.545 -1.539
1.844 23.249 -1.517
1.88 23.24 -1.517
1.946 23.15 -1.511
2.019 23.146 -1.511
2.091 23.14 -1.511
2.156 23.044 -1.504
2.227 23.027 -1.503
2.296 22.98 -1.5
2.327 22.931 -1.497
2.397 22.897 -1.495
8.304 23.855 -1.065
8.298 23.597 -1.052
8.272 23.405 -1.043
8.277 23.187 -1.033
8.292 22.999 -1.024
8.305 22.812 -1.015
