-1.70153 -0.00113483 -4.30482e-05 1.24383e-05
-1.695 3.785 -1.631
-1.693 3.812 -1.641
-1.696 3.835 -1.651
-1.693 3.861 -1.66
-1.687 3.882 -1.667
-1.691 3.926 -1.685
-1.685 3.945 -1.691
-1.715 4.277 -1.631
-1.713 4.292 -1.636
-1.709 4.322 -1.646
-1.708 4.36 -1.659
-1.7 4.38 -1.665
-1.697 4.413 -1.676
-1.692 4.443 -1.686
-1.726 5.359 -1.621
-1.719 5.395 -1.631
-1.718 5.419 -1.638
-1.714 5.467 -1.652
-1.712 5.521 -1.668
-1.702 5.55 -1.675
-1.687 5.563 -1.678
-1.673 5.579 -1.681
-1.722 6.158 -1.614
-1.726 6.207 -1.628
-1.718 6.254 -1.639
-1.715 6.32 -1.656
-1.704 6.357 -1.665
-1.686 6.37 -1.667
-1.669 6.387 -1.671
-1.725 7.189 -1.59
-1.728 7.251 -1.604
-1.719 7.313 -1.617
-1.716 7.404 -1.637
-1.708 7.474 -1.653
-1.687 7.49 -1.655
-1.713 8.646 -1.582
-1.704 8.74 -1.6
-1.692 8.826 -1.615
-1.677 8.899 -1.629
-1.669 8.931 -1.635
-1.731 13.218 -1.506
-1.713 13.243 -1.509
-1.684 13.352 -1.522
-1.668 13.572 -1.55
-1.65 13.79 -1.577
-1.609 13.813 -1.579
-1.69 16.909 -1.469
-1.655 17.102 -1.487
-1.665 17.485 -1.525
-1.615 17.54 -1.53
-1.562 17.567 -1.532
-1.508 17.585 -1.533
-1.679 21.959 -1.421
-1.649 22.485 -1.46
-1.604 22.855 -1.487
-1.532 22.856 -1.487
-1.498 22.888 -1.489
-1.428 22.914 -1.49
