-2.66113 -2.88469 0.165222 -0.00236223
-10.109 4.501 -1.632
-10.124 4.546 -1.637
-10.198 4.617 -1.652
-10.203 4.658 -1.656
-10.205 4.698 -1.659
-10.215 4.722 -1.662
-10.243 4.774 -1.669
-10.273 4.827 -1.677
-10.303 4.88 -1.685
-18.162 9.963 -1.835
-18.18 10.047 -1.84
-18.364 10.223 -1.864
-18.512 10.382 -1.885
-18.506 10.417 -1.886
-32.335 13.934 -2.22
-32.377 14.073 -2.227
-32.419 14.212 -2.233
-32.445 14.345 -2.239
-32.474 14.481 -2.244
-32.488 14.548 -2.247
-32.486 14.67 -2.25
-32.503 14.801 -2.255
-32.578 14.959 -2.264
-32.616 15.1 -2.271
-2.42 33.507 -1.483
-2.355 34.085 -1.512
-2.345 34.722 -1.544
-2.277 35.375 -1.576
-2.191 35.773 -1.596
-17.209 69.703 -1.3
-17.197 70.608 -1.319
-17.322 71.611 -1.34
-17.317 72.589 -1.36
