-353.897 25.0248 0.99371 -0.0728398
1.972 8.73 -1.608
1.994 8.699 -1.603
1.996 8.648 -1.594
2.016 8.609 -1.587
2.04 8.589 -1.585
2.065 8.573 -1.583
2.094 8.576 -1.585
2.12 8.567 -1.584
2.147 8.561 -1.584
2.152 8.523 -1.577
2.182 8.53 -1.58
2.207 8.513 -1.578
2.232 8.501 -1.577
2.26 8.499 -1.578
2.288 8.496 -1.579
2.298 8.481 -1.577
2.323 8.466 -1.575
2.339 8.423 -1.568
2.372 8.438 -1.573
2.395 8.419 -1.57
2.42 8.406 -1.569
2.443 8.385 -1.566
2.443 8.336 -1.557
1.951 13.384 -1.531
1.97 13.365 -1.529
1.992 13.231 -1.512
2.023 13.155 -1.503
2.063 13.14 -1.502
2.102 13.12 -1.5
2.144 13.119 -1.501
2.16 13.089 -1.497
2.201 13.084 -1.498
2.238 13.049 -1.494
2.28 13.048 -1.495
2.319 13.029 -1.493
2.355 12.998 -1.49
2.39 12.96 -1.486
2.414 12.975 -1.489
2.453 12.956 -1.487
2.489 12.925 -1.484
2.527 12.905 -1.483
2.563 12.874 -1.48
1.833 16.954 -1.475
1.884 16.92 -1.472
1.936 16.905 -1.471
1.984 16.861 -1.467
1.992 16.694 -1.451
2.038 16.638 -1.446
2.091 16.635 -1.447
2.138 16.585 -1.442
2.185 16.541 -1.439
2.235 16.52 -1.437
2.287 16.517 -1.438
2.31 16.494 -1.436
2.359 16.463 -1.433
2.41 16.449 -1.433
2.457 16.408 -1.429
2.508 16.4 -1.429
2.558 16.383 -1.428
2.607 16.359 -1.427
2.634 16.36 -1.427
2.681 16.327 -1.425
2.726 16.281 -1.421
2.766 16.209 -1.415
17.063 33.88 -1.484
17.159 33.805 -1.483
17.229 33.682 -1.479
17.315 33.588 -1.477
17.405 33.504 -1.476
17.491 33.413 -1.474
17.537 33.247 -1.468
17.498 33.046 -1.46
17.507 32.813 -1.451
17.51 32.573 -1.441
17.512 32.334 -1.432
