-33.9085 -2.62379 0.157906 0.0227636
-15.107 6.991 -1.844
-15.094 7.043 -1.846
-15.113 7.081 -1.85
-15.102 7.133 -1.851
-15.119 7.2 -1.857
-15.098 7.248 -1.857
-15.125 7.319 -1.864
-15.106 7.369 -1.864
-15.113 7.431 -1.868
-15.112 7.46 -1.87
-15.122 7.524 -1.874
-15.116 7.58 -1.877
-15.122 7.643 -1.881
-15.127 7.705 -1.885
-15.125 7.764 -1.888
-15.127 7.825 -1.892
-15.138 7.861 -1.895
-2.294 18.275 -1.609
-2.262 18.489 -1.629
-2.227 18.684 -1.648
-2.186 18.845 -1.663
-40.418 1.911 -2.582
-40.537 2.045 -2.59
-40.664 2.115 -2.599
-40.758 2.249 -2.606
-40.886 2.385 -2.616
-40.948 2.518 -2.621
-41.058 2.654 -2.629
-41.145 2.789 -2.635
-41.192 2.923 -2.639
-41.095 2.981 -2.633
-17.64 35.87 -1.574
-17.657 36.193 -1.588
-17.682 36.536 -1.602
-17.745 36.814 -1.614
-17.746 37.113 -1.626
-17.178 61.23 -1.128
-17.187 62.014 -1.144
-17.191 62.795 -1.16
-17.16 63.466 -1.173
-17.282 64.318 -1.191
