3.79001 0.410725 -0.0454669 0.00202398
4.894 4.891 -1.757
4.911 4.877 -1.758
4.917 4.852 -1.754
4.915 4.821 -1.748
4.911 4.786 -1.74
4.908 4.768 -1.736
4.908 4.737 -1.73
4.917 4.717 -1.728
4.914 4.684 -1.721
4.91 4.651 -1.715
4.912 4.624 -1.71
4.903 4.586 -1.701
5.031 6.282 -1.741
5.04 6.252 -1.737
5.026 6.216 -1.729
5.035 6.186 -1.725
5.028 6.139 -1.715
5.032 6.103 -1.709
5.036 6.069 -1.704
5.028 6.02 -1.694
5.031 5.987 -1.688
5.167 8.021 -1.723
5.168 7.968 -1.714
5.161 7.902 -1.703
5.172 7.865 -1.698
5.171 7.809 -1.689
5.156 7.76 -1.679
5.16 7.713 -1.672
5.285 10.11 -1.686
5.282 10.067 -1.68
5.29 10.005 -1.672
5.285 9.92 -1.66
5.286 9.846 -1.649
5.287 9.773 -1.639
5.285 9.698 -1.629
5.833 13.294 -1.657
5.865 13.254 -1.654
5.895 13.21 -1.651
5.928 13.172 -1.648
5.957 13.126 -1.644
5.975 13.111 -1.644
6.009 13.078 -1.641
6.044 13.044 -1.639
6.081 13.018 -1.638
6.121 12.995 -1.638
6.156 12.965 -1.636
6.187 12.925 -1.633
6.203 12.908 -1.632
6.245 12.89 -1.633
6.263 12.824 -1.626
6.266 12.729 -1.615
6.365 12.829 -1.632
6.368 12.734 -1.622
6.321 12.542 -1.597
7.219 17.01 -1.615
7.195 16.881 -1.602
7.119 16.556 -1.57
7.149 16.483 -1.565
7.207 16.475 -1.566
7.248 16.428 -1.564
7.286 16.373 -1.56
7.299 16.334 -1.557
18.399 16.462 -1.618
18.427 16.382 -1.616
18.375 16.285 -1.608
18.403 16.207 -1.606
18.384 16.087 -1.599
18.362 15.967 -1.592
18.374 15.876 -1.588
18.383 15.783 -1.584
18.32 15.679 -1.576
18.301 15.563 -1.569
18.329 15.488 -1.567
