2.56059 -0.154729 0.0129593 -0.00030826
1.828 7.618 -1.692
1.854 7.619 -1.693
1.874 7.598 -1.69
1.896 7.585 -1.688
1.906 7.522 -1.674
1.907 7.476 -1.664
1.92 7.43 -1.655
1.939 7.407 -1.65
1.961 7.395 -1.649
1.984 7.389 -1.649
2.006 7.379 -1.648
2.017 7.372 -1.647
2.042 7.375 -1.65
2.061 7.354 -1.646
2.08 7.33 -1.642
1.838 14.156 -1.627
1.881 14.135 -1.624
1.906 13.993 -1.607
1.921 13.941 -1.601
1.964 13.925 -1.599
2.006 13.907 -1.598
2.046 13.875 -1.595
2.087 13.851 -1.592
2.127 13.825 -1.59
2.147 13.812 -1.588
2.191 13.809 -1.589
2.241 13.839 -1.594
2.275 13.779 -1.587
2.318 13.768 -1.586
2.358 13.745 -1.584
2.397 13.714 -1.581
2.422 13.728 -1.584
2.461 13.699 -1.581
2.5 13.666 -1.578
2.542 13.654 -1.577
2.577 13.603 -1.571
8.378 8.561 -1.05
8.343 8.498 -1.043
8.354 8.456 -1.04
8.354 8.403 -1.037
8.369 8.365 -1.035
8.378 8.322 -1.032
8.4 8.292 -1.032
8.393 8.259 -1.029
8.393 8.208 -1.025
8.393 8.156 -1.021
8.383 8.096 -1.016
8.391 8.053 -1.014
8.395 8.006 -1.011
8.423 7.982 -1.011
8.397 7.908 -1.004
8.403 7.889 -1.003
8.389 7.826 -0.997
1.663 23.82 -1.558
1.739 23.831 -1.559
1.81 23.782 -1.556
1.823 23.46 -1.533
1.895 23.437 -1.531
1.964 23.367 -1.527
2.034 23.321 -1.524
2.107 23.313 -1.523
2.159 23.077 -1.507
8.321 21.885 -0.972
8.32 21.676 -0.962
8.323 21.482 -0.953
8.334 21.311 -0.945
8.337 21.121 -0.937
8.323 20.989 -0.93
8.326 20.805 -0.922
17.014 47.302 -0.849
17.054 46.952 -0.842
16.978 46.515 -0.833
16.979 46.068 -0.824
16.992 45.662 -0.817
16.991 45.223 -0.808
16.988 44.79 -0.799
16.999 44.398 -0.792
