55.385 -5.00724 -0.14042 0.0190185
2.004 7.466 -1.668
2.012 7.446 -1.664
2.022 7.391 -1.652
2.033 7.341 -1.641
2.056 7.333 -1.641
2.076 7.317 -1.639
2.096 7.299 -1.636
2.123 7.306 -1.639
2.132 7.297 -1.638
2.153 7.281 -1.636
2.175 7.272 -1.635
2.195 7.258 -1.633
2.213 7.234 -1.629
2.24 7.24 -1.632
2.257 7.216 -1.628
2.269 7.215 -1.629
2.296 7.219 -1.632
2.314 7.198 -1.628
2.332 7.178 -1.625
2.353 7.163 -1.623
2.37 7.139 -1.619
2.378 7.128 -1.618
2.4 7.117 -1.617
2.008 13.923 -1.6
2.049 13.897 -1.597
2.074 13.771 -1.582
2.089 13.722 -1.576
2.129 13.696 -1.573
2.171 13.682 -1.572
2.208 13.639 -1.568
2.244 13.589 -1.562
2.287 13.588 -1.563
2.329 13.573 -1.562
2.351 13.573 -1.563
2.388 13.537 -1.559
2.437 13.566 -1.564
2.473 13.523 -1.559
2.513 13.5 -1.557
2.553 13.478 -1.555
2.592 13.453 -1.553
2.611 13.439 -1.552
2.65 13.415 -1.55
7.781 12.118 -1.303
7.81 12.08 -1.301
7.817 12.05 -1.299
7.853 12.022 -1.299
7.884 11.987 -1.297
7.915 11.952 -1.296
7.947 11.919 -1.295
7.965 11.866 -1.291
7.978 11.845 -1.29
8.014 11.818 -1.29
8.04 11.777 -1.288
8.058 11.724 -1.285
8.096 11.7 -1.285
8.122 11.66 -1.283
8.151 11.623 -1.281
8.179 11.586 -1.28
8.181 11.55 -1.277
8.204 11.505 -1.275
8.243 11.484 -1.275
8.262 11.434 -1.272
8.284 11.389 -1.27
8.304 11.342 -1.267
8.314 11.317 -1.266
8.335 11.272 -1.263
8.374 11.251 -1.264
8.343 11.137 -1.252
8.518 13.072 -1.051
8.517 12.982 -1.045
8.522 12.9 -1.039
8.519 12.852 -1.036
8.534 12.787 -1.032
8.523 12.684 -1.025
8.527 12.605 -1.02
8.535 12.532 -1.015
8.537 12.451 -1.01
8.537 12.368 -1.005
8.519 12.301 -0.999
2.592 32.208 -1.419
2.686 32.122 -1.415
2.784 32.078 -1.413
2.878 31.987 -1.409
2.969 31.879 -1.404
3.066 31.832 -1.402
3.109 31.757 -1.399
3.198 31.642 -1.393
3.261 31.282 -1.376
3.36 31.275 -1.376
3.464 31.318 -1.379
3.562 31.307 -1.379
3.608 31.272 -1.377
3.687 31.098 -1.369
3.788 31.11 -1.37
3.874 31.003 -1.365
3.946 30.796 -1.355
4.049 30.831 -1.358
4.145 30.806 -1.357
4.174 30.659 -1.35
