-16.0136 3.21305 -0.239184 0.00580182
-1.992 10.164 -1.519
-1.974 10.24 -1.531
-1.954 10.308 -1.541
-1.939 10.407 -1.556
-1.917 10.473 -1.566
-1.896 10.542 -1.576
-1.881 10.556 -1.577
-1.988 13.098 -1.495
-1.964 13.224 -1.511
-1.939 13.348 -1.526
-1.915 13.479 -1.542
-1.888 13.599 -1.557
-1.847 13.619 -1.559
-10.361 19.599 -1.432
-10.314 19.66 -1.435
-10.26 19.708 -1.436
-10.203 19.749 -1.437
-10.154 19.806 -1.439
-10.104 19.862 -1.441
-10.075 19.882 -1.441
-10.023 19.935 -1.443
-9.963 19.971 -1.443
-9.905 20.011 -1.444
-9.857 20.073 -1.446
-9.8 20.116 -1.447
-9.74 20.154 -1.448
-9.72 20.193 -1.45
-9.678 20.27 -1.454
-9.621 20.313 -1.455
-9.56 20.35 -1.455
-9.513 20.416 -1.458
-9.451 20.45 -1.459
-9.398 20.505 -1.461
-9.381 20.552 -1.463
-9.331 20.614 -1.466
-9.284 20.683 -1.469
-9.226 20.729 -1.471
-9.173 20.783 -1.473
-9.108 20.814 -1.473
-9.041 20.839 -1.472
-9.013 20.864 -1.473
-8.956 20.912 -1.475
-8.894 20.949 -1.476
-8.846 21.019 -1.479
-8.803 21.102 -1.484
-16.563 49.341 -0.886
-16.553 49.829 -0.896
-16.548 50.342 -0.906
-16.612 50.809 -0.916
-16.613 51.358 -0.927
-16.594 51.856 -0.937
