-2.55659 0.101577 -0.00767566 0.000134254
-3.995 0.919 -1.611
-4.03 0.934 -1.626
-4.061 0.954 -1.641
-4.106 0.979 -1.662
-4.108 0.993 -1.665
-4.408 0.856 -1.586
-4.468 0.883 -1.61
-4.505 0.905 -1.626
-4.539 0.927 -1.64
-4.587 0.952 -1.66
-2.14 5.368 -1.667
-2.135 5.407 -1.678
-2.129 5.44 -1.687
-2.124 5.477 -1.697
-2.112 5.498 -1.701
-2.107 5.536 -1.712
-2.093 5.55 -1.714
-2.09 5.57 -1.72
-9.144 0.595 -1.65
-9.157 0.611 -1.652
-9.163 0.64 -1.654
-9.175 0.67 -1.657
-9.176 0.699 -1.657
-9.178 0.728 -1.658
-9.18 0.757 -1.659
-9.189 0.787 -1.661
-9.19 0.801 -1.661
-9.175 0.829 -1.659
-9.186 0.859 -1.662
-9.192 0.889 -1.663
-9.204 0.919 -1.666
-9.225 0.95 -1.671
-9.245 0.982 -1.676
-9.318 1.004 -1.69
-9.33 1.035 -1.693
-9.362 1.068 -1.7
-10.129 24.163 -1.729
-10.076 24.25 -1.734
-10.023 24.339 -1.738
-9.967 24.42 -1.742
-9.925 24.536 -1.749
-9.869 24.619 -1.753
-9.818 24.718 -1.759
-9.803 24.793 -1.763
-9.749 24.883 -1.768
-9.694 24.975 -1.773
-9.644 25.08 -1.779
-9.584 25.158 -1.783
-16.481 37.768 -1.629
-16.438 37.83 -1.631
-16.319 37.882 -1.631
-16.214 37.966 -1.633
-16.11 38.054 -1.634
-16.005 38.139 -1.636
-15.906 38.239 -1.638
-15.811 38.35 -1.641
-15.774 38.432 -1.644
-15.673 38.531 -1.647
-15.568 38.619 -1.648
-15.469 38.724 -1.651
-15.361 38.807 -1.653
-15.25 38.885 -1.654
-15.194 38.92 -1.655
-15.083 38.998 -1.656
-14.96 39.045 -1.656
-14.848 39.12 -1.657
-14.725 39.166 -1.657
-14.611 39.236 -1.659
-14.498 39.31 -1.66
-14.454 39.38 -1.662
-14.342 39.459 -1.664
-14.22 39.509 -1.664
-14.099 39.561 -1.664
-13.932 39.487 -1.659
-13.796 39.495 -1.657
-13.673 39.541 -1.657
-13.624 39.601 -1.659
-13.516 39.692 -1.661
-13.389 39.727 -1.661
-13.263 39.767 -1.661
-13.147 39.835 -1.662
-12.848 39.981 -1.664
-12.711 39.987 -1.663
-12.593 40.049 -1.664
-12.49 40.163 -1.667
-12.452 40.489 -1.68
-17.028 40.526 -0.717
-17.017 40.858 -0.723
-17.006 41.196 -0.729
-16.991 41.531 -0.736
-16.986 41.893 -0.743
-17.034 42.202 -0.749
-17.038 42.597 -0.757
-17.032 42.976 -0.764
-17.031 43.37 -0.772
