-1.65395 -0.0586301 0.00617038 -0.000203508
-1.791 3.745 -1.633
-1.791 3.774 -1.644
-1.794 3.813 -1.659
-1.791 3.839 -1.668
-1.788 3.863 -1.677
-1.79 3.884 -1.685
-1.779 3.893 -1.687
-1.813 4.21 -1.622
-1.812 4.247 -1.635
-1.805 4.268 -1.641
-1.803 4.301 -1.652
-1.812 4.341 -1.667
-1.802 4.357 -1.672
-1.795 4.378 -1.678
-1.782 4.387 -1.679
-1.841 5.259 -1.603
-1.836 5.298 -1.614
-1.834 5.345 -1.627
-1.827 5.381 -1.637
-1.824 5.427 -1.65
-1.828 5.466 -1.662
-1.842 6.069 -1.6
-1.839 6.128 -1.616
-1.832 6.173 -1.627
-1.836 6.222 -1.64
-1.831 6.278 -1.654
-1.815 6.296 -1.657
-1.796 6.304 -1.658
-1.837 7.16 -1.589
-1.841 7.219 -1.603
-1.841 7.315 -1.624
-1.833 7.38 -1.638
-1.816 7.412 -1.645
-1.796 7.427 -1.647
-1.858 8.532 -1.566
-1.844 8.597 -1.578
-1.839 8.704 -1.598
-1.829 8.791 -1.614
-1.812 8.85 -1.625
-1.806 8.892 -1.632
-1.877 10.254 -1.53
-1.866 10.376 -1.549
-1.855 10.503 -1.568
-1.845 10.639 -1.589
-1.818 10.687 -1.596
-1.805 10.712 -1.6
-1.772 10.721 -1.6
-1.738 10.721 -1.599
-1.839 13.236 -1.51
-1.824 13.444 -1.536
-1.808 13.652 -1.562
-1.768 13.676 -1.564
-1.726 13.691 -1.566
-1.706 13.705 -1.567
-1.663 13.717 -1.568
-1.878 16.673 -1.448
-1.871 16.846 -1.465
-1.852 17.166 -1.496
-1.819 17.37 -1.515
-1.768 17.403 -1.518
-1.712 17.401 -1.517
-1.657 17.404 -1.517
-1.604 17.421 -1.518
-1.924 21.597 -1.396
-1.87 21.764 -1.408
-1.843 22.26 -1.445
-1.819 22.398 -1.455
-24.353 29.439 -1.496
-24.363 29.641 -1.503
-24.374 29.846 -1.51
-24.435 30.113 -1.521
-24.567 30.471 -1.537
-24.58 30.684 -1.545
-24.575 30.877 -1.552
-25.992 44.398 -0.874
-26.386 45.562 -0.899
-26.313 45.767 -0.902
-26.26 46.01 -0.906
-26.299 46.416 -0.914
-26.186 46.557 -0.915
-26.041 46.641 -0.915
-25.967 46.854 -0.918
-26.037 47.155 -0.924
