-1.59064 -0.0313991 0.00243422 -0.000109622
-1.692 3.877 -1.666
-1.683 3.889 -1.669
-1.691 3.926 -1.685
-1.685 3.945 -1.691
-1.687 3.986 -1.707
-1.68 4.005 -1.713
-1.671 4.018 -1.717
-1.714 4.354 -1.658
-1.704 4.37 -1.662
-1.71 4.406 -1.676
-1.711 4.451 -1.692
-1.703 4.472 -1.699
-1.701 4.509 -1.711
-1.729 4.93 -1.659
-1.721 4.959 -1.667
-1.715 4.991 -1.677
-1.715 5.017 -1.685
-1.715 5.071 -1.703
-1.706 5.098 -1.711
-1.696 5.12 -1.716
-1.747 5.48 -1.659
-1.741 5.52 -1.67
-1.733 5.555 -1.679
-1.729 5.606 -1.694
-1.73 5.638 -1.704
-1.72 5.669 -1.712
-1.701 5.672 -1.711
-1.769 6.247 -1.641
-1.76 6.29 -1.652
-1.751 6.336 -1.663
-1.746 6.394 -1.678
-1.74 6.45 -1.692
-1.747 6.516 -1.71
-1.762 7.443 -1.649
-1.76 7.536 -1.669
-1.755 7.623 -1.689
-1.759 7.694 -1.705
-1.738 7.713 -1.708
-1.719 7.741 -1.714
-1.789 9.019 -1.656
-1.782 9.135 -1.677
-1.773 9.244 -1.698
-1.756 9.308 -1.709
-1.729 9.329 -1.712
-1.701 9.338 -1.713
-1.867 10.866 -1.625
-1.837 10.899 -1.63
-1.819 11.002 -1.646
-1.827 11.157 -1.67
-1.816 11.305 -1.693
-1.784 11.334 -1.697
-1.752 11.367 -1.701
-1.874 14.843 -1.637
-1.85 15.028 -1.66
-1.841 15.347 -1.698
-1.802 15.432 -1.708
-1.755 15.449 -1.71
-1.732 15.466 -1.711
-1.933 18.441 -1.621
-1.919 18.582 -1.635
-1.904 19.016 -1.677
-1.861 19.192 -1.694
-24.12 22.445 -1.451
-24.103 22.571 -1.454
-24.035 22.649 -1.455
-24.153 22.903 -1.468
-24.169 22.991 -1.471
-24.144 23.112 -1.475
-24.1 23.215 -1.477
-24.064 23.327 -1.479
-24.028 23.439 -1.482
-23.991 23.551 -1.484
-23.956 23.664 -1.487
-23.944 23.727 -1.489
-23.915 23.847 -1.492
-23.878 23.96 -1.495
-23.842 24.075 -1.498
-23.797 24.181 -1.5
-23.757 24.292 -1.502
-23.696 24.383 -1.504
-23.666 24.428 -1.504
-23.567 24.48 -1.503
-23.486 24.549 -1.502
-23.395 24.608 -1.501
-24.336 22.684 -0.492
-24.562 23.04 -0.501
-24.534 23.159 -0.502
-24.486 23.26 -0.503
-24.458 23.379 -0.504
-24.409 23.48 -0.505
-24.392 23.612 -0.507
-24.388 23.682 -0.508
-24.366 23.81 -0.509
-24.319 23.913 -0.51
-24.395 24.14 -0.515
-24.404 24.302 -0.517
-24.342 24.392 -0.517
-24.335 24.462 -0.518
-24.294 24.575 -0.519
-24.213 24.647 -0.519
-24.181 24.77 -0.521
-24.132 24.876 -0.522
-24.067 24.965 -0.522
-24.025 25.079 -0.523
-23.969 25.178 -0.524
-23.974 25.263 -0.525
-23.94 25.387 -0.527
-23.9 25.504 -0.528
-23.856 25.619 -0.529
-23.826 25.748 -0.53
-23.791 25.872 -0.532
-23.738 25.978 -0.533
-23.745 26.069 -0.534
-23.678 26.159 -0.535
-23.57 26.205 -0.534
-23.427 26.211 -0.532
-23.358 26.299 -0.532
-23.348 26.455 -0.535
-23.288 26.555 -0.536
-23.286 26.637 -0.537
-23.258 26.775 -0.539
-23.215 26.895 -0.54
-23.17 27.015 -0.541
-23.136 27.147 -0.543
