8.0434 0.174462 -0.0181985 0.000619874
2.966 1.412 -0.832
2.954 1.394 -0.827
2.93 1.371 -0.818
2.955 1.372 -0.824
2.897 1.333 -0.804
2.857 1.309 -0.791
2.834 1.287 -0.782
2.837 1.212 -0.564
2.815 1.193 -0.558
2.801 1.177 -0.554
2.794 1.164 -0.551
2.79 1.152 -0.549
2.774 1.135 -0.545
2.754 1.117 -0.539
2.748 1.11 -0.537
2.732 1.093 -0.532
2.719 1.079 -0.528
2.711 1.066 -0.526
2.698 1.051 -0.522
2.683 1.036 -0.518
2.677 1.024 -0.515
2.649 1.009 -0.508
3.151 1.587 -0.527
3.131 1.565 -0.522
3.124 1.549 -0.52
3.097 1.524 -0.513
3.089 1.508 -0.511
3.074 1.489 -0.507
3.056 1.469 -0.502
3.024 1.448 -0.495
3.02 1.434 -0.493
2.999 1.413 -0.488
2.982 1.394 -0.484
2.956 1.371 -0.477
8.575 8.206 -1.319
8.577 8.158 -1.315
8.57 8.099 -1.309
8.558 8.037 -1.302
8.578 8.006 -1.302
8.535 7.916 -1.29
8.588 7.915 -1.294
8.562 7.866 -1.288
8.537 7.794 -1.279
8.541 7.748 -1.276
8.565 7.722 -1.276
8.564 7.672 -1.271
8.569 7.628 -1.268
8.603 11.444 -1.294
8.61 11.379 -1.289
8.605 11.299 -1.282
8.604 11.224 -1.276
8.602 11.15 -1.27
8.586 11.092 -1.264
8.596 11.034 -1.26
8.602 10.971 -1.255
8.58 10.872 -1.245
8.572 10.792 -1.238
8.614 12.995 -1.05
8.618 12.913 -1.044
8.604 12.848 -1.039
8.612 12.773 -1.035
8.587 12.65 -1.026
8.593 12.574 -1.021
8.595 12.493 -1.015
8.599 12.415 -1.01
8.59 12.361 -1.006
8.592 12.281 -1.001
8.598 12.209 -0.997
