28.3407 -5.19804 0.298318 -0.00458793
8.6 15.497 -1.541
8.606 15.393 -1.532
8.634 15.33 -1.528
8.582 15.181 -1.513
8.633 15.159 -1.513
8.619 15.025 -1.501
8.678 15.018 -1.504
8.705 14.957 -1.5
8.71 14.857 -1.491
8.694 14.776 -1.484
16.666 33.347 -1.668
16.661 33.207 -1.662
16.712 33.049 -1.656
16.762 32.892 -1.65
16.813 32.736 -1.644
16.883 32.619 -1.641
16.954 32.505 -1.637
17.024 32.392 -1.634
17.051 32.319 -1.631
17.122 32.209 -1.628
17.185 32.083 -1.624
17.255 31.972 -1.621
17.323 31.858 -1.617
18.384 45.635 -0.827
18.388 45.235 -0.819
18.399 44.857 -0.812
18.406 44.477 -0.804
18.405 44.083 -0.797
18.338 43.728 -0.789
18.341 43.354 -0.782
18.343 42.983 -0.775
