-2.06048 3.44211 -0.368843 0.0131417
5.081 1.461 -1.145
5.072 1.441 -1.142
5.035 1.414 -1.132
5.023 1.393 -1.127
4.993 1.368 -1.119
4.968 1.345 -1.111
4.94 1.329 -1.104
4.915 1.306 -1.097
4.893 1.284 -1.09
5.403 1.481 -1.026
5.277 1.429 -0.998
5.236 1.401 -0.989
5.128 1.364 -0.965
2.514 10.643 -1.611
2.528 10.626 -1.609
2.554 10.589 -1.604
2.575 10.529 -1.596
2.609 10.524 -1.597
2.636 10.489 -1.592
2.666 10.47 -1.59
2.696 10.452 -1.589
2.704 10.415 -1.583
2.733 10.393 -1.581
2.763 10.373 -1.579
2.789 10.339 -1.575
2.816 10.309 -1.572
2.839 10.268 -1.566
2.863 10.229 -1.561
2.873 10.201 -1.558
8.585 8.216 -1.321
8.576 8.182 -1.317
8.6 8.154 -1.317
8.61 8.112 -1.314
8.609 8.06 -1.309
8.603 8.003 -1.304
8.61 7.96 -1.301
8.61 7.91 -1.296
8.607 7.882 -1.293
8.593 7.82 -1.287
8.594 7.772 -1.283
8.592 7.721 -1.278
8.594 7.675 -1.274
8.591 7.624 -1.27
8.63 10.257 -1.199
8.628 10.222 -1.196
8.616 10.143 -1.189
8.63 10.095 -1.186
8.63 10.032 -1.181
8.662 10.005 -1.181
8.637 9.913 -1.172
8.635 9.88 -1.169
8.616 9.796 -1.161
8.624 9.744 -1.158
8.624 9.683 -1.153
8.628 9.626 -1.149
8.621 9.557 -1.143
8.745 24.873 -1.12
8.705 24.635 -1.108
8.698 24.371 -1.096
8.697 24.127 -1.084
8.705 23.912 -1.074
8.716 23.71 -1.065
