-0.637399 -0.411166 0.052068 -0.001938
-1.594 3.847 -1.638
-1.591 3.876 -1.649
-1.587 3.901 -1.658
-1.582 3.924 -1.666
-1.586 3.97 -1.685
-1.583 3.981 -1.689
-1.606 4.315 -1.63
-1.6 4.343 -1.639
-1.598 4.38 -1.652
-1.593 4.41 -1.662
-1.596 4.438 -1.672
-1.585 4.454 -1.676
-1.574 4.466 -1.679
-1.563 4.48 -1.683
-1.622 5.351 -1.609
-1.616 5.393 -1.621
-1.615 5.421 -1.629
-1.609 5.462 -1.641
-1.605 5.511 -1.655
-1.6 5.557 -1.668
-1.62 6.124 -1.598
-1.609 6.161 -1.607
-1.612 6.212 -1.621
-1.607 6.273 -1.636
-1.603 6.338 -1.653
-1.589 6.367 -1.66
-1.602 7.224 -1.591
-1.605 7.289 -1.606
-1.601 7.382 -1.627
-1.592 7.449 -1.641
-1.572 7.473 -1.646
-1.551 7.49 -1.649
-1.604 8.591 -1.568
-1.592 8.675 -1.583
-1.58 8.761 -1.599
-1.571 8.871 -1.62
-1.551 8.918 -1.628
-1.525 8.934 -1.63
-1.512 8.943 -1.631
-1.593 10.458 -1.555
-1.581 10.599 -1.577
-1.57 10.753 -1.6
-1.544 10.812 -1.609
-1.513 10.835 -1.612
-1.479 10.843 -1.613
-1.464 10.857 -1.614
-1.527 13.475 -1.535
-1.527 13.67 -1.56
-1.51 13.912 -1.59
-1.47 13.954 -1.595
-1.627 17.085 -1.486
-1.575 17.108 -1.487
-1.525 17.162 -1.492
-1.495 17.443 -1.519
-1.468 17.769 -1.551
-1.414 17.797 -1.553
-1.387 17.813 -1.555
-11.927 14.676 -1.192
-11.957 14.807 -1.201
-12.041 15.007 -1.216
-11.952 14.992 -1.211
-11.933 15.065 -1.215
-12.125 15.407 -1.243
-12.194 15.594 -1.257
-36.664 3.005 -1.643
-36.814 3.075 -1.651
-37.079 3.214 -1.665
-37.129 3.336 -1.668
-37.207 3.461 -1.673
-37.505 3.607 -1.688
-37.682 3.744 -1.698
