-62.5548 21.0764 -1.9853 0.0575715
2.791 1.252 -0.766
2.793 1.242 -0.766
2.779 1.23 -0.761
2.757 1.21 -0.752
2.745 1.194 -0.747
2.74 1.182 -0.745
2.733 1.168 -0.741
2.71 1.148 -0.733
2.712 1.139 -0.732
2.696 1.127 -0.727
2.685 1.113 -0.722
2.682 1.101 -0.72
2.671 1.087 -0.716
2.667 1.076 -0.713
3.426 1.892 -0.717
3.416 1.873 -0.713
3.407 1.854 -0.709
3.365 1.816 -0.697
3.364 1.809 -0.696
3.325 1.775 -0.685
3.343 1.771 -0.688
3.322 1.746 -0.682
3.331 1.738 -0.683
3.302 1.709 -0.675
3.306 1.698 -0.674
3.263 1.669 -0.663
1.963 16.907 -1.472
1.973 16.76 -1.457
2.006 16.592 -1.441
2.053 16.544 -1.437
2.103 16.519 -1.435
2.153 16.503 -1.434
2.205 16.496 -1.434
2.253 16.461 -1.432
2.281 16.468 -1.433
2.323 16.393 -1.426
2.363 16.305 -1.418
1.858 21.682 -1.402
1.925 21.655 -1.401
1.987 21.583 -1.396
2.031 21.332 -1.378
2.097 21.306 -1.376
2.161 21.272 -1.374
2.223 21.223 -1.371
2.253 21.19 -1.369
2.303 21.024 -1.357
2.373 21.056 -1.36
2.434 21.005 -1.357
2.498 20.976 -1.355
2.562 20.954 -1.354
2.627 20.938 -1.354
2.651 20.868 -1.349
