-14.8685 6.21868 -0.864737 0.0263783
-2.512 3.335 -1.643
-2.522 3.359 -1.654
-2.532 3.394 -1.668
-2.547 3.438 -1.686
-2.554 3.469 -1.699
-2.565 3.509 -1.715
-17.562 10.778 -1.824
-17.572 10.822 -1.827
-17.557 10.889 -1.829
-17.543 10.956 -1.831
-17.532 11.026 -1.834
-17.523 11.097 -1.837
-17.518 11.172 -1.841
-17.506 11.242 -1.843
-17.5 11.277 -1.845
-17.538 11.379 -1.853
-17.604 11.5 -1.865
-17.641 11.604 -1.874
-17.621 11.67 -1.876
-30.347 14.867 -2.123
-30.361 14.992 -2.128
-30.409 15.076 -2.133
-30.408 15.194 -2.137
-30.426 15.323 -2.142
-30.404 15.432 -2.144
-30.398 15.549 -2.147
-30.443 15.693 -2.154
-30.583 15.887 -2.169
-30.613 15.964 -2.173
-2.603 33.818 -1.499
-2.559 34.655 -1.541
-2.491 35.233 -1.57
-20.474 50.739 -0.942
-20.495 51.256 -0.952
-20.5 51.738 -0.962
-20.632 52.312 -0.974
-20.666 52.885 -0.985
-20.678 53.412 -0.996
