19.5987 -4.8559 0.47378 -0.0235897
2.759 7.772 -1.184
2.78 7.752 -1.182
2.787 7.695 -1.174
2.801 7.659 -1.17
2.818 7.629 -1.166
2.821 7.603 -1.162
2.842 7.585 -1.161
2.858 7.555 -1.157
2.875 7.53 -1.154
2.893 7.506 -1.152
2.911 7.48 -1.149
2.919 7.468 -1.148
2.939 7.45 -1.146
2.956 7.424 -1.144
2.977 7.407 -1.142
2.996 7.389 -1.141
3.012 7.361 -1.138
3.034 7.35 -1.137
3.041 7.332 -1.135
3.058 7.31 -1.133
1.855 13.782 -1.579
1.893 13.735 -1.574
1.895 13.596 -1.556
1.932 13.549 -1.551
1.973 13.535 -1.55
2.015 13.523 -1.549
2.053 13.491 -1.546
2.094 13.475 -1.545
2.136 13.464 -1.544
2.154 13.441 -1.542
2.196 13.434 -1.542
2.234 13.4 -1.538
2.275 13.391 -1.538
2.322 13.409 -1.541
2.359 13.373 -1.537
2.397 13.346 -1.535
2.41 13.295 -1.529
2.452 13.289 -1.529
2.501 13.32 -1.534
2.535 13.274 -1.529
2.565 13.207 -1.521
2.602 13.174 -1.518
1.864 17.505 -1.529
1.897 17.289 -1.508
1.915 17.205 -1.5
1.968 17.191 -1.499
2.023 17.193 -1.5
2.072 17.145 -1.496
2.121 17.097 -1.492
2.173 17.078 -1.491
2.216 16.99 -1.483
2.241 16.975 -1.482
2.292 16.948 -1.48
2.346 16.945 -1.48
2.392 16.89 -1.475
1.873 22.702 -1.477
1.939 22.638 -1.473
1.99 22.396 -1.455
2.042 22.197 -1.441
2.102 22.085 -1.433
2.172 22.082 -1.434
2.237 22.028 -1.43
2.271 22.02 -1.43
2.324 21.86 -1.419
8.356 58.152 -1.027
8.399 57.18 -1.007
8.416 56.067 -0.984
8.427 54.971 -0.961
