4.64244 0.0222364 0.00670258 -0.000433398
4.771 3.624 -1.733
4.768 3.598 -1.727
4.766 3.573 -1.722
4.766 3.55 -1.718
4.767 3.527 -1.714
4.772 3.507 -1.711
4.773 3.496 -1.71
4.764 3.467 -1.702
4.76 3.442 -1.697
4.768 3.424 -1.695
4.756 3.393 -1.687
4.779 3.387 -1.691
4.778 3.364 -1.687
4.746 3.33 -1.673
4.815 4.752 -1.715
4.825 4.731 -1.713
4.827 4.704 -1.708
4.817 4.679 -1.701
4.815 4.647 -1.695
4.821 4.624 -1.692
4.823 4.597 -1.687
4.826 4.571 -1.683
4.827 4.543 -1.678
4.82 4.522 -1.673
4.818 4.492 -1.667
4.824 4.469 -1.664
4.895 6.111 -1.691
4.903 6.082 -1.687
4.89 6.046 -1.678
4.895 6.013 -1.673
4.888 5.966 -1.664
4.893 5.934 -1.659
4.904 5.91 -1.656
4.898 5.865 -1.647
4.887 5.813 -1.636
4.962 7.837 -1.671
4.974 7.801 -1.667
4.965 7.76 -1.659
4.97 7.713 -1.652
4.97 7.661 -1.644
4.969 7.606 -1.635
4.972 7.559 -1.627
4.974 7.511 -1.62
5.033 9.776 -1.621
5.05 9.733 -1.616
5.051 9.661 -1.606
5.033 9.589 -1.594
5.03 9.51 -1.583
5.038 9.454 -1.576
5.034 9.374 -1.564
17.679 14.56 -1.486
17.668 14.505 -1.483
17.703 14.44 -1.482
17.701 14.347 -1.478
17.687 14.243 -1.472
17.676 14.143 -1.467
17.713 14.081 -1.466
17.732 14.006 -1.464
17.689 13.927 -1.458
17.644 13.801 -1.449
17.627 13.699 -1.444
17.626 13.609 -1.44
17.653 13.542 -1.438
17.618 13.427 -1.431
22.814 59.281 -1.127
22.841 58.8 -1.118
22.916 58.448 -1.111
22.969 58.047 -1.104
23.05 57.722 -1.098
23.206 57.586 -1.097
23.188 57.283 -1.091
23.298 57.038 -1.087
23.293 56.519 -1.077
23.382 56.233 -1.072
