45.1527 -7.46168 0.384278 -0.00609236
5.045 1.881 -1.168
5.012 1.851 -1.159
4.99 1.825 -1.152
4.952 1.794 -1.14
4.917 1.764 -1.13
4.863 1.736 -1.116
5.153 1.969 -1.008
5.13 1.942 -1.002
5.107 1.924 -0.996
5.001 1.867 -0.972
4.992 1.846 -0.968
4.985 1.825 -0.966
4.935 1.79 -0.954
5.305 2.146 -0.84
5.264 2.111 -0.831
5.23 2.078 -0.824
5.22 2.055 -0.821
5.179 2.021 -0.812
5.157 1.994 -0.807
5.141 1.969 -0.803
5.106 1.947 -0.796
5.077 1.917 -0.79
5.057 1.892 -0.785
8.461 6.488 -1.239
8.456 6.442 -1.235
8.466 6.407 -1.233
8.465 6.365 -1.229
8.474 6.33 -1.227
8.457 6.297 -1.223
8.45 6.25 -1.218
8.455 6.213 -1.216
8.45 6.168 -1.212
8.441 6.121 -1.207
8.46 6.094 -1.207
8.465 6.057 -1.205
8.458 6.032 -1.202
8.472 6.002 -1.201
8.457 5.952 -1.196
8.451 5.908 -1.192
8.467 5.879 -1.191
8.461 5.836 -1.187
8.385 13.602 -1.081
8.392 13.518 -1.075
8.396 13.431 -1.07
8.406 13.354 -1.065
8.409 13.265 -1.059
8.406 13.17 -1.052
8.4 13.115 -1.048
8.421 13.057 -1.045
8.395 12.928 -1.036
8.408 12.86 -1.032
8.405 12.767 -1.025
1.855 30.92 -1.352
1.88 30.535 -1.333
1.969 30.419 -1.327
2.06 30.343 -1.324
2.152 30.29 -1.321
2.226 29.999 -1.307
2.327 30.073 -1.311
2.42 30.052 -1.31
2.458 29.936 -1.305
2.548 29.875 -1.302
2.64 29.849 -1.301
