-1.14037 -0.233286 0.00136569 0.00277112
-1.873 3.632 -1.605
-1.873 3.659 -1.616
-1.865 3.673 -1.619
-1.855 3.683 -1.621
-1.862 3.71 -1.633
-1.851 3.718 -1.633
-1.844 3.734 -1.638
-1.842 3.759 -1.647
-1.832 3.77 -1.65
-1.817 3.767 -1.646
-1.826 3.804 -1.661
-1.915 4.039 -1.579
-1.915 4.072 -1.59
-1.905 4.085 -1.593
-1.9 4.108 -1.6
-1.898 4.119 -1.603
-1.892 4.142 -1.61
-1.884 4.158 -1.615
-1.878 4.18 -1.621
-1.876 4.211 -1.632
-1.868 4.229 -1.637
-1.931 5.152 -1.581
-1.93 5.197 -1.594
-1.917 5.214 -1.598
-1.945 5.338 -1.637
-1.926 5.339 -1.635
-1.918 5.368 -1.643
-1.896 5.362 -1.639
-12.143 7.109 -1.6
-12.158 7.17 -1.606
-12.161 7.223 -1.61
-12.152 7.269 -1.612
-12.163 7.302 -1.615
-12.124 7.331 -1.613
-12.162 7.406 -1.622
-12.173 7.465 -1.627
-12.19 7.528 -1.633
-12.176 7.573 -1.635
-12.164 7.618 -1.636
-12.172 7.65 -1.639
-12.166 7.7 -1.642
-12.149 7.743 -1.643
-12.143 7.792 -1.646
-12.13 7.838 -1.648
-12.118 7.885 -1.65
-12.105 7.931 -1.652
-12.296 12.512 -1.523
-12.297 12.553 -1.526
-12.295 12.63 -1.531
-12.333 12.748 -1.542
-12.323 12.818 -1.546
-12.225 12.797 -1.538
-12.326 12.984 -1.558
-12.314 13.053 -1.562
-12.345 13.127 -1.57
-12.32 13.183 -1.572
-12.299 13.244 -1.575
-25.14 9.284 -1.142
-25.41 9.475 -1.158
-25.655 9.658 -1.173
-25.871 9.832 -1.186
-26.001 9.928 -1.194
-26.009 10.024 -1.196
