-12.7199 0.168078 -0.0149469 0.000338888
-1.89 3.582 -1.59
-1.883 3.596 -1.594
-1.885 3.626 -1.605
-1.872 3.63 -1.605
-1.875 3.65 -1.612
-1.869 3.667 -1.618
-1.858 3.673 -1.618
-1.859 3.705 -1.63
-1.852 3.719 -1.634
-1.839 3.724 -1.633
-1.837 3.749 -1.643
-1.831 3.752 -1.643
-1.827 3.775 -1.651
-1.818 3.785 -1.653
-1.815 3.811 -1.662
-1.798 3.805 -1.657
-1.792 3.824 -1.663
-1.916 4.057 -1.585
-1.91 4.078 -1.591
-1.903 4.096 -1.596
-1.895 4.114 -1.601
-1.892 4.14 -1.61
-1.882 4.153 -1.613
-1.872 4.168 -1.616
-1.877 4.196 -1.627
-1.875 4.228 -1.637
-1.925 5.184 -1.59
-1.912 5.199 -1.593
-1.933 5.306 -1.626
-1.934 5.336 -1.635
-1.929 5.372 -1.645
-3.217 5.186 -1.535
-3.203 5.2 -1.536
-3.172 5.187 -1.529
-3.228 5.313 -1.566
-3.245 5.36 -1.579
-3.259 5.421 -1.596
-3.291 5.512 -1.621
-12.128 7.1 -1.598
-12.168 7.149 -1.606
-12.171 7.203 -1.61
-12.157 7.246 -1.611
-12.151 7.295 -1.613
-12.138 7.339 -1.615
-12.145 7.396 -1.619
-12.154 7.453 -1.624
-12.195 7.505 -1.632
-12.19 7.555 -1.635
-12.174 7.598 -1.636
-12.165 7.646 -1.638
-12.161 7.697 -1.641
-12.144 7.739 -1.642
-12.138 7.789 -1.645
-12.149 7.823 -1.649
-12.317 12.494 -1.523
-12.3 12.556 -1.526
-12.274 12.608 -1.528
-12.302 12.717 -1.538
-12.322 12.817 -1.546
-12.231 12.763 -1.536
-12.327 12.944 -1.556
-12.341 13.04 -1.563
-12.334 13.115 -1.568
-12.323 13.186 -1.573
-12.299 13.244 -1.575
-25.089 9.266 -1.139
-25.361 9.411 -1.155
-25.61 9.595 -1.17
-25.84 9.773 -1.184
-25.981 9.92 -1.193
-26.022 10.029 -1.197
