-12.1436 -0.0257735 0.0062302 -0.000403996
-1.879 3.615 -1.6
-1.876 3.637 -1.608
-1.877 3.653 -1.614
-1.868 3.666 -1.617
-1.861 3.68 -1.621
-1.86 3.707 -1.631
-1.844 3.703 -1.626
-1.838 3.722 -1.633
-1.839 3.738 -1.639
-1.832 3.754 -1.644
-1.833 3.786 -1.656
-1.909 4.075 -1.59
-1.904 4.098 -1.597
-1.898 4.121 -1.604
-1.886 4.128 -1.605
-1.884 4.158 -1.615
-1.883 4.175 -1.62
-1.876 4.193 -1.625
-1.873 4.223 -1.635
-1.87 4.253 -1.645
-1.928 5.143 -1.578
-1.924 5.181 -1.589
-1.912 5.199 -1.593
-1.944 5.31 -1.629
-1.935 5.338 -1.636
-1.927 5.369 -1.644
-3.21 5.175 -1.532
-3.204 5.201 -1.537
-3.17 5.183 -1.528
-3.229 5.315 -1.567
-3.263 5.389 -1.589
-3.252 5.409 -1.592
-3.298 5.524 -1.625
-12.134 7.104 -1.599
-12.16 7.171 -1.606
-12.169 7.202 -1.609
-12.165 7.251 -1.612
-12.158 7.299 -1.614
-12.136 7.338 -1.615
-12.154 7.401 -1.621
-12.159 7.457 -1.625
-12.191 7.529 -1.633
-12.186 7.553 -1.634
-12.176 7.599 -1.636
-12.159 7.642 -1.637
-12.168 7.701 -1.642
-12.154 7.746 -1.644
-12.134 7.787 -1.645
-12.146 7.821 -1.648
-12.131 7.866 -1.65
-12.118 7.912 -1.652
-12.313 12.49 -1.522
-12.315 12.571 -1.528
-12.27 12.604 -1.528
-12.305 12.72 -1.538
-12.325 12.82 -1.547
-12.224 12.756 -1.535
-12.333 12.95 -1.556
-12.337 13.036 -1.563
-12.333 13.114 -1.568
-12.327 13.19 -1.573
-12.297 13.241 -1.575
-24.898 9.107 -1.128
-25.115 9.275 -1.141
-25.358 9.455 -1.155
-25.631 9.603 -1.171
-25.86 9.781 -1.185
-25.986 9.922 -1.193
-26.016 10.027 -1.196
