1.6074 -2.22731 0.476789 -0.0344435
-1.875 3.607 -1.596
-1.881 3.632 -1.607
-1.874 3.648 -1.612
-1.868 3.664 -1.616
-1.863 3.683 -1.623
-1.86 3.707 -1.631
-1.846 3.708 -1.629
-1.843 3.732 -1.637
-1.843 3.746 -1.643
-1.831 3.752 -1.643
-1.828 3.776 -1.651
-1.818 3.785 -1.653
-1.9 4.091 -1.594
-1.897 4.117 -1.603
-1.889 4.134 -1.607
-1.882 4.153 -1.613
-1.876 4.176 -1.62
-1.876 4.193 -1.625
-1.871 4.219 -1.634
-1.869 4.251 -1.645
-1.944 5.09 -1.565
-1.94 5.128 -1.575
-1.929 5.146 -1.58
-1.924 5.183 -1.59
-1.909 5.191 -1.59
-1.94 5.299 -1.625
-1.935 5.338 -1.636
-1.927 5.367 -1.643
-3.211 5.176 -1.532
-3.201 5.196 -1.535
-3.165 5.175 -1.525
-3.222 5.303 -1.563
-3.256 5.378 -1.585
-3.25 5.406 -1.591
-3.293 5.515 -1.622
-12.121 7.096 -1.597
-12.164 7.147 -1.605
-12.164 7.199 -1.609
-12.16 7.248 -1.611
-12.137 7.286 -1.611
-12.135 7.337 -1.614
-12.14 7.392 -1.619
-12.156 7.454 -1.624
-12.195 7.505 -1.632
-12.193 7.557 -1.635
-12.176 7.599 -1.636
-12.165 7.646 -1.638
-12.15 7.689 -1.64
-12.144 7.739 -1.642
-12.144 7.794 -1.646
-12.152 7.826 -1.649
-12.311 12.489 -1.522
-12.304 12.56 -1.527
-12.271 12.606 -1.528
-12.3 12.714 -1.537
-12.326 12.821 -1.547
-12.218 12.749 -1.534
-12.338 12.956 -1.557
-12.339 13.038 -1.563
-12.318 13.098 -1.566
-12.316 13.179 -1.572
-12.309 13.254 -1.576
-24.908 9.11 -1.128
-25.091 9.266 -1.14
-25.355 9.409 -1.154
-25.612 9.596 -1.17
-25.857 9.78 -1.185
-25.971 9.916 -1.192
-26.016 10.027 -1.196
