-4.47674 1.21569 -0.154555 0.00289229
-1.864 3.657 -1.613
-1.869 3.682 -1.623
-1.863 3.697 -1.628
-1.853 3.708 -1.63
-1.846 3.722 -1.634
-1.845 3.751 -1.645
-1.826 3.742 -1.638
-1.823 3.766 -1.647
-1.824 3.782 -1.653
-1.818 3.801 -1.659
-1.811 3.817 -1.664
-1.8 3.826 -1.665
-1.897 4.084 -1.591
-1.908 4.125 -1.607
-1.896 4.132 -1.608
-1.884 4.142 -1.609
-1.882 4.171 -1.619
-1.874 4.189 -1.624
-1.874 4.224 -1.636
-1.87 4.253 -1.645
-1.926 5.164 -1.584
-1.917 5.188 -1.59
-1.932 5.278 -1.618
-1.931 5.327 -1.632
-1.924 5.36 -1.641
-1.908 5.369 -1.642
-12.137 7.08 -1.598
-12.159 7.144 -1.604
-12.164 7.199 -1.609
-12.158 7.247 -1.611
-12.149 7.267 -1.611
-12.158 7.325 -1.616
-12.137 7.364 -1.616
-12.159 7.43 -1.623
-12.171 7.49 -1.629
-12.185 7.552 -1.634
-12.176 7.599 -1.636
-12.181 7.629 -1.639
-12.163 7.671 -1.64
-12.161 7.723 -1.643
-12.152 7.771 -1.646
-12.141 7.818 -1.648
-12.131 7.866 -1.65
-12.329 12.507 -1.525
-12.321 12.538 -1.526
-12.284 12.579 -1.527
-12.303 12.678 -1.535
-12.338 12.793 -1.546
-12.242 12.775 -1.538
-12.307 12.922 -1.553
-12.322 13.02 -1.561
-12.333 13.073 -1.565
-12.329 13.151 -1.57
-12.323 13.227 -1.575
-24.83 9.038 -1.123
-25.029 9.199 -1.135
-25.262 9.375 -1.149
-25.53 9.565 -1.165
-25.793 9.71 -1.18
-25.929 9.854 -1.189
-26.023 9.983 -1.196
