-8.43534 3.92733 -0.681099 0.0273818
-1.875 3.65 -1.612
-1.868 3.664 -1.616
-1.866 3.675 -1.62
-1.863 3.697 -1.628
-1.859 3.72 -1.636
-1.843 3.716 -1.631
-1.843 3.746 -1.643
-1.83 3.75 -1.642
-1.83 3.78 -1.653
-1.824 3.782 -1.653
-1.823 3.811 -1.664
-1.803 3.8 -1.656
-1.798 3.821 -1.663
-1.786 3.827 -1.663
-1.773 3.831 -1.662
-1.764 3.843 -1.665
-1.909 4.077 -1.591
-1.905 4.083 -1.592
-1.898 4.102 -1.598
-1.898 4.137 -1.61
-1.887 4.148 -1.612
-1.88 4.166 -1.617
-1.877 4.196 -1.627
-1.867 4.209 -1.63
-1.874 4.243 -1.642
-1.932 5.131 -1.575
-1.932 5.18 -1.59
-1.917 5.189 -1.591
-1.926 5.263 -1.613
-1.933 5.332 -1.634
-1.929 5.348 -1.638
-12.132 7.077 -1.597
-12.163 7.146 -1.605
-12.161 7.197 -1.608
-12.163 7.25 -1.612
-12.13 7.282 -1.61
-12.165 7.329 -1.617
-12.153 7.374 -1.619
-12.166 7.434 -1.624
-12.2 7.508 -1.633
-12.186 7.553 -1.634
-12.176 7.599 -1.636
-12.16 7.643 -1.638
-12.167 7.674 -1.64
-12.154 7.719 -1.642
-12.155 7.773 -1.646
-12.152 7.826 -1.649
-12.134 7.868 -1.65
-12.114 7.909 -1.651
-12.101 7.955 -1.653
-12.312 12.529 -1.525
-12.287 12.582 -1.527
-12.293 12.668 -1.534
-12.338 12.793 -1.546
-12.252 12.785 -1.539
-12.315 12.931 -1.554
-12.321 13.019 -1.56
-12.337 13.077 -1.566
-12.336 13.158 -1.571
-12.319 13.223 -1.575
-12.278 13.263 -1.575
-24.871 9.053 -1.125
-25.049 9.206 -1.136
-25.303 9.39 -1.152
-25.554 9.574 -1.167
-25.804 9.76 -1.182
-25.943 9.906 -1.191
-26.038 9.989 -1.197
