-4.48202 2.10243 -0.532815 0.0428534
-1.852 3.676 -1.618
-1.857 3.715 -1.633
-1.85 3.731 -1.638
-1.841 3.741 -1.64
-1.835 3.76 -1.647
-1.839 3.783 -1.656
-1.821 3.776 -1.65
-1.823 3.811 -1.664
-1.803 3.8 -1.656
-1.792 3.808 -1.657
-1.785 3.825 -1.662
-1.774 3.832 -1.663
-1.76 3.818 -1.655
-1.761 3.851 -1.668
-1.753 3.866 -1.672
-1.908 4.073 -1.589
-1.905 4.083 -1.592
-1.898 4.102 -1.598
-1.891 4.122 -1.603
-1.888 4.15 -1.613
-1.88 4.166 -1.617
-1.871 4.182 -1.621
-1.874 4.224 -1.636
-1.873 4.241 -1.642
-1.927 5.165 -1.585
-1.918 5.191 -1.591
-1.927 5.265 -1.614
-1.929 5.321 -1.63
-1.925 5.362 -1.642
-12.162 6.993 -1.595
-12.157 7.041 -1.598
-12.142 7.083 -1.599
-12.152 7.14 -1.603
-12.167 7.175 -1.607
-12.163 7.224 -1.61
-12.145 7.265 -1.611
-12.156 7.324 -1.616
-12.137 7.364 -1.616
-12.149 7.424 -1.622
-12.173 7.491 -1.629
-12.195 7.531 -1.634
-12.179 7.575 -1.635
-12.169 7.622 -1.637
-12.158 7.668 -1.639
-12.153 7.718 -1.642
-12.143 7.766 -1.644
-12.142 7.819 -1.648
-12.132 7.839 -1.648
-12.359 12.419 -1.521
-12.342 12.48 -1.524
-12.317 12.533 -1.526
-12.279 12.573 -1.526
-12.286 12.66 -1.533
-12.318 12.773 -1.543
-12.248 12.78 -1.539
-12.324 12.9 -1.552
-12.347 13.005 -1.561
-12.321 13.06 -1.563
-12.321 13.142 -1.569
-12.311 13.214 -1.574
-24.985 9.183 -1.133
-25.217 9.358 -1.147
-25.505 9.51 -1.163
-25.735 9.688 -1.177
-25.908 9.846 -1.188
-26.03 9.986 -1.196
