-8.58197 3.95396 -0.676399 0.026927
-1.911 4.063 -1.586
-1.904 4.081 -1.591
-1.899 4.104 -1.598
-1.89 4.12 -1.603
-1.89 4.154 -1.614
-1.877 4.161 -1.615
-1.869 4.177 -1.619
-1.875 4.209 -1.631
-1.868 4.229 -1.637
-1.917 5.188 -1.59
-1.928 5.269 -1.615
-1.937 5.318 -1.63
-1.929 5.348 -1.638
-1.914 5.359 -1.64
-1.899 5.369 -1.641
-1.887 5.389 -1.646
-12.137 7.08 -1.598
-12.149 7.138 -1.603
-12.154 7.193 -1.607
-12.166 7.226 -1.611
-12.15 7.268 -1.612
-12.158 7.325 -1.616
-12.131 7.361 -1.616
-12.145 7.422 -1.621
-12.176 7.493 -1.629
-12.195 7.531 -1.634
-12.184 7.578 -1.636
-12.167 7.62 -1.637
-12.162 7.67 -1.64
-12.146 7.714 -1.641
-12.142 7.765 -1.644
-12.139 7.817 -1.647
-12.14 7.845 -1.649
-12.127 7.89 -1.651
-12.307 12.523 -1.524
-12.287 12.582 -1.527
-12.283 12.658 -1.532
-12.323 12.778 -1.543
-12.26 12.793 -1.54
-12.312 12.887 -1.55
-12.338 12.997 -1.56
-12.324 13.063 -1.564
-12.318 13.139 -1.569
-12.306 13.21 -1.573
-12.276 13.26 -1.575
-24.815 9.032 -1.122
-24.993 9.186 -1.133
-25.228 9.362 -1.148
-25.507 9.511 -1.163
-25.747 9.692 -1.178
-25.92 9.85 -1.189
-26.021 9.982 -1.196
