-3.67998 0.646061 -0.0227828 -0.00695904
-1.877 3.597 -1.593
-1.881 3.632 -1.607
-1.873 3.647 -1.611
-1.864 3.656 -1.612
-1.863 3.683 -1.623
-1.859 3.689 -1.624
-1.849 3.698 -1.626
-1.844 3.719 -1.633
-1.845 3.75 -1.644
-1.871 4.182 -1.621
-1.877 4.231 -1.639
-1.866 4.242 -1.641
-1.86 4.247 -1.642
-1.847 4.254 -1.642
-1.834 4.262 -1.643
-1.822 4.271 -1.645
-1.81 4.28 -1.646
-1.8 4.293 -1.649
-1.787 4.3 -1.65
-1.785 4.315 -1.654
-1.791 4.368 -1.674
-1.934 5.134 -1.577
-1.928 5.169 -1.586
-1.917 5.188 -1.59
-1.926 5.263 -1.613
-1.93 5.323 -1.631
-1.927 5.367 -1.643
-12.132 7.077 -1.597
-12.166 7.148 -1.605
-12.159 7.196 -1.608
-12.153 7.244 -1.61
-12.137 7.286 -1.611
-12.161 7.327 -1.617
-12.142 7.367 -1.617
-12.156 7.428 -1.623
-12.183 7.498 -1.63
-12.186 7.553 -1.634
-12.171 7.596 -1.636
-12.162 7.644 -1.638
-12.165 7.672 -1.64
-12.154 7.719 -1.642
-12.143 7.766 -1.644
-12.141 7.818 -1.648
-12.118 7.857 -1.648
-12.113 7.908 -1.651
-12.317 12.494 -1.523
-12.318 12.535 -1.526
-12.283 12.578 -1.527
-12.303 12.678 -1.535
-12.332 12.788 -1.545
-12.235 12.768 -1.537
-12.307 12.922 -1.553
-12.325 13.023 -1.561
-12.336 13.076 -1.565
-12.325 13.146 -1.57
-12.316 13.22 -1.574
-24.838 9.04 -1.124
-25.04 9.203 -1.136
-25.279 9.381 -1.15
-25.539 9.568 -1.166
-25.787 9.754 -1.181
-25.934 9.902 -1.19
-26.027 9.984 -1.196
