3.13166 -3.24155 0.700927 -0.0508748
-1.872 3.645 -1.61
-1.871 3.671 -1.619
-1.863 3.683 -1.623
-1.858 3.704 -1.63
-1.857 3.715 -1.633
-1.847 3.724 -1.635
-1.844 3.748 -1.644
-1.832 3.754 -1.644
-1.828 3.776 -1.651
-1.817 3.784 -1.652
-1.814 3.808 -1.661
-1.91 4.043 -1.579
-1.909 4.077 -1.591
-1.9 4.089 -1.593
-1.891 4.105 -1.598
-1.889 4.134 -1.607
-1.887 4.148 -1.612
-1.883 4.173 -1.62
-1.879 4.201 -1.629
-1.872 4.221 -1.635
-1.863 4.237 -1.639
-1.917 5.189 -1.591
-1.933 5.281 -1.619
-1.933 5.332 -1.634
-1.92 5.349 -1.637
-1.907 5.366 -1.641
-12.13 7.076 -1.597
-12.163 7.146 -1.605
-12.159 7.196 -1.608
-12.157 7.246 -1.611
-12.134 7.284 -1.611
-12.145 7.343 -1.616
-12.155 7.375 -1.619
-12.167 7.435 -1.624
-12.181 7.497 -1.63
-12.181 7.549 -1.634
-12.172 7.597 -1.636
-12.164 7.645 -1.638
-12.153 7.692 -1.64
-12.156 7.72 -1.642
-12.147 7.768 -1.645
-12.152 7.826 -1.649
-12.134 7.868 -1.65
-12.324 12.501 -1.524
-12.298 12.554 -1.526
-12.278 12.613 -1.529
-12.311 12.686 -1.536
-12.338 12.793 -1.546
-12.223 12.755 -1.535
-12.322 12.938 -1.555
-12.319 13.017 -1.56
-12.326 13.107 -1.567
-12.31 13.171 -1.571
-12.32 13.224 -1.575
-24.896 9.062 -1.127
-25.053 9.208 -1.137
-25.32 9.396 -1.153
-25.567 9.579 -1.167
-25.817 9.765 -1.182
-25.966 9.914 -1.192
-26.037 10.035 -1.198
