-2.03778 0.213348 -0.0654834 0.00554692
-1.871 3.642 -1.609
-1.873 3.659 -1.616
-1.864 3.672 -1.619
-1.855 3.683 -1.621
-1.851 3.703 -1.628
-1.848 3.727 -1.637
-1.845 3.751 -1.645
-1.826 3.742 -1.638
-1.832 3.768 -1.649
-1.822 3.779 -1.651
-1.818 3.801 -1.659
-1.901 4.074 -1.588
-1.9 4.108 -1.6
-1.888 4.115 -1.601
-1.884 4.14 -1.608
-1.884 4.177 -1.621
-1.872 4.184 -1.622
-1.872 4.203 -1.628
-1.872 4.239 -1.641
-1.915 5.182 -1.588
-1.927 5.265 -1.614
-1.939 5.324 -1.632
-1.932 5.355 -1.64
-12.14 7.082 -1.598
-12.157 7.143 -1.604
-12.161 7.197 -1.608
-12.166 7.226 -1.611
-12.147 7.266 -1.611
-12.161 7.327 -1.617
-12.137 7.364 -1.616
-12.149 7.424 -1.622
-12.174 7.492 -1.629
-12.185 7.552 -1.634
-12.184 7.578 -1.636
-12.166 7.619 -1.637
-12.157 7.667 -1.639
-12.161 7.723 -1.643
-12.153 7.772 -1.646
-12.144 7.82 -1.648
-12.126 7.863 -1.649
-12.122 7.887 -1.65
-12.305 12.522 -1.524
-12.286 12.581 -1.527
-12.295 12.669 -1.534
-12.339 12.795 -1.546
-12.245 12.778 -1.538
-12.308 12.883 -1.55
-12.338 12.997 -1.56
-12.326 13.066 -1.564
-12.327 13.149 -1.57
-12.321 13.226 -1.575
-25.025 9.198 -1.135
-25.256 9.372 -1.149
-25.513 9.559 -1.164
-25.778 9.704 -1.18
-25.933 9.855 -1.189
-26.03 9.986 -1.196
