-5.22841 2.62467 -0.542683 0.0229901
-1.901 4.074 -1.588
-1.899 4.104 -1.598
-1.892 4.124 -1.604
-1.89 4.137 -1.608
-1.886 4.163 -1.617
-1.879 4.183 -1.623
-1.87 4.197 -1.626
-1.873 4.241 -1.642
-1.936 5.141 -1.579
-1.923 5.155 -1.581
-1.927 5.19 -1.592
-1.919 5.217 -1.599
-1.949 5.351 -1.641
-12.146 7.111 -1.601
-12.156 7.169 -1.606
-12.158 7.221 -1.609
-12.15 7.268 -1.612
-12.156 7.298 -1.614
-12.131 7.335 -1.614
-12.157 7.403 -1.621
-12.178 7.468 -1.628
-12.183 7.524 -1.632
-12.181 7.576 -1.635
-12.172 7.624 -1.638
-12.169 7.648 -1.639
-12.153 7.692 -1.64
-12.147 7.741 -1.643
-12.146 7.795 -1.647
-12.142 7.846 -1.65
-12.123 7.888 -1.651
-12.102 7.928 -1.651
-12.297 12.514 -1.523
-12.29 12.585 -1.528
-12.284 12.618 -1.53
-12.338 12.754 -1.543
-12.32 12.816 -1.546
-12.243 12.815 -1.541
-12.327 12.985 -1.558
-12.329 13.069 -1.565
-12.317 13.138 -1.569
-12.331 13.195 -1.574
-12.297 13.241 -1.575
-24.938 9.121 -1.13
-25.158 9.291 -1.143
-25.402 9.472 -1.158
-25.666 9.662 -1.173
-25.89 9.839 -1.187
-26.022 9.936 -1.195
-26.03 10.032 -1.197
