-0.662339 -0.77568 0.167684 -0.0125312
-1.854 3.679 -1.619
-1.859 3.705 -1.63
-1.849 3.714 -1.632
-1.848 3.742 -1.642
-1.836 3.748 -1.642
-1.826 3.757 -1.644
-1.825 3.784 -1.654
-1.816 3.796 -1.657
-1.814 3.808 -1.661
-1.803 3.815 -1.661
-1.794 3.829 -1.665
-1.779 3.828 -1.662
-1.769 3.837 -1.664
-1.764 3.859 -1.672
-1.747 3.853 -1.666
-1.742 3.857 -1.667
-1.732 3.87 -1.67
-1.916 4.04 -1.579
-1.91 4.062 -1.586
-1.905 4.085 -1.593
-1.898 4.102 -1.598
-1.893 4.125 -1.605
-1.89 4.137 -1.608
-1.886 4.163 -1.617
-1.881 4.186 -1.624
-1.871 4.201 -1.628
-1.866 4.224 -1.635
-1.93 5.15 -1.581
-1.931 5.201 -1.596
-1.916 5.21 -1.597
-1.941 5.329 -1.634
-12.158 7.016 -1.596
-12.167 7.072 -1.601
-12.15 7.113 -1.601
-12.163 7.173 -1.607
-12.159 7.222 -1.61
-12.149 7.267 -1.611
-12.151 7.321 -1.615
-12.136 7.338 -1.615
-12.161 7.405 -1.622
-12.168 7.462 -1.626
-12.179 7.522 -1.632
-12.176 7.573 -1.635
-12.169 7.622 -1.637
-12.162 7.67 -1.64
-12.156 7.694 -1.641
-12.152 7.745 -1.644
-12.149 7.797 -1.647
-12.142 7.846 -1.65
-12.289 12.505 -1.522
-12.298 12.554 -1.526
-12.282 12.617 -1.529
-12.333 12.748 -1.542
-12.327 12.823 -1.547
-12.233 12.805 -1.539
-12.318 12.975 -1.557
-12.319 13.058 -1.563
-12.334 13.115 -1.568
-12.327 13.19 -1.573
-12.306 13.251 -1.576
-21.048 0.775999 -1.351
-21.075 0.842999 -1.353
-21.137 0.878999 -1.358
-21.127 0.944999 -1.357
-21.191 1.014 -1.362
-21.158 1.079 -1.36
-21.226 1.15 -1.365
-21.304 1.221 -1.371
-21.33 1.29 -1.373
-21.28 1.354 -1.37
-21.242 1.385 -1.367
-21.264 1.453 -1.369
-21.269 1.521 -1.37
-21.238 1.586 -1.368
-21.235 1.653 -1.368
-21.262 1.722 -1.37
-21.31 1.793 -1.374
-21.345 1.83 -1.377
-21.42 1.904 -1.383
-21.645 1.992 -1.4
-21.736 2.069 -1.408
-21.757 2.14 -1.41
-21.764 2.21 -1.411
-21.776 2.246 -1.412
-24.94 9.122 -1.13
-25.172 9.296 -1.144
-25.431 9.482 -1.159
-25.664 9.661 -1.173
-25.892 9.839 -1.187
-25.982 9.967 -1.194
-25.996 10.019 -1.195
