-25.4561 16.6032 -3.84521 0.292544
-1.908 4.057 -1.584
-1.905 4.085 -1.593
-1.893 4.092 -1.593
-1.891 4.122 -1.603
-1.889 4.152 -1.613
-1.88 4.168 -1.618
-1.879 4.183 -1.623
-1.874 4.206 -1.63
-1.874 4.243 -1.642
-1.917 5.188 -1.59
-1.916 5.235 -1.604
-1.949 5.351 -1.641
-1.928 5.344 -1.637
-1.914 5.359 -1.64
-1.901 5.374 -1.643
-1.882 5.375 -1.641
-1.867 5.388 -1.643
-1.86 5.393 -1.644
-12.14 7.082 -1.598
-12.153 7.115 -1.602
-12.158 7.17 -1.606
-12.17 7.228 -1.611
-12.154 7.27 -1.612
-12.158 7.325 -1.616
-12.125 7.357 -1.615
-12.147 7.423 -1.621
-12.183 7.471 -1.629
-12.201 7.536 -1.635
-12.173 7.571 -1.634
-12.169 7.622 -1.637
-12.158 7.668 -1.639
-12.153 7.718 -1.642
-12.142 7.765 -1.644
-12.156 7.801 -1.648
-12.145 7.848 -1.65
-12.299 12.515 -1.523
-12.288 12.583 -1.527
-12.283 12.658 -1.532
-12.32 12.775 -1.543
-12.294 12.788 -1.542
-12.28 12.854 -1.546
-12.334 12.992 -1.559
-12.322 13.061 -1.564
-12.322 13.143 -1.569
-12.319 13.223 -1.575
-24.97 9.178 -1.132
-25.215 9.312 -1.146
-25.472 9.498 -1.161
-25.709 9.678 -1.176
-25.895 9.841 -1.187
-26.008 9.977 -1.195
