3.9774 -3.83785 0.83934 -0.0614005
-1.877 3.626 -1.604
-1.879 3.644 -1.611
-1.868 3.651 -1.612
-1.866 3.675 -1.62
-1.853 3.678 -1.619
-1.848 3.697 -1.625
-1.844 3.719 -1.633
-1.851 3.748 -1.645
-1.834 3.743 -1.64
-1.828 3.76 -1.645
-1.827 3.789 -1.656
-1.901 4.074 -1.588
-1.899 4.104 -1.598
-1.892 4.124 -1.604
-1.883 4.138 -1.608
-1.886 4.163 -1.617
-1.878 4.181 -1.622
-1.873 4.204 -1.629
-1.871 4.238 -1.64
-1.941 5.107 -1.57
-1.932 5.131 -1.575
-1.922 5.151 -1.58
-1.919 5.195 -1.593
-1.92 5.221 -1.6
-1.943 5.334 -1.636
-1.927 5.342 -1.636
-1.917 5.366 -1.642
-12.159 7.042 -1.598
-12.152 7.089 -1.6
-12.156 7.142 -1.604
-12.163 7.173 -1.607
-12.166 7.226 -1.611
-12.149 7.267 -1.611
-12.163 7.328 -1.617
-12.13 7.36 -1.615
-12.154 7.427 -1.622
-12.174 7.492 -1.629
-12.196 7.532 -1.634
-12.179 7.575 -1.635
-12.172 7.624 -1.638
-12.163 7.671 -1.64
-12.151 7.717 -1.642
-12.143 7.766 -1.644
-12.134 7.814 -1.647
-12.143 7.847 -1.65
-12.304 12.521 -1.524
-12.29 12.585 -1.528
-12.281 12.655 -1.532
-12.324 12.779 -1.544
-12.305 12.8 -1.544
-12.27 12.844 -1.545
-12.341 12.999 -1.56
-12.325 13.064 -1.564
-12.315 13.136 -1.568
-12.317 13.221 -1.575
-24.809 9.03 -1.122
-24.997 9.187 -1.134
-25.226 9.361 -1.148
-25.509 9.512 -1.163
-25.75 9.694 -1.178
-25.921 9.851 -1.189
-26.004 9.976 -1.195
