-2.11876 0.33685 -0.106346 0.00934438
-1.882 3.621 -1.603
-1.877 3.64 -1.609
-1.868 3.649 -1.611
-1.868 3.666 -1.617
-1.864 3.686 -1.624
-1.863 3.714 -1.634
-1.85 3.716 -1.633
-1.847 3.74 -1.641
-1.841 3.758 -1.647
-1.819 3.742 -1.637
-1.834 3.788 -1.657
-1.902 4.094 -1.596
-1.898 4.119 -1.603
-1.889 4.135 -1.608
-1.884 4.158 -1.615
-1.878 4.18 -1.621
-1.877 4.196 -1.627
-1.875 4.228 -1.637
-1.871 4.254 -1.646
-1.926 5.188 -1.591
-1.914 5.205 -1.595
-1.947 5.319 -1.632
-1.932 5.33 -1.633
-1.925 5.363 -1.642
-3.214 5.181 -1.534
-3.201 5.196 -1.535
-3.177 5.193 -1.531
-3.23 5.317 -1.567
-3.223 5.343 -1.573
-3.264 5.429 -1.598
-3.281 5.496 -1.616
-12.162 7.018 -1.597
-12.167 7.072 -1.601
-12.146 7.111 -1.601
-12.162 7.172 -1.606
-12.163 7.224 -1.61
-12.152 7.269 -1.612
-12.169 7.306 -1.616
-12.135 7.337 -1.614
-12.154 7.401 -1.621
-12.168 7.462 -1.626
-12.186 7.526 -1.633
-12.186 7.579 -1.636
-12.166 7.619 -1.637
-12.162 7.644 -1.638
-12.165 7.699 -1.642
-12.162 7.751 -1.645
-12.148 7.796 -1.647
-12.143 7.847 -1.65
-12.311 12.489 -1.522
-12.307 12.563 -1.527
-12.285 12.62 -1.53
-12.327 12.743 -1.541
-12.336 12.831 -1.548
-12.22 12.791 -1.537
-12.34 12.957 -1.557
-12.33 13.029 -1.562
-12.328 13.108 -1.567
-12.33 13.193 -1.574
-12.306 13.251 -1.576
-25.177 9.298 -1.144
-25.44 9.486 -1.16
-25.67 9.663 -1.174
-25.897 9.842 -1.188
-25.989 9.97 -1.194
-26.003 10.022 -1.196
