-12.8616 0.217539 -0.0205302 0.000540409
-1.873 3.632 -1.605
-1.87 3.654 -1.613
-1.864 3.67 -1.618
-1.853 3.678 -1.619
-1.855 3.697 -1.626
-1.853 3.723 -1.636
-1.847 3.74 -1.641
-1.837 3.749 -1.643
-1.831 3.767 -1.648
-1.818 3.771 -1.647
-1.815 3.795 -1.656
-1.814 3.808 -1.661
-1.914 4.035 -1.577
-1.912 4.065 -1.587
-1.903 4.08 -1.591
-1.896 4.099 -1.596
-1.887 4.114 -1.6
-1.894 4.145 -1.612
-1.881 4.151 -1.612
-1.88 4.185 -1.623
-1.873 4.204 -1.629
-1.868 4.229 -1.637
-1.93 5.15 -1.581
-1.925 5.184 -1.59
-1.916 5.21 -1.597
-1.943 5.334 -1.636
-12.157 7.066 -1.599
-12.146 7.111 -1.601
-12.165 7.174 -1.607
-12.156 7.22 -1.609
-12.147 7.266 -1.611
-12.151 7.321 -1.615
-12.126 7.332 -1.613
-12.164 7.407 -1.622
-12.166 7.461 -1.626
-12.186 7.526 -1.633
-12.179 7.575 -1.635
-12.166 7.619 -1.637
-12.155 7.666 -1.639
-12.161 7.697 -1.641
-12.149 7.743 -1.643
-12.149 7.797 -1.647
-12.14 7.845 -1.649
-12.282 12.498 -1.521
-12.279 12.573 -1.526
-12.287 12.621 -1.53
-12.332 12.747 -1.542
-12.311 12.806 -1.545
-12.239 12.811 -1.54
-12.327 12.985 -1.558
-12.322 13.061 -1.564
-12.322 13.143 -1.569
-12.327 13.19 -1.573
-21.073 0.842999 -1.353
-21.118 0.910999 -1.356
-21.123 0.977999 -1.357
-21.167 1.013 -1.36
-21.15 1.079 -1.359
-21.222 1.15 -1.365
-21.306 1.221 -1.371
-21.312 1.289 -1.372
-21.266 1.353 -1.369
-21.23 1.418 -1.366
-21.26 1.453 -1.369
-21.255 1.52 -1.369
-21.22 1.585 -1.367
-21.221 1.652 -1.367
-21.26 1.722 -1.37
-21.306 1.793 -1.374
-21.327 1.828 -1.376
-21.42 1.904 -1.383
-21.643 1.992 -1.4
-21.724 2.068 -1.407
-21.743 2.139 -1.409
-21.758 2.209 -1.41
-21.757 2.278 -1.411
-21.779 2.315 -1.413
-21.775 2.384 -1.413
-25.177 9.298 -1.144
-25.434 9.484 -1.159
-25.685 9.669 -1.174
-25.884 9.837 -1.187
-25.999 9.974 -1.195
-26 10.021 -1.196
