1.65487 -2.19537 0.459891 -0.0327134
-1.872 3.643 -1.609
-1.867 3.662 -1.616
-1.862 3.681 -1.622
-1.854 3.681 -1.62
-1.854 3.71 -1.631
-1.846 3.722 -1.634
-1.842 3.745 -1.642
-1.829 3.747 -1.64
-1.833 3.786 -1.656
-1.815 3.779 -1.65
-1.821 3.808 -1.662
-1.802 3.799 -1.655
-1.793 3.811 -1.658
-1.786 3.827 -1.663
-1.905 4.066 -1.586
-1.904 4.098 -1.597
-1.895 4.112 -1.601
-1.891 4.122 -1.603
-1.89 4.154 -1.614
-1.883 4.173 -1.62
-1.874 4.189 -1.624
-1.876 4.229 -1.638
-1.928 5.169 -1.586
-1.919 5.193 -1.592
-1.929 5.271 -1.616
-1.93 5.323 -1.631
-1.925 5.362 -1.642
-12.122 7.071 -1.596
-12.161 7.145 -1.605
-12.162 7.198 -1.608
-12.157 7.246 -1.611
-12.132 7.283 -1.611
-12.146 7.344 -1.616
-12.148 7.371 -1.618
-12.161 7.431 -1.623
-12.186 7.5 -1.631
-12.188 7.554 -1.635
-12.172 7.597 -1.636
-12.159 7.642 -1.637
-12.167 7.674 -1.64
-12.159 7.722 -1.643
-12.142 7.765 -1.644
-12.151 7.824 -1.649
-12.134 7.868 -1.65
-12.336 12.436 -1.52
-12.324 12.501 -1.524
-12.293 12.548 -1.525
-12.286 12.581 -1.527
-12.313 12.688 -1.536
-12.335 12.791 -1.545
-12.23 12.762 -1.536
-12.322 12.938 -1.555
-12.324 13.022 -1.561
-12.319 13.099 -1.566
-12.33 13.152 -1.571
-12.316 13.22 -1.574
-24.873 9.053 -1.126
-25.04 9.203 -1.136
-25.294 9.386 -1.151
-25.569 9.58 -1.167
-25.806 9.761 -1.182
-25.936 9.903 -1.19
-26.051 9.994 -1.197
