-0.258954 -0.892864 0.164628 -0.0104745
-1.861 3.68 -1.621
-1.858 3.704 -1.63
-1.858 3.718 -1.635
-1.846 3.722 -1.634
-1.845 3.751 -1.645
-1.83 3.749 -1.641
-1.827 3.773 -1.65
-1.816 3.782 -1.651
-1.816 3.813 -1.663
-1.807 3.809 -1.66
-1.797 3.818 -1.661
-1.785 3.825 -1.662
-1.773 3.831 -1.662
-1.764 3.843 -1.665
-1.755 3.855 -1.668
-1.747 3.869 -1.672
-1.908 4.073 -1.589
-1.904 4.098 -1.597
-1.892 4.107 -1.598
-1.893 4.125 -1.605
-1.888 4.15 -1.613
-1.88 4.168 -1.618
-1.874 4.189 -1.624
-1.873 4.223 -1.635
-1.869 4.249 -1.644
-1.923 5.204 -1.596
-1.935 5.287 -1.621
-1.93 5.325 -1.632
-1.93 5.376 -1.646
-12.128 7.075 -1.597
-12.164 7.147 -1.605
-12.164 7.199 -1.609
-12.158 7.247 -1.611
-12.132 7.283 -1.611
-12.155 7.349 -1.617
-12.15 7.372 -1.618
-12.166 7.434 -1.624
-12.19 7.502 -1.631
-12.185 7.552 -1.634
-12.178 7.6 -1.637
-12.162 7.644 -1.638
-12.153 7.692 -1.64
-12.156 7.72 -1.642
-12.157 7.774 -1.646
-12.154 7.827 -1.65
-12.331 12.508 -1.525
-12.31 12.565 -1.528
-12.269 12.603 -1.527
-12.313 12.688 -1.536
-12.338 12.793 -1.546
-12.235 12.768 -1.537
-12.319 12.935 -1.554
-12.322 13.02 -1.561
-12.322 13.102 -1.566
-12.349 13.172 -1.573
-12.32 13.224 -1.575
-24.883 9.057 -1.126
-25.051 9.207 -1.137
-25.322 9.397 -1.153
-25.588 9.587 -1.168
-25.815 9.764 -1.182
-25.951 9.909 -1.191
-26.033 10.034 -1.197
